"ROC_observed_outcome","ROC_observed_corrected","sum_low_risk","sum_high_risk","sum_outcome_observed","sum_outcome_true","sum_high_risk_observed","sum_high_risk_true","sum_low_risk_observed","sum_low_risk_true"
0.679036618333743,0.726237419465301,1079,212,39,63,14,12,25,51
0.801381840625429,0.827793560702899,1070,221,23,53,12,9,11,44
0.758089620709429,0.798156815878893,1066,225,39,39,18,16,21,23
0.775654219347251,0.810902160453432,1080,211,38,64,21,19,17,45
0.73169756097561,0.782925310794226,1044,247,41,64,22,17,19,47
0.749179559306142,0.797097225848082,1074,217,27,51,13,13,14,38
0.740598911747168,0.794517705538913,1062,229,43,52,23,21,20,31
0.723572938689218,0.776525703542437,1066,225,44,64,18,12,26,52
0.772763091912028,0.809026336218667,1067,224,22,54,10,12,12,42
0.741416866506795,0.775526252705704,1068,223,40,51,17,14,23,37
0.803429663544336,0.838390890886156,1075,216,38,67,22,26,16,41
0.666584772333755,0.731454729758449,1067,224,34,65,13,15,21,50
0.755493630573248,0.797784743062011,1071,220,35,54,17,13,18,41
0.76147237642083,0.78777538114359,1071,220,30,56,11,13,19,43
0.763612217795485,0.802923241852514,1026,265,36,45,20,15,16,30
0.726592651334919,0.819890183774102,1076,215,30,56,15,14,15,42
0.736378089319266,0.787404600480355,1070,221,33,54,15,15,18,39
0.699448252079831,0.713627516428091,1061,230,37,57,12,15,25,42
0.756451216515114,0.813599752791203,1085,206,39,64,20,18,19,46
0.80231694828469,0.843421189073885,1054,237,31,56,21,16,10,40
0.735541463414634,0.78823666118549,1059,232,41,54,24,23,17,31
0.77661575918548,0.824899052104294,1078,213,36,73,18,24,18,49
0.663944598888006,0.705289044231779,1075,216,32,51,9,10,23,41
0.769486769886131,0.813141840542901,1077,214,39,57,22,18,17,39
0.754383247065685,0.787573212538666,1053,238,44,76,20,21,24,55
0.753952650118784,0.834166324708692,1080,211,39,67,22,19,17,48
0.751967320618613,0.785961820275425,1088,203,29,49,10,9,19,40
0.658225195013487,0.707666247072444,1063,228,44,40,15,10,29,30
0.757329776956358,0.795150628240587,1064,227,38,52,18,11,20,41
0.760002978554408,0.817238024094684,1091,200,32,41,16,8,16,33
0.740346380097933,0.784582072222185,1079,212,49,59,22,20,27,39
0.737173528109783,0.759563176503257,1083,208,36,55,16,12,20,43
0.724625215040551,0.786495997047537,1064,227,39,62,21,24,18,38
0.770929851654265,0.822612711734598,1027,264,34,59,20,17,14,42
0.744176921705012,0.778246382817664,1097,194,45,56,19,12,26,44
0.787435299263687,0.832475246809366,1065,226,44,57,28,18,16,39
0.745641838351823,0.803860527930122,1086,205,29,62,15,18,14,44
0.760714818127609,0.80508879591619,1057,234,43,59,24,28,19,31
0.794244767970883,0.810068037971675,1080,211,35,57,20,20,15,37
0.754282868525897,0.795048701407114,1043,248,36,54,17,19,19,35
0.76850376272687,0.794582492761566,1042,249,36,58,19,24,17,34
0.727358113509193,0.774808059812188,1050,241,40,58,19,16,21,42
0.726897409795272,0.769779055524071,1059,232,28,45,9,7,19,38
0.706832762265801,0.75451299154712,1066,225,44,53,17,17,27,36
0.741539952295766,0.785211808503026,1072,219,43,60,16,14,27,46
0.724745853397539,0.762596574257818,1066,225,45,75,23,21,22,54
0.734876222744412,0.784382699492892,1064,227,29,59,17,21,12,38
0.800353315550564,0.825576549442287,1063,228,34,58,16,14,18,44
0.726519724835041,0.771774015527953,1071,220,34,66,12,13,22,53
0.75281721604448,0.820337854561911,1070,221,32,62,19,20,13,42
0.722386604638435,0.779913417699673,1056,235,47,69,18,14,29,55
0.737629896083133,0.781595609742869,1053,238,40,52,17,15,23,37
0.755385652839542,0.798571258579623,1066,225,44,66,23,22,21,44
0.709442446043165,0.759579260351773,1068,223,40,54,21,17,19,37
0.739630367419212,0.786887944826353,1046,245,36,56,18,18,18,38
0.782104913678619,0.822663046936596,1080,211,36,48,16,9,20,39
0.741705273995039,0.774712932899275,1079,212,34,55,13,15,21,40
0.789975560792529,0.81854126570833,1053,238,18,43,11,8,7,35
0.721927124702145,0.779847939641395,1076,215,32,61,14,19,18,42
0.652731608613961,0.699799715873964,1062,229,33,52,12,11,21,41
0.776777689664288,0.832008070302214,1055,236,30,57,17,19,13,38
0.782868292682927,0.84143883906183,1106,185,41,64,23,19,18,45
0.701170731707317,0.751966028844352,1090,201,41,71,16,18,25,53
0.763306424026818,0.800917962845628,1063,228,47,67,22,18,25,49
0.649756374175663,0.698987820687411,1062,229,38,51,12,13,26,38
0.731895771369456,0.808486376225581,1062,229,37,58,19,12,18,46
0.725889444281094,0.748980347770575,1083,208,38,53,14,13,24,40
0.740027460615696,0.805215465985265,1073,218,33,49,17,12,16,37
0.814726840855107,0.845710668536478,1051,240,28,62,15,17,13,45
0.766949442430047,0.839477412575497,1067,224,47,62,27,21,20,41
0.753697042366107,0.803513589774864,1075,216,40,51,20,17,20,34
0.731673306772908,0.770851877591483,1045,246,36,63,15,15,21,48
0.734643902439024,0.770426071888258,1071,220,41,63,14,19,27,44
0.774659817476365,0.812278385761829,1069,222,29,55,12,14,17,41
0.729390354868062,0.779934498941514,1076,215,35,59,16,15,19,44
0.746165111199364,0.822917637326753,1064,227,32,56,20,17,12,39
0.739989820156091,0.783005875770661,1097,194,28,54,13,15,15,39
0.812939521800281,0.846011519317229,1059,232,27,53,16,15,11,38
0.739019787258378,0.779130222814858,1083,208,42,61,20,16,22,45
0.759062890641838,0.795994588183859,1068,223,37,61,13,13,24,48
0.741377696663391,0.785428089386178,1083,208,34,56,17,17,17,39
0.75369756097561,0.807031688643377,1061,230,41,62,17,18,24,44
0.741501976284585,0.782529488270107,1075,216,26,58,14,14,12,44
0.802502263028579,0.84454692381416,1057,234,37,65,25,22,12,43
0.799440778698114,0.843873110368403,1068,223,34,66,20,21,14,45
0.805649324861001,0.843804043937744,1064,227,32,48,19,16,13,32
0.707059533386967,0.74272510472847,1065,226,48,63,19,11,29,52
0.733491555148881,0.768547523637343,1070,221,42,67,16,16,26,51
0.784883720930233,0.819509551273963,1073,218,44,63,25,19,19,44
0.744755244755245,0.780979930036921,1072,219,26,53,13,18,13,35
0.746194055017584,0.815174232670469,1046,245,33,66,17,17,16,49
0.733391145155851,0.770749558460955,1049,242,33,51,13,13,20,38
0.750086210612526,0.794274219117369,1073,218,37,52,18,20,19,32
0.733187384552234,0.780256870886728,1049,242,47,65,21,19,26,46
0.767858915806195,0.82308889014475,1062,229,32,53,18,20,14,33
0.765496357601621,0.816834260714384,1053,238,37,65,19,20,18,45
0.767520684852953,0.81050670667276,1063,228,39,67,22,22,17,45
0.764562154449795,0.811997905593136,1072,219,45,63,21,19,24,44
0.655617678381257,0.701311077285721,1068,223,39,56,11,10,28,46
0.698578252957234,0.742802526512199,1040,251,35,62,15,14,20,48
0.733831341301461,0.765794924709128,1061,230,36,54,18,16,18,38
0.755937215650591,0.807732288020053,1063,228,35,50,17,12,18,38
0.739115910168542,0.782844040162786,1081,210,37,67,16,19,21,48
0.712023526750368,0.736706426549606,1068,223,28,71,10,20,18,51
0.84955039022735,0.869661840009374,1091,200,28,47,16,16,12,31
0.761155167856199,0.792673101180225,1076,215,30,58,12,13,18,45
0.685636170930289,0.723778239632818,1072,219,33,59,11,14,22,45
0.741215280309105,0.784178836641804,1074,217,44,56,16,14,28,42
0.74763169544046,0.794407366900498,1064,227,36,61,21,21,15,40
0.700940726767276,0.752230373647785,1092,199,32,50,10,9,22,41
0.822668334849863,0.847927169461871,1078,213,35,61,23,18,12,43
0.768957503320053,0.816990523979054,1066,225,36,57,19,18,17,39
0.766556723315444,0.794213082507869,1065,226,43,53,20,16,23,37
0.71977644975653,0.773858749841164,1062,229,36,63,18,19,18,44
0.700633648002069,0.733779169448788,1077,214,37,45,15,10,22,35
0.707496266319796,0.753644355152779,1076,215,33,56,14,16,19,40
0.761376669124273,0.807574326175625,1075,216,39,62,19,20,20,42
0.726229016786571,0.753912364658182,1070,221,40,53,16,15,24,38
0.675432163436354,0.706080103477063,1059,232,46,56,16,19,30,37
0.726835602976274,0.765051199125563,1058,233,34,49,16,13,18,36
0.739398967551622,0.780680167413528,1047,244,48,72,23,24,25,48
0.764497565294378,0.803184930579573,1071,220,36,58,16,16,20,42
0.790504408151467,0.828263024425003,1088,203,33,57,18,16,15,41
0.703137410643368,0.758558753948189,1080,211,32,53,13,16,19,37
0.697583947583948,0.74604743803678,1086,205,33,57,12,15,21,42
0.7043484490293,0.754056823039869,1077,214,22,52,9,10,13,42
0.759199048374306,0.793728597152572,1075,216,30,46,13,11,17,35
0.735214696768482,0.7778751227247,1078,213,36,48,19,19,17,29
0.780412371134021,0.817685016026542,1061,230,30,67,16,18,14,49
0.733875906526994,0.77441525341722,1069,222,50,63,20,15,30,48
0.778444177277447,0.834005578397705,1052,239,29,54,16,12,13,42
0.669267442348889,0.742415205566789,1075,216,38,55,18,14,20,41
0.667601126472094,0.720984620306657,1075,216,31,52,12,14,19,38
0.68062549960032,0.743238433719997,1065,226,40,57,17,15,23,42
0.816523292265073,0.865195505518363,1058,233,44,61,31,26,13,35
0.784344598054276,0.828030934656075,1070,221,31,58,17,15,14,43
0.730254156119587,0.782107731551861,1063,228,47,67,21,17,26,50
0.697152894521316,0.743737521686188,1059,232,37,51,18,16,19,35
0.715880232653396,0.783133165013422,1067,224,39,70,20,18,19,52
0.758274877136976,0.799409582271269,1039,252,38,65,23,24,15,41
0.763815250657356,0.806257833786978,1059,232,37,55,19,16,18,39
0.740232210820446,0.778087802651653,1052,239,33,52,14,13,19,39
0.776571491810536,0.803031124462068,1055,236,36,58,19,14,17,44
0.662989608313349,0.696450547514489,1062,229,40,62,11,11,29,51
0.699250599520384,0.750392369112439,1067,224,40,52,17,13,23,39
0.747016706443914,0.802441894295302,1077,214,34,59,16,14,18,45
0.703863414634146,0.778636297538208,1079,212,41,63,21,18,20,45
0.745627980922098,0.78351936486587,1086,205,33,49,15,14,18,35
0.781962188216575,0.817969853727003,1059,232,34,64,17,19,17,45
0.799162365855657,0.827161103236379,1073,218,39,54,23,15,16,39
0.718689196108551,0.766251129101261,1056,235,31,68,13,16,18,52
0.638751137397634,0.679627887466449,1053,238,35,54,12,9,23,45
0.824546259406817,0.859251192331976,1076,215,36,53,23,17,13,36
0.784346066924255,0.824312873682903,1077,214,44,61,27,22,17,39
0.773067076292883,0.816857866031227,1072,219,31,54,15,13,16,41
0.758333333333333,0.80066890668973,1042,249,51,67,23,17,28,50
0.717995776347546,0.749408653721991,1061,230,48,48,20,15,28,33
0.733311199645861,0.774714016016645,1098,193,36,51,14,12,22,39
0.72742474916388,0.772662381615757,1085,206,26,51,10,13,16,38
0.741777335104028,0.796215159117911,1056,235,36,52,17,12,19,40
0.744876051350155,0.810339095612281,1066,225,36,55,22,18,14,37
0.74663330300273,0.783787505956705,1042,249,35,54,13,12,22,42
0.813191201769477,0.841604857960994,1047,244,39,65,24,22,15,43
0.728544333807492,0.782966360532459,1051,240,37,49,19,15,18,34
0.784451774340309,0.823033212720459,1080,211,35,56,20,14,15,42
0.715017985611511,0.750944716041273,1057,234,40,53,19,16,21,37
0.780286738351254,0.819122099888566,1074,217,31,55,18,17,13,38
0.806597659079645,0.836375342739899,1085,206,42,67,21,23,21,44
0.712007525453741,0.774975890136068,1051,240,36,65,19,25,17,40
0.747528416600581,0.78992871074959,1071,220,30,61,14,13,16,48
0.700383733445646,0.735241633255258,1086,205,34,56,11,10,23,46
0.74820788530466,0.810662117950945,1074,217,31,51,17,11,14,40
0.702113767153608,0.768003558246639,1053,238,36,61,18,17,18,44
0.724513798462637,0.777514803394572,1059,232,38,52,19,14,19,38
0.698144316565369,0.73940390594584,1054,237,37,53,16,19,21,34
0.711942533576676,0.755500060413446,1087,204,34,52,14,13,20,39
0.724740290529764,0.782135652620901,1073,218,37,55,19,12,18,43
0.806371344310641,0.83016019745988,1076,215,39,69,21,17,18,52
0.698848581201522,0.740806427615002,1064,227,33,59,14,13,19,46
0.784653885307092,0.80882298108916,1064,227,28,58,16,17,12,41
0.728091728091728,0.810642897760362,1086,205,37,57,20,17,17,40
0.745991362192216,0.7805025098388,1058,233,32,56,17,15,15,41
0.733151735270379,0.793762898567942,1081,210,52,68,25,16,27,52
0.74911884432089,0.790529957491409,1043,248,32,49,16,14,16,35
0.792549923195084,0.815422860188465,1044,247,31,51,16,13,15,38
0.684092725819345,0.724650938101973,1040,251,40,61,16,23,24,38
0.693569474004257,0.747522718252074,1069,222,26,40,10,12,16,28
0.78776558776807,0.838513860096787,1052,239,32,63,19,18,13,45
0.736798999956895,0.78234797832467,1079,212,37,53,16,13,21,40
0.745154686078253,0.774385262971206,1035,256,35,63,17,22,18,41
0.724900079936051,0.776924677785954,1092,199,40,64,18,14,22,50
0.720538908765653,0.765373266403139,1081,210,43,47,18,14,25,33
0.754816147082334,0.796893900821983,1073,218,40,53,19,11,21,42
0.706640903935817,0.741933572455496,1046,245,38,51,16,15,22,36
0.798539176626826,0.818995494420751,1074,217,36,58,20,18,16,40
0.7453025477707,0.791674710895451,1061,230,35,58,20,18,15,40
0.771609821847164,0.796811004743411,1088,203,27,48,11,13,16,35
0.729941116231439,0.787958102567107,1064,227,31,49,14,17,17,32
0.690779666070364,0.734569137554721,1077,214,43,43,17,11,26,32
0.792631849875989,0.838522858619823,1045,246,34,46,19,13,15,33
0.746090647339158,0.789675655554544,1060,231,32,47,14,15,18,32
0.681073703366697,0.742178985537423,1063,228,35,53,14,13,21,40
0.753119217552207,0.804295056878245,1119,172,30,48,13,13,17,35
0.72867042707494,0.782344692691286,1059,232,50,66,25,23,25,43
0.767377998797749,0.786515495206819,1055,236,29,56,11,12,18,44
0.711657830078883,0.76172176678984,1085,206,37,58,14,12,23,46
0.770447190350103,0.801612609058232,1060,231,55,61,30,28,25,33
0.710961231015188,0.787721357038154,1065,226,40,61,22,20,18,41
0.792444512009729,0.842012630544496,1042,249,26,41,15,15,11,26
0.766549754273953,0.812680446029131,1061,230,38,61,18,17,20,44
0.688499504288978,0.739643890314239,1074,217,37,53,12,11,25,42
0.752856967313836,0.798265822664758,1071,220,39,65,20,16,19,49
0.702656621728787,0.758830521801775,1085,206,30,56,15,14,15,42
0.779941706412295,0.828823181326825,1062,229,33,55,17,20,16,35
0.709861237488626,0.763728404842163,1095,196,35,46,16,12,19,34
0.751778093883357,0.806662773288749,1062,229,37,51,20,19,17,32
0.737018962174242,0.779230038805115,1042,249,49,59,23,20,26,39
0.712261146496815,0.765181790477925,1060,231,35,55,17,19,18,36
0.718155476762362,0.757647304391921,1068,223,42,64,19,21,23,43
0.753481608912919,0.793618024628905,1101,190,39,57,21,12,18,45
0.720962259728082,0.78544567351072,1076,215,27,63,11,13,16,50
0.71687898089172,0.766190314511799,1093,198,35,51,13,11,22,40
0.753424390243903,0.818211259495279,1057,234,41,63,22,23,19,40
0.699491775506858,0.759960444243728,1086,205,29,50,12,10,17,40
0.732836728488902,0.762303984600297,1067,224,26,55,11,15,15,40
0.732470119521912,0.777071335297837,1061,230,36,61,16,13,20,48
0.778086910439852,0.813431920451133,1071,220,33,42,19,14,14,28
0.749278927723108,0.791074645943329,1087,204,28,45,13,17,15,28
0.778031260236792,0.810218187126038,1059,232,34,47,17,12,17,35
0.720604155753448,0.767726104524525,1054,237,46,60,21,16,25,44
0.719263381028087,0.763904980714913,1044,247,33,46,16,21,17,25
0.733380726698262,0.774702665568751,1057,234,25,37,11,10,14,27
0.810394265232975,0.835445133584179,1060,231,31,48,16,14,15,34
0.699465470631605,0.746027399039104,1074,217,39,57,19,17,20,40
0.758961579858674,0.797447293711277,1089,202,34,44,16,15,18,29
0.775320938468349,0.799514391757735,1092,199,36,67,18,19,18,48
0.734878048780488,0.780995077448847,1058,233,41,53,19,17,22,36
0.730371072391922,0.781539087251459,1049,242,44,59,21,19,23,40
0.761067434133558,0.793388660575565,1049,242,34,54,19,22,15,32
0.767274150268336,0.805047193667926,1086,205,43,47,18,11,25,36
0.758001328021248,0.790803557621312,1076,215,36,67,13,17,23,50
0.745370791628753,0.784300846838574,1071,220,35,72,17,18,18,54
0.733270911360799,0.77605600586913,1091,200,45,60,19,17,26,43
0.739775609756098,0.791236824766787,1063,228,41,65,20,23,21,42
0.737476447939706,0.765343230337608,1066,225,39,56,13,12,26,44
0.763810673102708,0.802443485305088,1056,235,48,66,27,20,21,46
0.730280200898758,0.766793111481391,1084,207,30,57,11,17,19,40
0.830670762928827,0.85546811917327,1076,215,31,65,22,24,9,41
0.758131153305204,0.793232940614623,1067,224,27,53,12,9,15,44
0.720569852148799,0.773781498198443,1085,206,37,53,16,16,21,37
0.768229651704228,0.811019106504268,1077,214,52,66,28,24,24,42
0.768677185838706,0.825972229005439,1063,228,28,51,16,10,12,41
0.775261601455869,0.827375298089322,1053,238,35,58,21,19,14,39
0.768287426182163,0.817457282347955,1067,224,37,58,20,22,17,36
0.78660687138948,0.806156077284976,1086,205,26,45,10,12,16,33
0.803136200716846,0.831348416840476,1055,236,31,50,14,14,17,36
0.671293513306738,0.740277326941118,1075,216,29,48,13,15,16,33
0.720938805603342,0.783569419475588,1071,220,39,58,16,14,23,44
0.780281477649899,0.823452568741777,1076,215,37,62,18,13,19,49
0.706957621758381,0.733649714321524,1064,227,51,66,23,17,28,49
0.792551910198969,0.828944002586897,1066,225,33,44,18,14,15,30
0.798573975044563,0.836273023407428,1080,211,33,59,21,18,12,41
0.74213625521765,0.777166996356056,1076,215,43,73,20,18,23,55
0.718852489564699,0.749261166603032,1061,230,43,72,19,19,24,53
0.697078353253652,0.727384757864514,1056,235,36,58,14,14,22,44
0.822941310282075,0.849564781832452,1058,233,35,65,21,21,14,44
0.774337271644162,0.824927738977459,1061,230,32,53,17,14,15,39
0.728158024084542,0.771632835871398,1061,230,39,64,18,16,21,48
0.794754084227768,0.834999611681004,1073,218,37,58,18,18,19,40
0.71072391922432,0.754454100635491,1070,221,44,77,20,22,24,55
0.68236698020497,0.734264059679931,1099,192,34,61,11,15,23,46
0.638557794707955,0.675238326108619,1064,227,39,67,13,9,26,58
0.807053815749468,0.87290586216694,1055,236,26,49,17,16,9,33
0.764691057252069,0.806990584015957,1072,219,38,56,21,13,17,43
0.775917506348816,0.810962979712879,1059,232,39,62,21,23,18,39
0.745521215295967,0.777288645009347,1068,223,46,66,18,14,28,52
0.707569721115538,0.746171761288011,1066,225,36,63,15,13,21,50
0.754549428930542,0.799475533145227,1063,228,29,50,12,18,17,32
0.687772006177173,0.72434551467849,1085,206,34,52,10,16,24,36
0.739045289731135,0.779931511222219,1076,215,47,69,22,17,25,52
0.796010425020048,0.808386420710319,1073,218,44,52,20,19,24,33
0.781121919230559,0.824436653267424,1066,225,29,46,16,13,13,33
0.683167124343595,0.730405544688369,1059,232,33,57,13,13,20,44
0.774138971507393,0.816183212870255,1051,240,37,51,19,14,18,37
0.738756451216515,0.761617390312734,1081,210,39,56,16,11,23,45
0.774557980440333,0.803653935840721,1052,239,33,48,15,18,18,30
0.758558832471876,0.793305968176571,1083,208,26,52,14,16,12,36
0.690627482128674,0.760038155828733,1066,225,32,50,16,13,16,37
0.686744230861878,0.735778123307626,1086,205,33,51,13,10,20,41
0.741677733510403,0.800335781952789,1051,240,36,64,18,17,18,47
0.741616017931808,0.780918316660966,1045,246,37,50,15,18,22,32
0.64984076433121,0.695526569641588,1074,217,35,59,11,11,24,48
0.755401945724526,0.813457782550059,1064,227,31,54,15,13,16,41
0.716708371246588,0.757810720403596,1052,239,35,54,15,15,20,39
0.713080072793449,0.772794757110174,1073,218,35,63,14,19,21,44
0.755086887835703,0.79328351388158,1079,212,25,58,12,10,13,48
0.708363309352518,0.743380485133528,1065,226,40,60,16,17,24,43
0.703148506339996,0.752148515671843,1058,233,22,44,9,11,13,33
0.733419380460683,0.766079350033393,1078,213,32,52,15,17,17,35
0.66698898265354,0.73288631627564,1091,200,27,42,12,13,15,29
0.733365853658537,0.769191045459794,1083,208,41,56,18,14,23,42
0.790863830337515,0.838974566295712,1062,229,37,58,24,20,13,38
0.781940293066997,0.821700786407801,1058,233,44,68,24,21,20,47
0.7816347299444,0.826092470261265,1070,221,32,56,19,18,13,38
0.758949880668258,0.802041760488715,1042,249,34,63,17,17,17,46
0.755936790640824,0.792674605913683,1074,217,46,53,20,18,26,35
0.703441788401948,0.738894713541238,1083,208,36,56,14,14,22,42
0.699103409629725,0.764382370530538,1064,227,37,52,19,14,18,38
0.720492241840556,0.771130633460579,1040,251,45,63,21,17,24,46
0.693640626787144,0.744587680894252,1047,244,42,61,19,22,23,39
0.696344670028881,0.754229919731405,1049,242,37,59,20,15,17,44
0.791909882232463,0.822496174609463,1078,213,31,51,17,17,14,34
0.785289452815226,0.812216735590049,1063,228,30,63,17,17,13,46
0.837747819191118,0.864804624980518,1052,239,30,55,21,18,9,37
0.688100679793718,0.740388880564533,1093,198,27,61,9,11,18,50
0.645007923930269,0.684076593017828,1063,228,29,48,12,10,17,38
0.705063352122176,0.765301911835387,1067,224,33,60,13,13,20,47
0.716573258606885,0.767810228956531,1060,231,42,62,18,17,24,45
0.779103885804917,0.819817552399839,1077,214,30,49,14,10,16,39
0.661478457388642,0.693376966593167,1048,243,44,52,16,14,28,38
0.773229268292683,0.820518519181631,1052,239,41,48,24,17,17,31
0.828643867474932,0.868502793138182,1054,237,42,66,27,22,15,44
0.711934695302951,0.766953334691474,1076,215,46,59,23,23,23,36
0.671312949640288,0.721917327140464,1064,227,40,68,16,13,24,55
0.716072347793533,0.751711249692674,1076,215,34,60,12,15,22,45
0.762019512195122,0.794218485464235,1028,263,41,60,23,20,18,40
0.748432601880878,0.792796266916174,1057,234,44,63,23,18,21,45
0.718061358237077,0.76558570175221,1051,240,39,53,18,16,21,37
0.771104694028017,0.815386333900384,1057,234,39,58,23,15,16,43
0.764445988880064,0.794195116851331,1079,212,32,57,15,16,17,41
0.713539168665068,0.743219092892452,1095,196,40,46,14,13,26,33
0.745516024698618,0.794126226859753,1050,241,38,48,18,13,20,35
0.733253588516746,0.78143503032438,1032,259,37,68,18,25,19,43
0.735026504180556,0.769137509965475,1044,247,29,45,14,13,15,32
0.707632772884974,0.757242371009701,1065,226,42,60,14,14,28,46
0.769315363376854,0.797998338651892,1074,217,34,56,13,17,21,39
0.776497695852534,0.805323367486197,1055,236,31,53,15,9,16,44
0.782542949552653,0.825361096520965,1062,229,38,54,24,15,14,39
0.723933001803377,0.758795027967225,1066,225,29,56,14,21,15,35
0.720191283689686,0.755923510981071,1061,230,39,69,18,18,21,51
0.75664396717304,0.803874927544322,1075,216,46,56,26,19,20,37
0.785208269990879,0.808709278723891,1047,244,26,54,17,23,9,31
0.724124203821656,0.776225654782998,1069,222,35,60,15,15,20,45
0.70147209421403,0.745883813416104,1070,221,31,44,14,17,17,27
0.667162377688693,0.693926570124377,1099,192,37,57,11,14,26,43
0.755703974823835,0.806295498914821,1063,228,47,57,20,17,27,40
0.634428950863214,0.714008659841534,1060,231,36,50,13,9,23,41
0.752491927558613,0.798220552430081,1073,218,34,50,18,18,16,32
0.788677523515373,0.842412653082015,1061,230,34,63,20,18,14,45
0.774125501761284,0.820409848599094,1082,209,39,61,20,16,19,45
0.722102300672168,0.76505662984086,1078,213,29,55,14,16,15,39
0.717464221824687,0.766503630395558,1068,223,43,55,20,12,23,43
0.782185911706641,0.81729278980362,1067,224,38,55,20,18,18,37
0.799500286720734,0.84957111698704,1071,220,39,53,26,15,13,38
0.786226816661599,0.841718169240867,1087,204,26,42,11,10,15,32
0.708084270979841,0.738497713442069,1045,246,27,61,11,15,16,46
0.741553184519631,0.785586336909427,1085,206,34,51,19,15,15,36
0.71615617553614,0.751045427969534,1078,213,32,51,10,9,22,42
0.73585696450865,0.786021917091001,1060,231,45,63,22,17,23,46
0.770752035457918,0.826757138929401,1084,207,33,59,18,18,15,41
0.71562980030722,0.75100742914552,1067,224,31,48,15,14,16,34
0.736177512173528,0.782689470285976,1077,214,36,59,15,15,21,44
0.775784386008028,0.826690264673093,1091,200,39,57,22,17,17,40
0.75705325140809,0.828093778199116,1043,248,31,57,21,22,10,35
0.745580487804878,0.779472283155571,1067,224,41,60,20,19,21,41
0.791426833263138,0.827565277149934,1083,208,34,57,16,11,18,46
0.80989545695428,0.840224848250885,1077,214,33,44,18,17,15,27
0.810700456711676,0.848838605873762,1034,257,32,49,19,17,13,32
0.709149277688603,0.784354933406855,1071,220,45,60,24,16,21,44
0.736722711502535,0.775197483329791,1077,214,42,55,17,16,25,39
0.736390557399084,0.79720842461971,1051,240,38,60,19,15,19,45
0.783680884676145,0.806123388419624,1070,221,25,36,13,10,12,26
0.763829965976394,0.794682793117022,1086,205,38,59,17,16,21,43
0.764974002873367,0.805216945218572,1056,235,47,66,25,25,22,41
0.833705726580603,0.870331183734381,1063,228,19,43,12,13,7,30
0.720921862589357,0.758751349062014,1072,219,32,45,13,12,19,33
0.765444386240615,0.809759537199558,1060,231,46,64,26,24,20,40
0.788239308462238,0.826348755727273,1063,228,35,59,21,20,14,39
0.678962515793907,0.722344700515492,1061,230,34,68,13,15,21,53
0.791381094012673,0.820399998884275,1041,250,37,45,18,16,19,29
0.743641967326178,0.775700019444773,1049,242,37,57,17,17,20,40
0.729106714628297,0.785650732372262,1049,242,40,63,21,19,19,44
0.731129499726971,0.773958400841802,1065,226,38,53,16,13,22,40
0.726148060174188,0.766125266437556,1085,206,28,48,13,10,15,38
0.720961603314544,0.751841867636081,1084,207,33,56,12,14,21,42
0.730438953624409,0.771401062885897,1071,220,34,67,16,18,18,49
0.737268518518519,0.785111156570977,1071,220,27,54,13,15,14,39
0.758098271155596,0.805871962756175,1051,240,35,55,20,21,15,34
0.778868292682927,0.816596165913079,1073,218,41,64,25,17,16,47
0.719995450409463,0.745184965450886,1079,212,35,70,10,17,25,53
0.749884487755702,0.801793941610679,1072,219,38,59,21,19,17,40
0.771223758320533,0.798403840270378,1066,225,31,50,12,14,19,36
0.702995391705069,0.748201647823795,1044,247,31,58,14,16,17,42
0.787981407702523,0.822761327027319,1074,217,36,54,16,14,20,40
0.833744409365956,0.846242566762423,1076,215,24,51,13,12,11,39
0.818398096748612,0.841804588819211,1088,203,30,58,18,17,12,41
0.758470213861201,0.797846261631403,1050,241,34,46,18,17,16,29
0.791973791973792,0.82263378308745,1066,225,37,55,23,20,14,35
0.704770929851654,0.774854260747219,1089,202,34,52,18,13,16,39
0.74065059144677,0.777326180277945,1050,241,35,66,15,19,20,47
0.730206029327435,0.782034903658404,1032,259,39,55,24,15,15,40
0.777188940092166,0.825629842513164,1063,228,31,51,21,20,10,31
0.654996003197442,0.700505313961629,1068,223,40,54,14,16,26,38
0.71357622675514,0.766742678941195,1079,212,39,55,18,15,21,40
0.721008737092931,0.755187457930542,1078,213,32,62,13,18,19,44
0.795163868904876,0.846135458866521,1077,214,40,60,22,16,18,44
0.744840230487166,0.790810249510872,1059,232,46,59,24,18,22,41
0.689254559873117,0.747277269323077,1064,227,30,45,13,12,17,33
0.740401982610157,0.788475727990867,1087,204,38,63,19,19,19,44
0.714220894200974,0.766125806683623,1052,239,36,66,16,18,20,48
0.731497047286521,0.787128469790336,1058,233,37,52,17,13,20,39
0.783471270313376,0.825632544903919,1066,225,37,53,23,17,14,36
0.753447242206235,0.79610329125684,1069,222,40,70,20,17,20,53
0.773129525341915,0.797170519692106,1052,239,48,72,29,26,19,46
0.75690031771247,0.819850867608162,1071,220,32,60,21,17,11,43
0.722052791153915,0.765288837703624,1031,260,45,66,22,23,23,43
0.741190792386011,0.782316074769841,1061,230,36,58,18,20,18,38
0.747465437788018,0.814885576618525,1057,234,31,54,18,13,13,41
0.787000399680256,0.844590116266525,1046,245,40,57,27,25,13,32
0.745296925452759,0.80491311475185,1051,240,34,58,18,19,16,39
0.786267108925235,0.829955773732061,1051,240,42,61,24,16,18,45
0.712100319744205,0.752815193679794,1049,242,40,70,20,21,20,49
0.724009745032973,0.768500950169112,1068,223,38,59,19,16,19,43
0.738069544364508,0.795983115435332,1086,205,40,41,21,15,19,26
0.721401819154628,0.779242572041927,1067,224,45,56,23,19,22,37
0.72275576562081,0.769087832776843,1044,247,48,73,24,22,24,51
0.746795819777186,0.787625750526815,1058,233,49,78,20,25,29,53
0.750475812846947,0.78344599467794,1057,234,30,61,15,12,15,49
0.758855002675227,0.784036465142782,1051,240,45,52,20,22,25,30
0.807835910777087,0.843499988567298,1078,213,33,62,19,15,14,47
0.771957827529718,0.808893618968927,1062,229,38,58,22,18,16,40
0.751083971672207,0.782343010436054,1049,242,33,50,19,19,14,31
0.735071833029154,0.777430961220247,1044,247,34,55,18,12,16,43
0.701486795075457,0.774132110858674,1075,216,32,60,15,13,17,47
0.698859079973755,0.738822441447737,1036,255,44,56,15,15,29,41
0.719621535411009,0.771384077955226,1054,237,37,59,19,17,18,42
0.777291997880233,0.809304263385277,1072,219,33,52,12,9,21,43
0.737094437454726,0.776259569925793,1045,246,42,54,22,19,20,35
0.735539967236527,0.80423443932869,1040,251,38,60,16,17,22,43
0.759159708719356,0.796879255873346,1082,209,42,66,18,15,24,51
0.740313678343079,0.789217346729127,1049,242,29,45,15,10,14,35
0.724794770446944,0.77872500781564,1065,226,26,34,14,7,12,27
0.746866551978373,0.786010179258821,1062,229,39,61,18,19,21,42
0.74703557312253,0.795595808904051,1066,225,26,43,14,14,12,29
0.738959078711986,0.801270195804352,1056,235,43,64,22,24,21,40
0.783782973621103,0.825313383539363,1051,240,40,57,26,25,14,32
0.672884440400364,0.718862528599182,1055,236,35,51,13,14,22,37
0.774624390243902,0.820326652278307,1081,210,41,69,22,17,19,52
0.740969235255522,0.786705259998554,1047,244,44,68,25,21,19,47
0.7690447913132,0.817932928537105,1051,240,28,61,14,22,14,39
0.731381526441803,0.764074338743181,1046,245,38,57,16,14,22,43
0.750951486245604,0.776175354524457,1064,227,33,62,11,16,22,46
0.708033573141487,0.745995722433664,1056,235,40,63,18,25,22,38
0.75100487804878,0.782862772096683,1072,219,41,62,19,21,22,41
0.789321700663554,0.821937485419468,1086,205,39,49,16,12,23,37
0.793550955414013,0.850795678859022,1078,213,35,51,21,17,14,34
0.669083728278041,0.70916700150458,1059,232,25,44,10,15,15,29
0.80320746132848,0.841870516014355,1089,202,35,62,21,14,14,48
0.757304710793083,0.789510739785171,1047,244,43,63,22,18,21,45
0.688583175205566,0.727511671929835,1076,215,51,70,17,18,34,52
0.694382765001322,0.738840075135138,1065,226,30,51,13,14,17,37
0.686298076923077,0.731623601441183,1066,225,43,61,16,16,27,45
0.695313749000799,0.743708402447857,1067,224,40,65,17,19,23,46
0.750829233750745,0.808735077947968,1073,218,43,61,24,19,19,42
0.734523927720413,0.783555300062344,1062,229,32,62,15,16,17,46
0.748269435569755,0.796038137955499,1016,275,39,66,22,20,17,46
0.754448780487805,0.788639044205445,1072,219,41,67,22,20,19,47
0.719189802689017,0.768168747470571,1059,232,46,55,21,16,25,39
0.779288924134285,0.808400424343565,1070,221,30,63,16,19,14,44
0.826985365853659,0.851944956969575,1064,227,41,57,22,19,19,38
0.763771066621423,0.807794156509628,1066,225,28,60,13,21,15,39
0.743846330802852,0.77954795188609,1062,229,49,59,24,25,25,34
0.794215267899478,0.836317223008866,1065,226,37,61,25,21,12,40
0.808324542897328,0.845187573398744,1071,220,27,58,16,15,11,43
0.748708363086487,0.806724611637261,1058,233,38,54,19,11,19,43
0.74093625498008,0.788197990299212,1057,234,36,58,19,19,17,39
0.751925630810093,0.776704649777232,1077,214,36,60,17,18,19,42
0.755028810895757,0.783793793828379,1079,212,46,63,20,21,26,42
0.742930095871272,0.794314230093706,1051,240,33,47,15,12,18,35
0.674024934233101,0.713706354707159,1065,226,42,63,19,21,23,42
0.684126354744911,0.712916620049132,1085,206,30,46,9,8,21,38
0.795071684587813,0.840680427388613,1035,256,31,59,20,18,11,41
0.749371550357943,0.810542266731254,1087,204,29,60,14,18,15,42
0.729648780487805,0.793604094606845,1081,210,41,51,24,20,17,31
0.767424931756142,0.800902567705811,1079,212,35,58,17,21,18,37
0.669488607443336,0.72066304869499,1047,244,54,72,23,20,31,52
0.773853762500683,0.836882028494851,1071,220,29,59,20,18,9,41
0.714329168421545,0.768819552764809,1084,207,34,40,15,9,19,31
0.784575012800819,0.801939746453412,1074,217,31,48,20,16,11,32
0.765211735799971,0.804779645637551,1064,227,33,48,17,13,16,35
0.695058081810961,0.738215629441195,1048,243,32,51,15,17,17,34
0.72042395821419,0.764968824315975,1071,220,42,60,18,14,24,46
0.760171862509992,0.807775573339866,1067,224,40,61,22,17,18,44
0.710935859201075,0.757934955669423,1038,253,38,55,19,15,19,40
0.771389907455911,0.813495455618723,1077,214,46,64,22,19,24,45
0.690279984114376,0.760199821714654,1090,201,32,57,12,11,20,46
0.786559374829226,0.816011530895641,1072,219,29,44,15,14,14,30
0.708604295316684,0.77899849874048,1060,231,29,46,16,13,13,33
0.741080937167199,0.804151893005431,1064,227,39,61,23,22,16,39
0.758007279344859,0.806197967374725,1071,220,35,45,16,15,19,30
0.760270030987162,0.808915762926178,1095,196,36,61,19,18,17,43
0.747004181214708,0.798230050804811,1049,242,37,54,20,24,17,30
0.711365667196188,0.773348788630269,1075,216,32,45,16,13,16,32
0.735814634146341,0.804488587123128,1075,216,41,58,20,22,21,36
0.769248540345277,0.809468138499305,1070,221,38,54,19,14,19,40
0.717140989541432,0.775085855763735,1063,228,48,63,24,17,24,46
0.750868745035743,0.797785630450045,1070,221,32,46,14,12,18,34
0.772261816990251,0.81566454963079,1051,240,39,57,24,20,15,37
0.732790206474417,0.77396384960391,1080,211,37,64,16,16,21,48
0.758388319528288,0.805604551124475,1074,217,34,52,18,13,16,39
0.781155075939248,0.817365882248468,1083,208,40,66,24,21,16,45
0.708917424647762,0.763457861533245,1102,189,45,71,22,16,23,55
0.753597122302158,0.793019925105589,1045,246,40,70,23,19,17,51
0.688258078795927,0.729236250841566,1082,209,36,54,13,18,23,36
0.734126787132645,0.772586303975376,1083,208,32,49,12,11,20,38
0.68947907188353,0.744750046909729,1055,236,35,51,18,13,17,38
0.66447463506287,0.698712152450567,1065,226,33,69,13,18,20,51
0.731123988478947,0.783603798615129,1073,218,23,46,9,14,14,32
0.717992607216365,0.7715403745808,1055,236,38,57,18,16,20,41
0.658301101734646,0.718462082137924,1088,203,27,52,10,11,17,41
0.723855274695947,0.758730713341698,1050,241,42,55,19,13,23,42
0.778972712680578,0.834758310181881,1052,239,45,63,27,27,18,36
0.7631093470483,0.797890776629351,1071,220,43,63,25,18,18,45
0.788880986249407,0.822956101863751,1042,249,37,62,23,22,14,40
0.796582181259601,0.833548079348439,1066,225,31,56,19,13,12,43
0.708731739707835,0.745806591498383,1064,227,36,41,14,13,22,28
0.741316863014221,0.795153366429097,1074,217,42,62,22,23,20,39
0.705909694555113,0.76708429814147,1080,211,36,63,16,13,20,50
0.802581458040319,0.835130057297114,1095,196,27,58,15,20,12,38
0.710740020587899,0.759093944525448,1050,241,42,71,21,24,21,47
0.696711065132118,0.752942328169914,1076,215,37,67,19,21,18,46
0.685428251217725,0.724709427813751,1060,231,37,52,14,14,23,38
0.698584828377161,0.743135068021145,1080,211,39,61,18,16,21,45
0.729837702871411,0.769983526267771,1060,231,45,72,19,20,26,52
0.68127147766323,0.706188111779196,1066,225,30,66,9,11,21,55
0.684063362815293,0.711440412458192,1047,244,34,41,10,9,24,32
0.731393872368313,0.801131281271546,1067,224,39,63,20,15,19,48
0.680063191153239,0.717618330567677,1081,210,25,57,7,9,18,48
0.658876258341816,0.694918174992444,1033,258,28,62,10,10,18,52
0.778652058432935,0.81493349610223,1071,220,36,52,21,20,15,32
0.662979117102828,0.705402797665344,1076,215,30,49,11,13,19,36
0.744652406417112,0.785529920806818,1047,244,33,54,17,21,16,33
0.768882493331462,0.83339162042215,1098,193,34,52,17,17,17,35
0.716722069663246,0.774197075092287,1066,225,33,43,17,8,16,35
0.748246314109295,0.782197911527415,1058,233,38,52,19,16,19,36
0.788139488409273,0.821750357674641,1078,213,40,55,22,22,18,33
0.717697442618953,0.755532201780112,1064,227,53,72,25,24,28,48
0.734290334775486,0.795352669655275,1056,235,38,70,20,17,18,53
0.796047243415665,0.834570629096351,1045,246,37,56,23,24,14,32
0.743732939035487,0.793688378409808,1066,225,35,51,19,15,16,36
0.79018370960602,0.80769604074097,1047,244,36,66,21,18,15,48
0.764973439575033,0.819928809081507,1050,241,36,58,19,16,17,42
0.769138755980861,0.82212262672671,1073,218,37,62,19,20,18,42
0.761764054891545,0.797395796630152,1100,191,36,68,16,14,20,54
0.768059466344865,0.816978766630331,1058,233,48,65,26,21,22,44
0.808603670025395,0.829273145833619,1092,199,39,61,15,15,24,46
0.762484721494674,0.81460297391449,1064,227,46,71,25,24,21,47
0.816697084561748,0.862537015421105,1072,219,34,45,22,17,12,28
0.682572974583002,0.751825069524739,1075,216,32,45,13,11,19,34
0.761435712185492,0.794442062145547,1057,234,38,56,19,15,19,41
0.714241828459081,0.758371550378972,1064,227,39,59,15,20,24,39
0.772427465782149,0.821988640735212,1060,231,42,59,22,17,20,42
0.701307317073171,0.750218019501968,1068,223,41,45,18,16,23,29
0.686224390243902,0.717796831861151,1065,226,41,58,17,15,24,43
0.731001336264494,0.776591547063833,1071,220,37,53,16,14,21,39
0.725782675838832,0.755064338931125,1088,203,34,57,13,15,21,42
0.772968155321097,0.797385203215877,1057,234,33,59,18,13,15,46
0.757119981699645,0.826918311119002,1068,223,42,65,22,24,20,41
0.761248992747784,0.797073609967676,1059,232,50,67,28,28,22,39
0.756691936917965,0.805187721063956,1036,255,34,57,20,18,14,39
0.689488267086269,0.726838776499606,1071,220,47,60,17,18,30,42
0.732015511518617,0.778041283183539,1048,243,49,67,22,25,27,42
0.751799543288324,0.823116234094363,1058,233,32,53,18,15,14,38
0.694285083848191,0.729972673279345,1056,235,55,73,24,25,31,48
0.743750706933605,0.791787600589316,1066,225,28,50,14,17,14,33
0.726634146341463,0.771485535007308,1042,249,41,65,22,19,19,46
0.771951774340309,0.824809473632334,1049,242,35,51,18,16,17,35
0.727213368747233,0.796910814081753,1042,249,36,50,19,14,17,36
0.779315411668353,0.822777080696904,1055,236,33,55,18,16,15,39
0.73010362906529,0.764351936296686,1059,232,39,63,18,16,21,47
0.777597136455544,0.812156574907473,1086,205,29,48,13,11,16,37
0.740425575489473,0.78882554103249,1045,246,39,66,18,21,21,45
0.770303133129736,0.800515163765673,1078,213,28,56,15,14,13,42
0.6622838944495,0.727535307304953,1062,229,35,47,15,12,20,35
0.785816692268305,0.805707116973609,1077,214,31,51,16,14,15,37
0.717467436716638,0.763502296171904,1038,253,39,44,21,15,18,29
0.734015784055816,0.773151253508749,1069,222,42,61,18,11,24,50
0.800940681717574,0.836040026045422,1072,219,36,60,23,19,13,41
0.784060798766681,0.820493855951243,1078,213,33,59,17,15,16,44
0.699221949221949,0.743180864457396,1084,207,37,64,12,16,25,48
0.747588547028099,0.813365089564389,1065,226,42,67,20,12,22,55
0.676049667178699,0.710587632014868,1081,210,31,66,12,12,19,54
0.691550804385265,0.733984479047306,1079,212,38,52,14,5,24,47
0.731381526441803,0.769010402229768,1073,218,38,66,20,23,18,43
0.794267374944666,0.834692366046544,1058,233,36,65,22,20,14,45
0.70797590453315,0.744365731878248,1079,212,42,57,15,14,27,43
0.755829358770535,0.787921926460869,1051,240,33,58,16,22,17,36
0.700796178343949,0.751353174391962,1049,242,35,61,15,16,20,45
0.795398223340577,0.824802481714053,1046,245,42,58,23,21,19,37
0.802421556685009,0.834136195802188,1061,230,38,72,21,22,17,50
0.7421147456596,0.779636007134089,1073,218,34,69,16,20,18,49
0.76143084622384,0.804706811461464,1076,215,35,75,17,16,18,59
0.716704104075998,0.778643157371092,1046,245,34,61,17,15,17,46
0.777439408577309,0.837779593678944,1078,213,38,60,24,23,14,37
0.731384892086331,0.764363737109246,1068,223,40,51,19,10,21,41
0.725742447516641,0.771835974456377,1062,229,31,42,14,11,17,31
0.770673323092678,0.80322645412339,1078,213,31,69,16,18,15,51
0.676856000385412,0.73098830018428,1052,239,33,59,14,12,19,47
0.705285694229959,0.75227189237231,1073,218,34,56,17,13,17,43
0.798885350318471,0.844272767855539,1073,218,35,57,20,15,15,42
0.697884440400364,0.752115584190756,1062,229,35,45,16,11,19,34
0.739228844404003,0.779837657771406,1057,234,35,63,14,13,21,50
0.778445194598888,0.808555079758965,1085,206,32,57,17,18,15,39
0.754282315622522,0.811899968270395,1076,215,30,46,17,19,13,27
0.778631354249404,0.829716195556282,1074,217,32,56,19,21,13,35
0.701213760921366,0.755643134857785,1065,226,32,49,15,14,17,35
0.709950724054706,0.753115839694394,1061,230,48,47,23,15,25,32
0.780248335893497,0.810606130576636,1044,247,31,51,16,14,15,37
0.784893745420062,0.824209447561278,1072,219,37,54,20,15,17,39
0.757118080647492,0.802537356178296,1080,211,33,53,18,12,15,41
0.758442934913523,0.792616060765185,1047,244,33,63,16,19,17,44
0.71137462111903,0.747225654731211,1092,199,39,61,14,11,25,50
0.739915297861388,0.794771872747082,1075,216,34,55,19,18,15,37
0.788148316651501,0.820863555043764,1047,244,35,51,21,19,14,32
0.779320492241841,0.820208437249413,1064,227,45,46,28,16,17,30
0.789404074186683,0.81468424843822,1065,226,26,59,11,19,15,40
0.837801705448764,0.867423587523277,1064,227,33,57,18,20,15,37
0.714722744134509,0.756042313471831,1069,222,33,55,12,12,21,43
0.824385560675883,0.864620770186142,1071,220,31,65,19,17,12,48
0.689723482157495,0.725482921543873,1064,227,29,55,11,10,18,45
0.759004739336493,0.79144528529889,1064,227,25,48,11,14,14,34
0.674092518813634,0.710469603295626,1064,227,36,54,12,16,24,38
0.760614681667313,0.812581305015944,1068,223,37,55,22,21,15,34
0.791227947026066,0.837088950194675,1073,218,34,49,13,11,21,38
0.694695892064313,0.736617608647899,1059,232,37,60,16,15,21,45
0.770838453346441,0.839996039804248,1065,226,39,58,25,22,14,36
0.720119521912351,0.765832235248808,1074,217,36,59,16,12,20,47
0.677447378872121,0.729679415309423,1062,229,32,50,11,12,21,38
0.7253406285244,0.777220451637957,1060,231,53,69,25,22,28,47
0.696013189448441,0.734516455717104,1069,222,40,53,16,15,24,38
0.736431131592422,0.777806564979837,1068,223,31,45,13,14,18,31
0.760727086533538,0.821049929543155,1044,247,31,45,16,12,15,33
0.716958598726115,0.75402959738886,1056,235,35,50,18,15,17,35
0.717382657120127,0.761620405857331,1058,233,34,51,18,17,16,34
0.709434200025203,0.751604365745188,1065,226,38,53,15,12,23,41
0.760343061955965,0.80759248905354,1096,195,31,67,13,16,18,51
0.709814665592264,0.765168996525137,1066,225,50,60,25,19,25,41
0.744892473118279,0.788412838940035,1073,218,31,50,12,12,19,38
0.724707135250266,0.777202715665712,1066,225,39,53,19,14,20,39
0.738222486144101,0.762953490803692,1069,222,28,46,11,7,17,39
0.706814580031696,0.757228771492076,1070,221,29,54,14,14,15,40
0.717764687940829,0.775705142258879,1081,210,42,47,20,13,22,34
0.691613862666494,0.713116123255698,1061,230,37,61,10,13,27,48
0.776515310622926,0.794534016429095,1074,217,38,68,16,16,22,52
0.737121951219512,0.796532158899778,1043,248,41,60,23,19,18,41
0.803629994036971,0.836307420075296,1050,241,43,56,27,15,16,41
0.848065829657279,0.862008901956091,1069,222,28,56,21,15,7,41
0.774745462594068,0.824792288076953,1066,225,36,53,17,12,19,41
0.73182355408136,0.77514183356588,1074,217,42,74,20,22,22,52
0.769914651493599,0.821354366215173,1064,227,37,69,20,21,17,48
0.665317724141254,0.70826380605344,1062,229,33,53,10,10,23,43
0.730331753554502,0.784643858347076,1073,218,25,48,12,15,13,33
0.738249400479616,0.778183631967642,1050,241,40,63,17,19,23,44
0.717487949833872,0.749505139919527,1077,214,34,60,13,14,21,46
0.740328563857976,0.786449171000126,1034,257,33,55,15,19,18,36
0.772280746518918,0.797690041167102,1077,214,44,65,19,13,25,52
0.720623332865366,0.775850107225049,1065,226,34,57,14,19,20,38
0.739738401503107,0.797761253419484,1078,213,33,60,17,14,16,46
0.713197036534329,0.752795141165956,1085,206,28,49,12,10,16,39
0.804784414448877,0.828995566433316,1070,221,29,53,17,17,12,36
0.748293903548681,0.793438502663885,1065,226,35,41,16,12,19,29
0.728342344556402,0.790004061592409,1059,232,39,62,22,22,17,40
0.759857819905213,0.804984531509536,1063,228,25,55,15,11,10,44
0.735943775100402,0.772983409809526,1065,226,46,57,20,18,26,39
0.739095955590801,0.786376356913143,1104,187,30,63,12,11,18,52
0.731421685619355,0.755645120348667,1076,215,34,56,14,16,20,40
0.758009756097561,0.813396190405305,1058,233,41,69,22,24,19,45
0.745215437483479,0.784812981485675,1059,232,30,46,13,12,17,34
0.725648316651501,0.777006050289415,1060,231,35,49,18,11,17,38
0.734570017830202,0.768711797752118,1075,216,23,60,12,12,11,48
0.701743532058493,0.734017199838755,1076,215,21,42,8,10,13,32
0.732543964828138,0.796875774183917,1072,219,40,56,19,13,21,43
0.775096595465481,0.814607133924526,1042,249,44,59,22,17,22,42
0.722913466461854,0.774049369655676,1072,219,31,50,11,15,20,35
0.788712621086621,0.817985316856172,1063,228,34,50,20,18,14,32
0.732893685051958,0.759890897270465,1061,230,40,56,15,12,25,44
0.757063414634147,0.802706592342071,1087,204,41,59,23,19,18,40
0.750972862263185,0.800868256654246,1055,236,31,52,17,14,14,38
0.757457937542683,0.795677341393526,1055,236,52,72,26,25,26,47
0.70560737033667,0.741999876060227,1061,230,35,51,15,12,20,39
0.723922812582606,0.800765018095981,1077,214,30,52,15,11,15,41
0.745894064770866,0.775036441180518,1084,207,38,52,16,13,22,39
0.754146682653877,0.800843441436714,1062,229,40,53,17,16,23,37
0.75011846613691,0.786501690565831,1054,237,44,61,24,19,20,42
0.801051350154936,0.841675614680571,1071,220,36,46,19,16,17,30
0.701704220519273,0.749821809931227,1071,220,42,57,20,13,22,44
0.815466143764893,0.864366873763362,1081,210,32,58,18,16,14,42
0.762133227597145,0.824017801999654,1082,209,30,51,15,17,15,34
0.715504648074369,0.760608677848396,1059,232,36,58,16,11,20,47
0.729946043165468,0.768393930488594,1064,227,40,64,17,22,23,42
0.659066878139043,0.716691895616815,1059,232,30,69,13,17,17,52
0.752047358322804,0.797636306821601,1047,244,34,59,20,19,14,40
0.769342037890425,0.795000479277989,1066,225,31,43,17,13,14,30
0.75240475490402,0.784385584213033,1061,230,38,58,17,14,21,44
0.748729438767146,0.806819619883577,1070,221,29,49,16,13,13,36
0.74645075421473,0.812255441953308,1057,234,49,56,28,18,21,38
0.698513148193659,0.74898059993385,1062,229,39,57,18,17,21,40
0.728316924519456,0.756783036540178,1068,223,27,51,13,15,14,36
0.760536986974687,0.799686605502661,1060,231,39,58,22,20,17,38
0.832381584772023,0.86816799560037,1033,258,36,61,23,26,13,35
0.703618690460796,0.75825397264074,1060,231,37,85,17,22,20,63
0.740781319167773,0.782431267272545,1036,255,36,56,19,11,17,45
0.764372370074867,0.782124370212924,1098,193,29,56,10,10,19,46
0.725094267446308,0.769487337619498,1054,237,29,63,15,15,14,48
0.761079133323974,0.793243363808487,1095,196,34,53,17,11,17,42
0.695888496616652,0.745428589593716,1063,228,55,67,19,21,36,46
0.779388403494837,0.817529191161307,1085,206,32,55,18,14,14,41
0.743732625099285,0.769386441209786,1070,221,32,56,16,18,16,38
0.729338327091136,0.772468943962674,1050,241,45,72,24,24,21,48
0.743878577817531,0.78451904550389,1041,250,43,56,24,16,19,40
0.788739095955591,0.840683917767255,1066,225,30,51,19,13,11,38
0.728917662682603,0.788383020636816,1054,237,36,56,14,13,22,43
0.772270684641819,0.832568088982341,1065,226,30,56,18,11,12,45
0.801899454049135,0.841240505718278,1044,247,35,56,25,16,10,40
0.749004739336493,0.784184562654757,1078,213,25,56,11,12,14,44
0.688158944848154,0.727859500343262,1057,234,38,62,18,21,20,41
0.701375609756097,0.766611629454122,1053,238,41,55,22,15,19,40
0.695529686258936,0.752979228840643,1048,243,32,52,13,10,19,42
0.690668399808442,0.731147854422249,1071,220,47,45,21,14,26,31
0.755042351069306,0.805129296245067,1084,207,34,52,15,13,19,39
0.746459451401312,0.802663072208608,1050,241,43,51,24,18,19,33
0.76355192217534,0.799760078826898,1092,199,27,52,13,9,14,43
0.729106005459509,0.798104417479068,1071,220,35,54,18,13,17,41
0.679982512705612,0.71333174379089,1087,204,29,48,9,13,20,35
0.758190868232033,0.82398407598616,1061,230,38,58,22,23,16,35
0.748197755386254,0.792959632844558,1075,216,39,53,21,15,18,38
0.72953018759728,0.773260590117423,1058,233,39,67,16,17,23,50
0.709190051295314,0.765674040752218,1053,238,37,56,15,16,22,40
0.770619550031315,0.803430117157498,1075,216,33,63,16,20,17,43
0.800922580334345,0.845416343950105,1071,220,33,65,24,24,9,41
0.718315627482129,0.769761790495803,1078,213,32,56,13,12,19,44
0.808925734710087,0.834770752966786,1055,236,32,52,15,18,17,34
0.727118074515899,0.755960082751985,1083,208,38,58,14,18,24,40
0.768595123900879,0.800356919040462,1082,209,40,57,20,15,20,42
0.731167100811402,0.768560458295335,1047,244,54,79,25,19,29,60
0.655345285524568,0.694969433099171,1058,233,36,64,15,16,21,48
0.733183578236696,0.774741609884146,1054,237,32,50,17,12,15,38
0.71608012394865,0.774068417971808,1085,206,36,58,16,19,20,39
0.693081926863572,0.719289482381197,1060,231,27,57,10,13,17,44
0.819118816977865,0.852748232835993,1052,239,34,52,20,13,14,39
0.751484895033282,0.799226120650166,1074,217,31,54,17,12,14,42
0.687771360694683,0.739723503456242,1080,211,39,61,13,12,26,49
0.76969336505419,0.830506365464612,1073,218,30,49,20,17,10,32
0.78244798583444,0.802848782784052,1052,239,36,66,21,21,15,45
0.70144449499545,0.757407425413006,1064,227,35,50,14,9,21,41
0.787051336047546,0.8119470818566,1063,228,34,52,18,18,16,34
0.73296262769947,0.790164723865948,1063,228,37,57,19,16,18,41
0.778020993343574,0.799681682721506,1060,231,31,63,14,13,17,50
0.72020805666224,0.762648743068195,1081,210,36,71,17,22,19,49
0.72614939695685,0.76181055101687,1065,226,49,74,22,24,27,50
0.68324202444842,0.741886419418479,1065,226,43,60,17,13,26,47
0.768882493331462,0.824214613191175,1065,226,34,50,18,17,16,33
0.727105493918945,0.774923757637181,1058,233,42,50,22,18,20,32
0.716662875341219,0.76420964428975,1086,205,35,47,19,15,16,32
0.703920427604638,0.730966217260296,1066,225,37,64,14,15,23,49
0.730603530443402,0.774486682927984,1085,206,42,53,20,15,22,38
0.803695214669052,0.848544670431643,1074,217,43,53,25,16,18,37
0.762555672761369,0.789020621746896,1058,233,27,47,12,15,15,32
0.762554420449157,0.816003752924003,1065,226,37,63,17,14,20,49
0.717673749446658,0.752359803888501,1070,221,36,60,14,13,22,47
0.720087804878049,0.759597154805287,1052,239,41,61,16,16,25,45
0.734814963797265,0.785166983276535,1059,232,48,62,23,26,25,36
0.723764307064227,0.761184191153851,1050,241,44,63,15,13,29,50
0.754612030411449,0.802306251767114,1059,232,43,57,19,18,24,39
0.73192784417884,0.78661412256137,1050,241,36,59,18,24,18,35
0.771104471004869,0.825038852597578,1095,196,36,63,19,20,17,43
0.799645861000443,0.845875762659205,1069,222,36,62,22,19,14,43
0.725992534781133,0.757828813421364,1057,234,28,53,12,14,16,39
0.78593797506841,0.837493084901337,1069,222,26,63,16,21,10,42
0.80339677504626,0.833968914168818,1073,218,30,43,17,17,13,26
0.725721426471206,0.764904600575919,1056,235,38,60,15,15,23,45
0.76093377680699,0.826142590265689,1069,222,32,39,15,10,17,29
0.777544924603748,0.817954966366838,1052,239,33,62,18,21,15,41
0.779498360166965,0.816209367422409,1059,232,43,67,24,20,19,47
0.788948628554627,0.827092336661401,1085,206,38,63,19,16,19,47
0.745320323833591,0.804963793463957,1081,210,34,53,17,16,17,37
0.763544168668268,0.798509328915434,1056,235,42,62,22,22,20,40
0.72456279809221,0.797218103567846,1076,215,33,40,15,18,18,22
0.773751023751024,0.810360891764717,1065,226,37,55,19,19,18,36
0.78623101518785,0.8144431671469,1072,219,40,58,22,20,18,38
0.708541856232939,0.740109687307303,1081,210,35,57,13,10,22,47
0.737727479526843,0.780115979609031,1045,246,35,47,17,10,18,37
0.781540504648074,0.812450831641479,1069,222,36,62,20,17,16,45
0.775315490487628,0.801715072956352,1061,230,42,38,21,11,21,27
0.739611285032797,0.776584088700697,1061,230,43,59,19,15,24,44
0.73494204636291,0.785655365285712,1069,222,40,59,18,14,22,45
0.767835454019665,0.813669440125974,1049,242,56,68,32,30,24,38
0.698180163785259,0.749639451137368,1057,234,35,61,14,12,21,49
0.769561931052614,0.808223922634388,1059,232,49,67,25,15,24,52
0.689720202989988,0.738307820224993,1077,214,23,48,7,7,16,41
0.761605596892695,0.798103348998416,1045,246,34,55,16,12,18,43
0.701775304716481,0.735225355433515,1090,201,33,58,13,13,20,45
0.738689685701638,0.776861418775107,1080,211,36,54,16,15,20,39
0.747645146151783,0.798838590252132,1085,206,48,61,25,20,23,41
0.665227817745803,0.697490054911801,1082,209,40,57,13,10,27,47
0.748707117255504,0.783956487516435,1081,210,31,55,11,8,20,47
0.671634553213501,0.712764727910502,1060,231,37,59,11,18,26,41
0.736703648633192,0.77962661646736,1084,207,42,61,21,19,21,42
0.721258536585366,0.776399708498758,1066,225,41,56,16,13,25,43
0.753889899909008,0.800342190999193,1072,219,35,49,18,9,17,40
0.718511919390514,0.748678257601281,1073,218,39,57,16,17,23,40
0.739532041208311,0.781439596186124,1054,237,46,61,22,17,24,44
0.824950619068266,0.851265978741215,1064,227,33,41,20,15,13,26
0.735241502683363,0.780035965726313,1059,232,43,64,23,23,20,41
0.715982426528991,0.755670572963337,1064,227,32,58,12,9,20,49
0.776549676968745,0.82298666370193,1070,221,46,60,26,20,20,40
0.775058141751496,0.819812998720518,1080,211,42,60,23,21,19,39
0.740987210231815,0.778777289239766,1078,213,40,61,20,16,20,45
0.755079681274901,0.800305097579302,1053,238,36,53,21,15,15,38
0.757078853046595,0.774813573362898,1064,227,31,42,15,8,16,34
0.743368962787015,0.75619892352266,1076,215,28,47,10,13,18,34
0.709736123748863,0.760865758318242,1041,250,35,58,17,18,18,40
0.779707317073171,0.821109940510712,1095,196,41,69,23,20,18,49
0.7339902700556,0.79495625653214,1068,223,32,66,17,15,15,51
0.729591627754567,0.77312005757029,1048,243,39,84,20,30,19,54
0.750409626216078,0.792144170471073,1054,237,31,51,17,11,14,40
0.750600315955766,0.781851001542863,1066,225,25,35,12,9,13,26
0.781224979983987,0.817886109127781,1064,227,42,54,21,20,21,34
0.77601228389445,0.832726414160595,1058,233,35,46,21,10,14,36
0.769148849021054,0.797499186988254,1059,232,39,76,19,21,20,55
0.777613681493249,0.810018587201286,1075,216,32,60,16,19,16,41
0.759894901610018,0.796479766931017,1062,229,43,69,22,24,21,45
0.733742057188244,0.80035337140991,1057,234,32,54,16,11,16,43
0.720624118342293,0.76043235397018,1076,215,42,65,15,20,27,45
0.770510772507577,0.820951165677871,1098,193,39,56,17,17,22,39
0.736125162595751,0.789138152446817,1079,212,33,53,15,16,18,37
0.742199286791935,0.806138284667114,1078,213,23,51,12,9,11,42
0.724236532082809,0.762349924447686,1069,222,42,47,18,11,24,36
0.792474546259407,0.819535465312334,1067,224,36,67,20,16,16,51
0.783782973621103,0.827269548069346,1062,229,40,60,23,17,17,43
0.752655877680699,0.782639449674032,1067,224,32,49,12,8,20,41
0.774146341463415,0.832282423554854,1059,232,41,63,22,17,19,46
0.761079708364053,0.808608850694037,1064,227,39,56,21,20,18,36
0.704514992057188,0.759901160700332,1067,224,32,53,17,21,15,32
0.756230142970612,0.802316015859146,1053,238,32,54,15,15,17,39
0.817538990219403,0.859837886984657,1066,225,30,47,18,10,12,37
0.748911930363543,0.787981828362967,1071,220,31,51,15,9,16,42
0.728495079742111,0.756419354259946,1060,231,28,53,11,12,17,41
0.726075268817204,0.773571885336675,1053,238,31,47,13,12,18,35
0.728379896111189,0.79391167367558,1069,222,34,42,16,14,18,28
0.730799950847874,0.769773273320809,1089,202,39,61,17,16,22,45
0.756816977405213,0.786347442886664,1066,225,33,52,16,13,17,39
0.785286766640358,0.824271262105137,1062,229,24,42,12,14,12,28
0.7211164615659,0.762673070078365,1048,243,45,53,23,19,22,34
0.711362602365787,0.778959982447346,1075,216,35,54,18,15,17,39
0.726831210191083,0.773990872206683,1081,210,35,64,14,14,21,50
0.753103263777421,0.786203085328837,1070,221,45,52,21,19,24,33
0.761816019032514,0.797435250945334,1043,248,30,52,17,14,13,38
0.697381617594383,0.759034834655098,1070,221,22,47,10,14,12,33
0.791300071042133,0.822127798074128,1055,236,29,51,15,14,14,37
0.732116604360062,0.790792526634841,1057,234,38,58,19,22,19,36
0.736655104302163,0.798617942424877,1057,234,33,54,18,13,15,41
0.713047678063717,0.758240813266391,1041,250,44,58,21,15,23,43
0.735302527736475,0.784010960460403,1059,232,42,61,18,18,24,43
0.800151756034109,0.841637629796796,1088,203,33,47,19,15,14,32
0.738090224156488,0.783867535683508,1083,208,34,45,15,11,19,34
0.73695219123506,0.783117022556824,1054,237,36,75,16,23,20,52
0.740845416564267,0.787769651764105,1070,221,39,45,22,11,17,34
0.785048694112439,0.822705983197581,1048,243,36,64,21,22,15,42
0.782438580527753,0.830721597764581,1067,224,35,67,20,20,15,47
0.751126023657871,0.775352248777276,1069,222,35,63,15,16,20,47
0.735611919927207,0.778719659710839,1045,246,35,47,20,21,15,26
0.735536138445877,0.786289794668267,1052,239,28,55,16,14,12,41
0.776956323930846,0.82539585748759,1057,234,35,48,19,10,16,38
0.720993802567508,0.762366658360993,1048,243,36,62,18,16,18,46
0.758040647198106,0.826744491399691,1073,218,24,52,13,16,11,36
0.732904425165853,0.769721714897017,1047,244,44,58,22,18,22,40
0.668213058419244,0.714463067134889,1053,238,30,50,11,12,19,38
0.747826832894887,0.790574068978886,1039,252,42,63,24,19,18,44
0.766675397241139,0.801598832610579,1068,223,46,51,25,17,21,34
0.783870967741935,0.842285208505144,1068,223,31,45,19,12,12,33
0.710779902512186,0.747814289006272,1074,217,21,49,9,15,12,34
0.774884178014881,0.809489765662166,1078,213,34,61,16,18,18,43
0.743484362469928,0.785357903721233,1059,232,44,54,21,13,23,41
0.774907576395713,0.823707018527317,1072,219,34,61,17,18,17,43
0.736974324922532,0.772327687272996,1052,239,36,60,18,12,18,48
0.749783894449499,0.807360701192688,1068,223,35,55,17,9,18,46
0.711399198241304,0.770814095033938,1073,218,37,64,16,15,21,49
0.745519757744242,0.788419600983488,1055,236,32,59,16,17,16,42
0.656580240845417,0.721903199967249,1051,240,39,65,13,18,26,47
0.724912711754817,0.772498911820929,1084,207,37,53,16,18,21,35
0.725116841257051,0.761995652279569,1061,230,50,69,19,15,31,54
0.743761140819964,0.786280819500958,1058,233,33,66,13,13,20,53
0.735559320181431,0.75633216653077,1068,223,29,53,14,16,15,37
0.723274710116815,0.757916851601185,1079,212,37,52,17,15,20,37
0.706797235023041,0.754277019252769,1083,208,31,55,13,14,18,41
0.67392425463336,0.715440599586215,1063,228,50,72,16,16,34,56
0.775345757149555,0.816464906830143,1057,234,27,55,16,18,11,37
0.752295357558516,0.796528812574473,1055,236,37,61,19,16,18,45
0.789589054294937,0.829667717569414,1070,221,33,63,17,21,16,42
0.708628414510767,0.772014216278335,1079,212,33,52,16,18,17,34
0.792301548291964,0.834026901850433,1074,217,39,67,23,15,16,52
0.739544016165313,0.796299023013571,1056,235,42,58,23,20,19,38
0.799430020206642,0.855466629743153,1044,247,42,67,27,34,15,33
0.732782898105479,0.774123423734979,1072,219,31,56,14,16,17,40
0.777305910430998,0.820333824874262,1053,238,34,60,21,20,13,40
0.748601119104716,0.794111419563088,1074,217,40,68,20,16,20,52
0.696821631878558,0.737309587453516,1074,217,51,75,19,21,32,54
0.733646678135496,0.775520874684777,1071,220,39,51,18,15,21,36
0.73719914310917,0.771814880010845,1070,221,38,58,18,14,20,44
0.808816734573865,0.822020174023622,1080,211,38,72,22,18,16,54
0.750076804915514,0.796902537574979,1049,242,31,45,17,12,14,33
0.79983779252023,0.841304380573107,1051,240,44,61,25,22,19,39
0.812860536138446,0.863685410093377,1060,231,28,33,16,7,12,26
0.737490007993605,0.779866604145015,1061,230,40,61,19,11,21,50
0.757474020783373,0.776106415502892,1091,200,40,57,15,18,25,39
0.694994459700342,0.708990154269782,1061,230,33,58,13,16,20,42
0.816630027156343,0.832778018134782,1082,209,37,46,23,14,14,32
0.680706469937855,0.71831589339438,1064,227,42,55,15,13,27,42
0.76244270370117,0.79243916270648,1046,245,47,66,23,23,24,43
0.699709225482421,0.737797030724726,1053,238,30,53,12,14,18,39
0.715543863662358,0.770885539368265,1071,220,42,44,20,15,22,29
0.687781600720898,0.736394539652867,1079,212,39,61,13,12,26,49
0.803465051628276,0.83713596005921,1070,221,32,52,17,17,15,35
0.773209093312186,0.826938475788443,1058,233,30,54,17,21,13,33
0.743666618065175,0.777469762884969,1070,221,44,54,20,16,24,38
0.668909232407635,0.73272304534081,1083,208,39,62,14,12,25,50
0.717811646951774,0.761370440314275,1059,232,35,56,17,14,18,42
0.783295895924002,0.850563357874754,1070,221,34,53,24,17,10,36
0.706528765352295,0.75750755629137,1085,206,17,42,8,10,9,32
0.72763262905868,0.752585496935422,1064,227,38,58,15,13,23,45
0.704194144579325,0.765872827635641,1082,209,38,57,16,13,22,44
0.798015873015873,0.845048801425665,1052,239,31,45,18,14,13,31
0.752233676975945,0.799096490437871,1069,222,30,48,15,11,15,37
0.734575609756097,0.773674112300679,1041,250,41,66,19,17,22,49
0.717350813095494,0.772241774092855,1054,237,22,57,12,16,10,41
0.741321044546851,0.777909376755753,1071,220,31,49,15,12,16,37
0.715967055079789,0.775390632487738,1058,233,34,59,17,13,17,46
0.697982671666882,0.738048502532885,1067,224,37,52,17,18,20,34
0.699646684449436,0.742803965871817,1050,241,34,58,16,15,18,43
0.749966799468791,0.789766282033178,1062,229,36,43,16,12,20,31
0.773395307658256,0.806059965500874,1071,220,36,51,19,21,17,30
0.815606276132592,0.848227234049305,1036,255,37,51,26,16,11,35
0.763039146741678,0.817118611943854,1084,207,27,61,14,17,13,44
0.73249924565714,0.782930728975553,1072,219,37,42,14,11,23,31
0.734404440075367,0.783471118972404,1075,216,39,63,19,18,20,45
0.731847133757962,0.792023267672637,1085,206,35,60,19,14,16,46
0.746272044700541,0.801658397097582,1061,230,46,61,25,19,21,42
0.788172043010753,0.842533191511055,1081,210,31,54,19,21,12,33
0.712767264684198,0.741908300127603,1069,222,39,73,12,16,27,57
0.740327578574591,0.780530932543627,1067,224,36,61,17,10,19,51
0.750813859790491,0.815224998091665,1065,226,50,54,27,19,23,35
0.802775553776354,0.835689163448112,1042,249,42,48,25,22,17,26
0.815435756612227,0.833481718710205,1065,226,33,53,19,18,14,35
0.727387807783956,0.753903942697761,1064,227,32,57,13,14,19,43
0.805308056872038,0.833232037325503,1072,219,25,38,13,13,12,25
0.730009914220441,0.79280991262204,1060,231,37,52,19,13,18,39
0.727245074640835,0.785676657342918,1085,206,34,49,18,12,16,37
0.808566147222612,0.826077511034973,1060,231,34,57,24,20,10,37
0.771379097517487,0.807697963054156,1086,205,23,46,11,17,12,29
0.742578435266084,0.790327411058125,1051,240,32,61,14,17,18,44
0.804681274900398,0.846721734173921,1053,238,36,61,22,18,14,43
0.75615719406042,0.793687400658285,1068,223,31,65,16,22,15,43
0.712347632442569,0.774961953942921,1069,222,27,52,10,16,17,36
0.788109512390088,0.824183469751275,1055,236,40,68,22,21,18,47
0.652861621975759,0.704475905057711,1086,205,34,54,10,8,24,46
0.739931707317073,0.782745417784721,1081,210,41,54,21,12,20,42
0.706412749247017,0.756795049789233,1071,220,42,62,24,24,18,38
0.821470354251486,0.854760735050859,1072,219,34,41,24,19,10,22
0.776571187450357,0.808944000169015,1067,224,32,46,15,12,17,34
0.70987177687304,0.742566275386135,1047,244,34,51,15,10,19,41
0.744329237071173,0.778829782175385,1058,233,31,61,16,12,15,49
0.76871525019857,0.819543449071137,1063,228,32,54,17,13,15,41
0.792468061210164,0.829563895795752,1069,222,34,45,19,12,15,33
0.727935154405743,0.769340502070663,1043,248,33,65,14,19,19,46
0.850738038683407,0.877587190235877,1074,217,28,47,15,15,13,32
0.780038059449824,0.826925221730224,1054,237,33,46,17,17,16,29
0.751400922453554,0.784585129735099,1075,216,37,54,17,12,20,42
0.761088977423639,0.807216829344906,1049,242,36,63,18,15,18,48
0.735897435897436,0.769259566531702,1056,235,30,51,14,10,16,41
0.757104913678619,0.805977524556515,1094,197,36,63,18,19,18,44
0.715175734710088,0.790852212475264,1095,196,32,53,16,14,16,39
0.838980272146019,0.874370749631142,1079,212,29,61,22,24,7,37
0.709674985990776,0.755193793534325,1062,229,37,67,16,20,21,47
0.755828707375099,0.802942447318344,1048,243,30,67,19,19,11,48
0.799073867024448,0.83597382307597,1070,221,43,74,22,28,21,46
0.715992893537141,0.778500061340302,1069,222,48,59,23,14,25,45
0.746711179507546,0.790550774603182,1049,242,32,52,16,14,16,38
0.751903497122621,0.784051111336477,1075,216,36,56,13,13,23,43
0.708256528417819,0.783798089426591,1083,208,31,70,16,16,15,54
0.785117056856187,0.824839785962346,1051,240,26,54,15,21,11,33
0.733882343970414,0.7869058481821,1073,218,42,51,19,14,23,37
0.729697900665643,0.771832714898564,1056,235,31,63,14,14,17,49
0.781228821116462,0.823015420207862,1044,247,45,54,29,20,16,34
0.78997468228753,0.826145976582283,1079,212,32,56,16,16,16,40
0.704176579434311,0.768404879404492,1078,213,30,53,13,16,17,37
0.749978997773764,0.80314367453433,1044,247,38,64,20,21,18,43
0.785087045570917,0.818471052315043,1079,212,31,59,15,17,16,42
0.705118289353958,0.751623307873642,1071,220,35,56,15,15,20,41
0.741788129541731,0.798834570337805,1046,245,38,62,21,21,17,41
0.748093031962188,0.783822161863754,1085,206,34,61,12,9,22,52
0.704653851712675,0.76487815910512,1063,228,33,55,14,14,19,41
0.782904562316327,0.811919752276197,1060,231,33,49,16,15,17,34
0.754924781240571,0.787275974172155,1053,238,37,56,18,16,19,40
0.777583928099392,0.810303102322039,1059,232,30,67,16,19,14,48
0.7264898588428,0.766825210611989,1086,205,33,57,16,17,17,40
0.782087804878049,0.818135103259309,1091,200,41,68,22,19,19,49
0.729486410871303,0.778008444998607,1051,240,40,68,19,19,21,49
0.732788938671292,0.777607320286409,1082,209,33,57,14,20,19,37
0.686165853658537,0.749322237839432,1073,218,41,57,22,18,19,39
0.801014634146342,0.840067017730042,1053,238,41,57,22,22,19,35
0.745473621103118,0.776487408009547,1068,223,40,68,18,19,22,49
0.698964968152866,0.734192914316364,1072,219,35,64,12,13,23,51
0.733282130056323,0.816925015861311,1080,211,31,52,16,14,15,38
0.777911536934075,0.814261878698512,1087,204,32,47,17,11,15,36
0.698067076292883,0.793527991760255,1085,206,31,53,13,14,18,39
0.825483176564182,0.860677655883401,1075,216,34,57,23,15,11,42
0.740568935856476,0.802722805390812,1067,224,39,70,18,18,21,52
0.780767471119753,0.811439403496488,1056,235,42,74,21,19,21,55
0.668473286120345,0.709206857089355,1077,214,33,54,10,7,23,47
0.781007137192704,0.822414694168982,1055,236,30,53,12,10,18,43
0.712727479526843,0.782282980724417,1048,243,35,52,15,14,20,38
0.720874329159213,0.764738754842515,1076,215,43,64,17,20,26,44
0.737531707317073,0.787106726278755,1061,230,41,65,20,19,21,46
0.739490445859873,0.77455719829129,1097,194,35,53,14,10,21,43
0.747826832894887,0.782841816971455,1057,234,42,54,21,18,21,36
0.706682908388289,0.762022386907579,1065,226,38,74,16,20,22,54
0.774212655828534,0.824774707512834,1045,246,44,58,28,23,16,35
0.718578662475991,0.763561744038736,1072,219,46,61,18,17,28,44
0.770302099334357,0.806606963795857,1079,212,31,63,13,13,18,50
0.720150323584828,0.778668234185335,1052,239,39,45,21,15,18,30
0.735996502541123,0.76140142255633,1067,224,29,56,11,11,18,45
0.69648793178205,0.718225376781697,1072,219,33,64,13,14,20,50
0.72580543537615,0.776410487061853,1074,217,38,63,14,10,24,53
0.769761851520572,0.815006745947254,1076,215,43,68,24,19,19,49
0.761020637371894,0.793099445106599,1062,229,34,58,16,14,18,44
0.772984511517077,0.80431371647438,1087,204,32,50,13,13,19,37
0.799407737220145,0.848414910107716,1046,245,38,53,24,22,14,31
0.79357566122272,0.831727471149714,1070,221,33,46,16,15,17,31
0.747436122831692,0.805605684882295,1098,193,27,44,15,11,12,33
0.695908766329231,0.723142604952146,1081,210,38,72,13,18,25,54
0.688598804500703,0.742566888027357,1062,229,27,49,12,13,15,36
0.807501539303551,0.844524354131245,1060,231,47,51,24,19,23,32
0.714019512195122,0.766138515944281,1045,246,41,66,17,14,24,52
0.784911139793487,0.819868185902653,1086,205,32,54,14,12,18,42
0.699114185956291,0.764686783291254,1073,218,37,53,14,11,23,42
0.738702606349665,0.769631017825087,1073,218,33,61,9,8,24,53
0.768267164347924,0.855899292883768,1072,219,28,51,16,15,12,36
0.685077980438805,0.72917250509039,1043,248,30,50,12,10,18,40
0.695866875372689,0.735886163734206,1069,222,43,76,15,17,28,59
0.749439631018578,0.800166980413147,1070,221,37,60,21,15,16,45
0.716825270948982,0.778309751752417,1090,201,30,50,15,8,15,42
0.710856573705179,0.741980595751335,1055,236,36,52,15,19,21,33
0.689272913466462,0.731444432466134,1074,217,31,55,12,13,19,42
0.637018592297477,0.680589383154704,1050,241,36,65,11,13,25,52
0.718195121951219,0.754220886757453,1062,229,41,67,15,16,26,51
0.76932706256727,0.822012486104498,1073,218,34,59,19,17,15,42
0.730257907338178,0.760926813886694,1041,250,38,55,19,13,19,42
0.657718894009217,0.692942710510543,1054,237,31,54,7,12,24,42
0.755528232109497,0.7899004711146,1052,239,42,69,21,21,21,48
0.707875339454287,0.751966655453419,1087,204,37,61,16,15,21,46
0.71555095468139,0.760412725612791,1071,220,49,57,20,12,29,45
0.810570241421305,0.851616044019786,1054,237,22,54,12,17,10,37
0.728441618193171,0.764660787035395,1040,251,49,68,24,22,25,46
0.734720857316674,0.791383950394287,1071,220,34,51,16,14,18,37
0.823731632247816,0.867530858569476,1080,211,32,48,21,16,11,32
0.786200388882535,0.829424910278055,1069,222,42,62,25,21,17,41
0.786858907044147,0.827797648180276,1088,203,38,50,18,14,20,36
0.772935622904837,0.814648958779926,1051,240,47,64,23,20,24,44
0.672025223391019,0.737070358768298,1075,216,28,59,12,13,16,46
0.741679467485919,0.777711838845917,1076,215,31,61,12,12,19,49
0.754728132387707,0.783665812095825,1060,231,22,54,14,16,8,38
0.72034079332216,0.76780667210678,1056,235,49,67,25,23,24,44
0.719873842877038,0.8073663249024,1084,207,39,60,14,20,25,40
0.744676494676495,0.784622901577023,1069,222,37,56,17,15,20,41
0.728823979452429,0.787040836189965,1076,215,29,55,11,10,18,45
0.724712195121951,0.753543057203033,1054,237,41,52,16,15,25,37
0.710072820160891,0.749371357074378,1046,245,42,59,19,17,23,42
0.761976270849881,0.798421138106074,1060,231,32,55,19,19,13,36
0.790163320698208,0.838050437490701,1053,238,34,62,23,24,11,38
0.774252421732416,0.812652373621036,1062,229,34,65,17,20,17,45
0.794862006560344,0.828093927158324,1065,226,28,43,15,9,13,34
0.749900714853058,0.786008270513197,1066,225,32,53,13,14,19,39
0.717086973788721,0.754104212994564,1088,203,32,67,15,20,17,47
0.696364567332309,0.750078853975477,1061,230,31,55,9,11,22,44
0.764616898738791,0.800439600817945,1070,221,44,63,23,20,21,43
0.791157811260904,0.82712675483549,1073,218,30,49,17,13,13,36
0.760096401329028,0.816873225484038,1059,232,34,57,18,20,16,37
0.744776449756529,0.782611021453842,1077,214,36,62,15,17,21,45
0.744770950486902,0.76356134547314,1099,192,23,56,9,11,14,45
0.684525559709329,0.72750693005165,1051,240,38,55,16,14,22,41
0.764382934919364,0.806852825360643,1064,227,42,61,21,21,21,40
0.754260551298181,0.780016425000087,1085,206,42,66,15,18,27,48
0.689481445072499,0.7307685308932,1048,243,39,62,16,16,23,46
0.677944188428059,0.752717805237955,1034,257,31,52,16,13,15,39
0.763850749144867,0.832023787284716,1062,229,33,53,18,16,15,37
0.74167065745365,0.799167586539401,1090,201,47,56,24,19,23,37
0.760901278976819,0.81129088154359,1052,239,40,55,21,20,19,35
0.841627754567052,0.872293140537119,1069,222,39,62,26,26,13,36
0.764336036700254,0.794394618647154,1062,229,39,60,17,11,22,49
0.767595582385699,0.801606724209466,1067,224,34,51,17,15,17,36
0.790207833733014,0.833678416593613,1084,207,40,62,24,14,16,48
0.792243200137937,0.830915030444661,1084,207,37,60,20,17,17,43
0.773337019742771,0.819951011724,1042,249,39,64,24,23,15,41
0.78957129826695,0.844435976917785,1080,211,26,54,14,16,12,38
0.708452463110848,0.75190375838718,1066,225,49,75,22,18,27,57
0.758623596858891,0.805847479912971,1061,230,33,54,16,17,17,37
0.756451216515114,0.805416906427576,1078,213,39,61,22,16,17,45
0.750254537405932,0.781107019165355,1089,202,36,53,16,11,20,42
0.692451846703733,0.720135940847251,1089,202,32,56,9,10,23,46
0.699081385979049,0.739543125575963,1074,217,50,56,21,21,29,35
0.695100180619146,0.741915733492014,1080,211,38,63,16,11,22,52
0.792721951219512,0.83236311097632,1052,239,41,60,23,18,18,42
0.735790634543604,0.786109877367063,1049,242,28,46,13,12,15,34
0.762727349099004,0.789601272482314,1060,231,38,54,20,14,18,40
0.778230146473864,0.822307088802876,1106,185,34,55,15,12,19,43
0.705046657432383,0.741426485277958,1043,248,44,56,21,15,23,41
0.768630573248407,0.833406644356976,1064,227,35,50,19,19,16,31
0.747030497592296,0.793296930400237,1062,229,45,68,20,17,25,51
0.713349713349713,0.762736707472175,1059,232,33,55,16,18,17,37
0.725730411686587,0.791991809944777,1063,228,36,48,19,13,17,35
0.783530054185744,0.825342901687538,1081,210,38,61,19,18,19,43
0.714873837981407,0.752358680694312,1081,210,36,64,14,19,22,45
0.768901693731448,0.806915637926115,1062,229,46,71,23,23,23,48
0.793922878574777,0.833093145138487,1068,223,27,51,15,18,12,33
0.733237297014144,0.77520174572598,1087,204,46,55,21,15,25,40
0.746782722635594,0.811445195042029,1082,209,34,52,15,14,19,38
0.826492267668738,0.869136261594929,1078,213,33,58,22,17,11,41
0.707702918229234,0.746214616154154,1072,219,37,51,18,19,19,32
0.802343039126479,0.824001985244238,1048,243,35,48,18,15,17,33
0.720573262505533,0.7634334120791,1070,221,36,55,15,13,21,42
0.77594456517595,0.81902131453882,1045,246,42,58,21,21,21,37
0.721159626209082,0.760156126930954,1107,184,29,53,12,14,17,39
0.707767076868201,0.770128975805468,1052,239,45,64,21,20,24,44
0.759267640846588,0.811928259741515,1079,212,37,51,16,13,21,38
0.701280081925243,0.744130546577241,1090,201,31,68,12,18,19,50
0.700684311729442,0.731976930607306,1082,209,28,50,8,8,20,42
0.727521951219512,0.775956586113137,1077,214,41,57,17,17,24,40
0.669045373312153,0.717126525709576,1063,228,32,55,9,19,23,36
0.739475431606906,0.779497586493244,1067,224,36,55,19,21,17,34
0.69295737618719,0.730881930263988,1068,223,49,57,19,17,30,40
0.779686250999201,0.827296076756468,1066,225,40,56,20,21,20,35
0.758591065292096,0.799009549493631,1075,216,30,53,14,9,16,44
0.793520530710283,0.84611599508269,1069,222,42,69,25,20,17,49
0.696608373078961,0.768077841034792,1095,196,33,52,14,15,19,37
0.77380385937087,0.802143040017323,1053,238,30,52,14,15,16,37
0.745363062352013,0.799354415619329,1042,249,24,59,14,16,10,43
0.734985365853659,0.75524243765584,1053,238,41,62,17,9,24,53
0.709544573643411,0.747083895797334,1084,207,43,68,17,16,26,52
0.75962325962326,0.811713331883322,1076,215,37,66,19,19,18,47
0.737238398544131,0.767580099310645,1058,233,35,59,15,16,20,43
0.721753398968589,0.749552512966392,1080,211,27,43,9,11,18,32
0.742779861200914,0.798341639858759,1058,233,37,54,18,13,19,41
0.799292311055249,0.852515375348556,1056,235,29,65,18,19,11,46
0.774867197875166,0.811962362889074,1042,249,36,52,20,21,16,31
0.728512004827794,0.76591506075261,1052,239,37,59,18,21,19,38
0.683263477381124,0.719045378865932,1062,229,33,55,13,14,20,41
0.72130054046658,0.770303283889032,1060,231,47,64,20,18,27,46
0.75358667593328,0.793571728985755,1093,198,32,44,14,10,18,34
0.796129621347645,0.827075913638569,1058,233,43,56,25,22,18,34
0.661450924608819,0.722942473361941,1086,205,37,45,17,12,20,33
0.762977707006369,0.804547132526153,1055,236,35,60,20,21,15,39
0.697993680884676,0.723618676211085,1072,219,25,49,8,8,17,41
0.659576888080073,0.70144784776739,1072,219,35,56,10,7,25,49
0.76018225503985,0.803910077309101,1073,218,27,57,16,14,11,43
0.737378375694996,0.79414016036715,1050,241,32,64,16,14,16,50
0.791309841358978,0.816114507697863,1067,224,34,57,15,15,19,42
0.621411414846163,0.664808085854722,1081,210,42,61,13,11,29,50
0.765975422427035,0.796671484874581,1075,216,31,64,15,16,16,48
0.750724637681159,0.776702841432451,1069,222,46,55,23,16,23,39
0.728169678316124,0.795241787469364,1066,225,32,46,15,10,17,36
0.765177772808587,0.815522914615246,1047,244,43,57,26,13,17,44
0.684468292682927,0.72410079945331,1049,242,41,56,17,16,24,40
0.738523683045595,0.786340668438321,1056,235,36,55,17,20,19,35
0.70684168655529,0.736654436204121,1058,233,34,52,14,11,20,41
0.739148239148239,0.773852899827374,1096,195,37,44,17,10,20,34
0.705947407225363,0.771511752996312,1084,207,39,58,20,18,19,40
0.785035842293907,0.814805579317549,1075,216,31,53,15,13,16,40
0.778871168419862,0.820032707435206,1089,202,28,58,13,19,15,39
0.778648233486943,0.808264940381777,1072,219,31,54,15,15,16,39
0.681588686227861,0.732365243378122,1060,231,30,57,11,9,19,48
0.740853819719799,0.807937741832526,1080,211,30,41,15,13,15,28
0.762238362118266,0.823875629723826,1093,198,42,51,23,20,19,31
0.739210415951809,0.791253654203433,1068,223,42,60,20,16,22,44
0.687865457128805,0.737613830870201,1073,218,29,59,10,14,19,45
0.676107029388404,0.732730092496989,1064,227,32,52,14,9,18,43
0.716909882232463,0.75724873191026,1044,247,31,55,15,16,16,39
0.772308084858205,0.809823942911687,1050,241,44,67,23,24,21,43
0.716792481604331,0.772499632692585,1064,227,42,59,19,20,23,39
0.686653386454183,0.72698535361314,1086,205,36,59,15,14,21,45
0.740207833733014,0.798014911835171,1072,219,40,60,18,17,22,43
0.748341359015516,0.790653697168426,1097,194,45,78,19,19,26,59
0.778115436010173,0.820374903178593,1083,208,37,55,19,20,18,35
0.757358790771679,0.806431817015079,1067,224,34,58,16,15,18,43
0.746682381700716,0.788880704347273,1057,234,46,57,24,18,22,39
0.811935514062427,0.838053059567129,1073,218,34,49,17,13,17,36
0.791327442414615,0.827504861399549,1060,231,32,53,20,18,12,35
0.77537534121929,0.819178075662545,1076,215,35,49,18,11,17,38
0.769047619047619,0.825801583011514,1047,244,31,60,17,17,14,43
0.710375363468147,0.75029833714343,1049,242,30,50,15,14,15,36
0.715506232897537,0.784328452470687,1076,215,26,49,11,13,15,36
0.748183309892171,0.798598493270224,1067,224,27,51,12,14,15,37
0.748596097150077,0.789121484178375,1040,251,34,52,17,14,17,38
0.684575012800819,0.729518638000083,1072,219,31,47,10,5,21,42
0.699355276552426,0.769726803422421,1072,219,28,50,12,14,16,36
0.708617499339149,0.773491010946278,1055,236,30,57,14,18,16,39
0.802376347866854,0.832594021681832,1087,204,27,53,14,15,13,38
0.762223472065992,0.795335704547096,1055,236,21,53,9,14,12,39
0.691924476797088,0.730061696943884,1069,222,35,60,14,14,21,46
0.688871730076279,0.715336556027107,1069,222,34,52,13,13,21,39
0.743177163338454,0.793422550288582,1073,218,31,55,15,13,16,42
0.697241138466911,0.76354967909099,1056,235,46,48,23,17,23,31
0.804825908858167,0.83046619522254,1068,223,31,42,18,11,13,31
0.71872852233677,0.761768581764286,1051,240,30,60,15,22,15,38
0.743566904196358,0.786066664607777,1066,225,28,66,14,15,14,51
0.690474889338215,0.742064387784251,1047,244,29,62,15,17,14,45
0.745971419884463,0.828152830126179,1064,227,26,43,11,9,15,34
0.687760306986756,0.755793843159014,1080,211,34,46,14,7,20,39
0.735394265232975,0.797361142223668,1078,213,31,52,20,17,11,35
0.696417197452229,0.739825377067927,1055,236,35,51,14,10,21,41
0.723619552566921,0.737771184558051,1063,228,37,62,15,14,22,48
0.715327578574591,0.760254409325937,1080,211,36,59,14,13,22,46
0.758932853717026,0.799008486344709,1059,232,40,55,22,24,18,31
0.762025913423352,0.80064695419317,1073,218,32,61,17,18,15,43
0.728850508262273,0.769422758320775,1075,216,33,50,15,12,18,38
0.71554174495351,0.771564561457277,1057,234,33,51,11,11,22,40
0.769546850998464,0.819368337317411,1062,229,31,58,14,13,17,45
0.758265442475969,0.806662268643758,1087,204,37,54,18,19,19,35
0.755135044314697,0.798787676928974,1059,232,38,53,20,16,18,37
0.757939685081399,0.793966556821872,1089,202,42,55,22,20,20,35
0.721187800963082,0.773215001650561,1067,224,45,61,19,15,26,46
0.77233676975945,0.821479239837659,1072,219,30,57,16,14,14,43
0.725031210986267,0.771198144552006,1072,219,45,60,22,15,23,45
0.763565509076559,0.81456632062957,1104,187,24,61,12,9,12,52
0.736203366696997,0.79638565728426,1065,226,35,59,20,18,15,41
0.733565737051793,0.777777841291954,1074,217,36,56,14,16,22,40
0.816816171049398,0.836164367047449,1066,225,39,66,21,23,18,43
0.738952892985151,0.805980206144832,1074,217,31,59,18,14,13,45
0.765814519698982,0.782119813311944,1066,225,36,59,15,12,21,47
0.784827357237716,0.84450801369859,1059,232,36,46,21,15,15,31
0.74894527729991,0.784974544332111,1076,215,39,53,19,11,20,42
0.788384903891233,0.838559423189962,1049,242,27,59,15,18,12,41
0.796093129467832,0.838150008397788,1068,223,32,45,21,17,11,28
0.775552234453598,0.816619893520856,1051,240,44,62,20,13,24,49
0.777113767153608,0.812560454264263,1055,236,36,52,22,19,14,33
0.779151501364877,0.818889632970007,1074,217,35,55,19,11,16,44
0.67286932414836,0.724111234378539,1068,223,38,57,15,13,23,44
0.733912294703239,0.787042008529496,1073,218,38,75,18,16,20,59
0.733921883360086,0.770083970124894,1078,213,45,65,21,19,24,46
0.701010819431872,0.752736377922655,1069,222,37,68,15,14,22,54
0.797475314708222,0.831658825124948,1075,216,34,48,20,18,14,30
0.726567138117688,0.772295490615498,1066,225,46,62,21,19,25,43
0.786294667873615,0.82913645954417,1097,194,37,53,19,14,18,39
0.781451612903226,0.823454429522563,1055,236,31,57,18,15,13,42
0.767972554227534,0.815917077675753,1065,226,36,55,21,14,15,41
0.686040525995601,0.767860153729749,1068,223,34,53,15,17,19,36
0.725885347498893,0.759642795238683,1061,230,36,48,14,10,22,38
0.676280081925243,0.731026536068566,1047,244,31,51,14,14,17,37
0.72454577045274,0.765975576909568,1067,224,32,54,16,19,16,35
0.760499404289118,0.801652836528396,1063,228,32,55,16,14,16,41
0.741191763015667,0.792569978580619,1042,249,47,74,22,23,25,51
0.702486278364873,0.751124260804061,1069,222,39,73,16,20,23,53
0.846536732893687,0.874408176121554,1051,240,38,59,27,19,11,40
0.716249422438778,0.75386339775444,1060,231,38,55,17,13,21,42
0.727057836745587,0.771308566234853,1068,223,42,60,22,23,20,37
0.737170688932098,0.782457470526557,1061,230,42,54,20,14,22,40
0.739835683081811,0.776010929766488,1075,216,32,58,10,18,22,40
0.736992421671756,0.758645606957972,1078,213,28,49,11,10,17,39
0.685584257569376,0.758056055160054,1058,233,34,54,15,20,19,34
0.783044638976842,0.812424327021435,1048,243,52,69,30,28,22,41
0.739276228419655,0.779379263876499,1064,227,36,59,16,16,20,43
0.738236849061591,0.780961408652652,1075,216,30,56,14,16,16,40
0.745971668880035,0.784763148629274,1081,210,36,70,16,19,20,51
0.747316944224161,0.786787304898917,1077,214,30,60,15,10,15,50
0.711243913235945,0.740479212333062,1074,217,36,58,13,17,23,41
0.793427951175555,0.82041149733007,1048,243,39,59,18,15,21,44
0.688815528196982,0.75941790137279,1071,220,32,48,14,15,18,33
0.730604444071072,0.758578103929401,1061,230,38,67,15,17,23,50
0.771915937170174,0.81777539426146,1052,239,52,75,31,25,21,50
0.729873372570002,0.773471581166249,1092,199,45,59,20,17,25,42
0.7356287818995,0.781952529004879,1059,232,24,47,11,11,13,36
0.682642089093702,0.736542299060193,1059,232,31,50,11,16,20,34
0.805053566662854,0.843735959435233,1037,254,42,58,25,23,17,35
0.723199275830855,0.774262347874035,1054,237,37,52,20,14,17,38
0.699150226788349,0.753857496750006,1085,206,29,60,12,13,17,47
0.732579905470542,0.75142851999286,1058,233,34,53,16,11,18,42
0.802115145345549,0.84145814579225,1055,236,28,50,18,19,10,31
0.780519653818293,0.821917951475214,1073,218,42,67,26,27,16,40
0.801242454022182,0.842493763541218,1075,216,34,57,20,15,14,42
0.70306909780594,0.750435469679913,1074,217,37,63,14,14,23,49
0.789239916899491,0.819721220929292,1052,239,22,63,10,16,12,47
0.749705968832696,0.775875378202584,1064,227,38,65,16,16,22,49
0.712644485001638,0.748580912607576,1065,226,34,56,15,12,19,44
0.753355016408814,0.791102944742914,1069,222,27,55,15,21,12,34
0.690816414500625,0.730254904667417,1058,233,37,61,14,14,23,47
0.7736324841588,0.818579971419545,1063,228,37,64,21,21,16,43
0.73194746273209,0.770071437502455,1075,216,42,53,19,15,23,38
0.762280175859313,0.789283938937755,1070,221,40,60,16,12,24,48
0.751159371111865,0.809203217383595,1081,210,28,47,16,17,12,30
0.75435997494821,0.799986296890517,1081,210,33,52,15,18,18,34
0.794905273937532,0.844103563702254,1083,208,31,46,18,16,13,30
0.711800039714059,0.770571950700445,1061,230,32,56,17,19,15,37
0.66148771610555,0.702526310913669,1053,238,35,53,12,18,23,35
0.759032773780975,0.792994346543076,1050,241,40,46,20,17,20,29
0.824125967440619,0.860588937318244,1057,234,42,67,29,24,13,43
0.728167466027178,0.785727963730338,1070,221,40,63,20,21,20,42
0.674398361495136,0.750338914553674,1065,226,31,52,12,9,19,43
0.807724618809594,0.846096230434708,1066,225,38,53,23,17,15,36
0.729039397963701,0.776375210748406,1065,226,36,44,16,8,20,36
0.715241315579451,0.773852620684048,1070,221,38,60,16,15,22,45
0.745663384903891,0.791801017588864,1066,225,27,56,11,19,16,37
0.700691244239631,0.741454876609843,1077,214,31,61,15,15,16,46
0.708666969972702,0.752655942870704,1071,220,35,54,13,8,22,46
0.757940693858415,0.802541365907433,1070,221,27,57,13,9,14,48
0.703265338393422,0.749818157236069,1065,226,51,65,22,14,29,51
0.746246587807097,0.801434078085102,1039,252,35,62,16,15,19,47
0.653127231486538,0.706672196234959,1062,229,38,65,14,15,24,50
0.745482099965687,0.800189326168603,1059,232,42,64,21,22,21,42
0.706879249610879,0.752778180687058,1078,213,39,60,18,16,21,44
0.699740744976934,0.762141358898059,1072,219,42,70,21,19,21,51
0.762913685152057,0.791419258059855,1067,224,43,75,21,18,22,57
0.784576052422558,0.836199023568302,1073,218,32,54,18,12,14,42
0.742208174066451,0.79033716722238,1066,225,38,56,21,13,17,43
0.777556968733439,0.811182150651892,1069,222,33,54,14,16,19,38
0.698351040283311,0.735731435133095,1082,209,36,67,14,19,22,48
0.728277153558052,0.776994808256564,1093,198,45,60,19,17,26,43
0.749931690256298,0.81839440754886,1060,231,29,43,13,13,16,30
0.742080351818724,0.804918208571289,1069,222,43,62,19,17,24,45
0.698660057966144,0.733221149871135,1044,247,38,51,14,11,24,40
0.696414342629482,0.733388727523189,1094,197,36,67,8,15,28,52
0.775356576862124,0.806162560089725,1077,214,29,54,15,13,14,41
0.716489597166888,0.738513923778133,1079,212,36,59,12,14,24,45
0.778852762357917,0.789556345059164,1048,243,30,56,14,23,16,33
0.719880666437912,0.773559177733266,1074,217,42,58,19,19,23,39
0.773729701414353,0.822247711304458,1076,215,46,57,24,21,22,36
0.756335212217565,0.791156684139558,1076,215,33,62,16,15,17,47
0.720908085524699,0.765005290912655,1060,231,39,57,13,16,26,41
0.726742454328832,0.791547127524879,1046,245,32,50,17,20,15,30
0.749769797421731,0.783286633209401,1071,220,24,55,14,14,10,41
0.772193778256834,0.79792430448591,1051,240,54,77,25,26,29,51
0.719560975609756,0.766110441702935,1072,219,41,63,14,13,27,50
0.763269891620407,0.803308493585033,1075,216,30,48,19,17,11,31
0.718415105343734,0.7734557655427,1063,228,44,58,24,18,20,40
0.717964848068931,0.764842686795564,1075,216,42,56,17,17,25,39
0.731913051616828,0.785496473737771,1052,239,34,63,17,20,17,43
0.786662330779978,0.848450324959479,1074,217,33,52,21,19,12,33
0.762795498246805,0.814973990800192,1080,211,28,53,14,15,14,38
0.775726676043132,0.810486995641314,1076,215,27,49,14,17,13,32
0.793251906968038,0.84734236517252,1061,230,34,58,24,19,10,39
0.768655075939249,0.808494178073633,1070,221,40,61,23,25,17,36
0.718143104497169,0.745358224081508,1061,230,34,64,14,16,20,48
0.741350098091671,0.788550378953065,1061,230,45,70,23,22,22,48
0.728966270424665,0.766815749043869,1066,225,38,58,16,12,22,46
0.732257417802727,0.771409183457834,1080,211,44,61,22,17,22,44
0.735085564032932,0.777467405827829,1061,230,37,55,20,19,17,36
0.765414634146341,0.821134673657702,1046,245,41,63,23,21,18,42
0.697714426148931,0.763889127651611,1076,215,39,48,17,8,22,40
0.731086671581879,0.767775293581294,1061,230,39,52,19,17,20,35
0.7457648930694,0.79854799748967,1062,229,34,59,18,16,16,43
0.737749003984064,0.790802026622416,1070,221,36,57,16,17,20,40
0.770882897171557,0.794131473257036,1063,228,30,50,15,13,15,37
0.689819365937577,0.73162699706995,1047,244,39,63,16,14,23,49
0.735225656278288,0.788210275330545,1064,227,37,56,19,13,18,43
0.789145491132014,0.851934160157922,1055,236,34,67,25,25,9,42
0.773675574308486,0.810257221324841,1071,220,27,62,13,15,14,47
0.721223839854413,0.762648513568831,1071,220,35,48,13,9,22,39
0.788023317435082,0.833212343428251,1057,234,33,49,19,17,14,32
0.73536785146942,0.772869235771523,1075,216,32,55,13,13,19,42
0.685978308986277,0.739602214253694,1091,200,36,53,12,8,24,45
0.65634294581663,0.690518306457231,1074,217,37,66,11,13,26,53
0.745135688684076,0.78402367774449,1078,213,31,50,12,11,19,39
0.740338029218843,0.768051714756365,1100,191,43,59,17,14,26,45
0.703109644812579,0.741248188948229,1066,225,34,54,11,10,23,44
0.743141492265696,0.78852016391205,1083,208,35,52,18,19,17,33
0.674312796208531,0.702440759942392,1072,219,25,56,10,16,15,40
0.764859075061956,0.820277365742035,1079,212,38,61,23,17,15,44
0.74384280593958,0.78432419236544,1067,224,31,64,15,15,16,49
0.745482099965687,0.799691566085729,1054,237,42,65,18,19,24,46
0.73095557543232,0.767825245678091,1044,247,43,57,18,16,25,41
0.728388709203176,0.760984266018073,1061,230,38,63,17,17,21,46
0.762589928057554,0.806943192686653,1094,197,40,64,16,14,24,50
0.707921197879666,0.773589143823744,1055,236,29,62,15,16,14,46
0.725443399316767,0.770772067825838,1057,234,34,56,12,12,22,44
0.795583078837236,0.831135089834217,1087,204,28,46,16,14,12,32
0.781443298969072,0.810122698274203,1071,220,30,52,17,19,13,33
0.693638895715573,0.741869301348095,1060,231,39,58,17,13,22,45
0.753517186250999,0.785512183006468,1054,237,40,59,18,19,22,40
0.726330755232029,0.77532411389127,1068,223,35,62,18,19,17,43
0.781572676727561,0.809349286282768,1065,226,32,69,16,25,16,44
0.697655784138342,0.742586061971074,1063,228,43,51,20,20,23,31
0.768253658536585,0.817295854328567,1066,225,41,62,22,18,19,44
0.733366533864542,0.775429107434328,1062,229,36,47,15,12,21,35
0.744876051350155,0.765752390225058,1076,215,36,55,14,15,22,40
0.711979325022803,0.764973009336971,1099,192,26,58,10,17,16,41
0.76114932846647,0.789796966512216,1050,241,34,48,16,14,18,34
0.781051429706116,0.814604270960467,1058,233,32,55,19,17,13,38
0.650259792166267,0.691748071926815,1078,213,40,70,14,14,26,56
0.751023657870792,0.786011098510863,1068,223,35,58,15,14,20,44
0.789840637450199,0.82511316877225,1064,227,36,60,21,21,15,39
0.773037107239192,0.816009389478119,1069,222,44,45,26,13,18,32
0.712992334126355,0.782858624334011,1062,229,30,47,16,10,14,37
0.775848407016777,0.799993624075049,1070,221,29,52,14,12,15,40
0.702322437945441,0.757658782880441,1063,228,39,58,19,19,20,39
0.718409519128369,0.765357443944794,1051,240,39,57,17,18,22,39
0.761843902439024,0.815266215333897,1062,229,41,57,24,16,17,41
0.762087804878049,0.810328726420106,1097,194,41,58,20,19,21,39
0.768655252363117,0.815017333426674,1079,212,45,55,24,13,21,42
0.756880148720566,0.796244227518793,1076,215,44,62,21,18,23,44
0.669208132691279,0.732478008564816,1047,244,45,61,20,16,25,45
0.744899225575854,0.802446613849733,1059,232,32,51,16,18,16,33
0.756913387000596,0.779314723004931,1075,216,43,60,17,13,26,47
0.731746031746032,0.766691746220514,1095,196,31,47,10,11,21,36
0.787258789320645,0.812325274051693,1087,204,30,50,15,11,15,39
0.735266257040451,0.792080793971602,1060,231,31,52,17,14,14,38
0.769413998137402,0.798405875719912,1071,220,22,68,11,14,11,54
0.712146549103071,0.769993176267124,1059,232,26,57,15,14,11,43
0.788981702466189,0.836099602841039,1077,214,34,63,19,25,15,38
0.758421868083223,0.788970830989619,1069,222,36,59,19,11,17,48
0.63989597166888,0.689791191806016,1057,234,36,52,16,15,20,37
0.755227152285976,0.798689632801693,1076,215,33,52,16,15,17,37
0.705005324813631,0.763986510637754,1064,227,39,66,17,17,22,49
0.679813282647585,0.713981142532849,1054,237,43,65,15,15,28,50
0.776100262942368,0.811840729494559,1046,245,37,63,20,18,17,45
0.755767700875099,0.807661158077481,1063,228,34,70,12,16,22,54
0.701621371865418,0.760624871413858,1081,210,38,50,12,9,26,41
0.763330300272975,0.788999512972474,1092,199,35,55,14,15,21,40
0.728296478296478,0.762290504918538,1074,217,33,59,13,12,20,47
0.7684242632201,0.803574010139233,1057,234,42,65,22,24,20,41
0.70203542162305,0.777807292865973,1067,224,30,66,13,14,17,52
0.692712195121951,0.745761356220207,1069,222,41,66,21,13,20,53
0.758897957662492,0.812612970810913,1034,257,43,55,26,26,17,29
0.690664556962025,0.727491241594081,1078,213,27,53,12,15,15,38
0.705387205387205,0.763105082662037,1046,245,22,48,11,12,11,36
0.67997542997543,0.73761055284824,1077,214,33,52,10,11,23,41
0.724513798462637,0.765927710939336,1063,228,38,47,19,17,19,30
0.715808375687823,0.76121582199404,1088,203,38,53,17,12,21,41
0.735969966823817,0.783813424588891,1074,217,46,48,25,18,21,30
0.710015835312747,0.742007059977554,1061,230,28,47,13,10,15,37
0.73801672485883,0.774780254041417,1072,219,37,54,13,14,24,40
0.739363765679555,0.791381635632138,1077,214,37,47,19,13,18,34
0.732090379149203,0.786901748806205,1056,235,33,59,19,20,14,39
0.641924220871589,0.678752885551218,1084,207,37,64,12,19,25,45
0.732006369426752,0.769832629065357,1062,229,35,49,13,12,22,37
0.673151219512195,0.716661424914704,1062,229,41,64,14,14,27,50
0.768872368313263,0.825565709475112,1049,242,39,51,21,15,18,36
0.732539913975359,0.769469406575482,1074,217,44,70,13,12,31,58
0.809046961325967,0.829077428001495,1062,229,24,49,17,16,7,33
0.758864479452715,0.808575017521186,1065,226,33,55,19,16,14,39
0.800043358866888,0.848794737400563,1075,216,33,50,21,18,12,32
0.749415040479199,0.785952058561222,1056,235,34,58,18,17,16,41
0.710918722327641,0.759592814972218,1100,191,51,75,21,18,30,57
0.712878565127903,0.749657084561743,1072,219,38,56,17,10,21,46
0.738878830984094,0.776345311747069,1060,231,37,57,19,20,18,37
0.755549808181387,0.810647037502975,1087,204,37,60,18,19,19,41
0.75929253867152,0.821532577971624,1084,207,35,45,19,14,16,31
0.74286607181344,0.774514093457343,1072,219,37,60,18,22,19,38
0.670971228384019,0.730749590707067,1066,225,43,48,16,7,27,41
0.715159925984668,0.787324955895113,1072,219,30,51,10,11,20,40
0.763585778291661,0.817448429178717,1042,249,33,52,15,14,18,38
0.750341219290264,0.792937019419574,1088,203,35,38,15,6,20,32
0.706234146341463,0.760540172910394,1068,223,41,49,16,14,25,35
0.738755957108816,0.780063421559257,1074,217,32,47,14,14,18,33
0.823063302346171,0.839324516170247,1062,229,36,50,21,15,15,35
0.749159923192978,0.761720640404048,1069,222,23,42,8,10,15,32
0.746862509992006,0.795203944327395,1080,211,40,52,19,16,21,36
0.721834882691456,0.776097628861372,1065,226,36,61,19,14,17,47
0.774474041398032,0.813871309631393,1077,214,28,52,11,13,17,39
0.684004866863213,0.719427162882621,1065,226,34,56,11,14,23,42
0.756252766710934,0.807575471963079,1063,228,36,53,19,15,17,38
0.754631400622985,0.790480292967218,1051,240,29,55,16,20,13,35
0.728282999660672,0.762416924191896,1049,242,28,53,16,20,12,33
0.741912435390696,0.803698936403757,1102,189,26,55,14,15,12,40
0.70402989057913,0.749073624301093,1047,244,42,58,20,18,22,40
0.736810846235766,0.781581027443555,1071,220,39,49,21,13,18,36
0.729696187450357,0.7605282824543,1077,214,32,50,12,13,20,37
0.769981211157682,0.819725190332451,1071,220,33,57,20,20,13,37
0.700619295958279,0.736670400217132,1070,221,52,61,22,18,30,43
0.783053658536585,0.817299001570951,1087,204,41,60,19,11,22,49
0.748085436033643,0.784386934376893,1064,227,36,58,18,18,18,40
0.793295834600182,0.826811265482156,1066,225,26,63,14,17,12,46
0.722799382282746,0.775664177657165,1062,229,34,52,15,16,19,36
0.664614773629865,0.714090438028064,1083,208,32,53,10,13,22,40
0.762979300984052,0.791502125728727,1068,223,28,69,12,15,16,54
0.73277402700556,0.780927556901375,1057,234,32,53,15,15,17,38
0.745243814098898,0.795278685870796,1051,240,42,65,23,24,19,41
0.708289065958388,0.74307913956983,1070,221,36,55,13,9,23,46
0.770700636942675,0.823263560179531,1078,213,35,52,17,10,18,42
0.759343075132549,0.797429047078843,1059,232,37,59,16,13,21,46
0.674608655616943,0.715940798603646,1081,210,24,48,9,15,15,33
0.684956105347167,0.726502924012623,1086,205,38,56,10,9,28,47
0.6822622265913,0.722564106440002,1045,246,39,66,17,21,22,45
0.694124746756326,0.740957211728092,1073,218,37,52,16,19,21,33
0.655761024182077,0.693161857940909,1076,215,37,74,11,14,26,60
0.725033927652206,0.769366116602171,1062,229,34,61,18,15,16,46
0.778170981560812,0.818598434515435,1054,237,52,66,32,24,20,42
0.798727312970341,0.830298425104396,1064,227,36,55,20,13,16,42
0.760361230589779,0.796490780201665,1096,195,44,46,18,12,26,34
0.746934812111002,0.788083454087635,1074,217,34,50,14,11,20,39
0.770695867845945,0.802501160199738,1051,240,34,50,18,14,16,36
0.734332533972822,0.796262132578991,1059,232,40,67,23,21,17,46
0.779624121729385,0.831732864265489,1065,226,37,50,24,13,13,37
0.77100487804878,0.810448124556084,1060,231,41,62,20,18,21,44
0.749841395717684,0.803399000903069,1076,215,30,47,14,17,16,30
0.723924731182796,0.769210876242058,1062,229,31,51,15,13,16,38
0.709234455640206,0.763480390754708,1076,215,39,65,17,19,22,46
0.735865881933298,0.789568390429528,1059,232,45,63,27,18,18,45
0.734968926145397,0.798349198865513,1071,220,33,55,14,15,19,40
0.762010391686651,0.799928344368602,1047,244,40,56,21,14,19,42
0.768043303929431,0.821136485893331,1082,209,44,61,25,24,19,37
0.796724214254095,0.820902127706965,1056,235,36,64,23,20,13,44
0.74720692368214,0.809589174803332,1041,250,20,34,10,8,10,26
0.758634002527025,0.806631818106015,1064,227,34,57,15,15,19,42
0.713706053396775,0.754909757778242,1070,221,30,50,9,15,21,35
0.738749000799361,0.788247071096047,1050,241,40,60,23,15,17,45
0.771727609962904,0.796178097027589,1057,234,33,65,15,15,18,50
0.735690528196982,0.778048395932333,1073,218,32,55,13,16,19,39
0.761072027411241,0.79374347475819,1050,241,44,60,22,20,22,40
0.79080982711556,0.826128476726242,1064,227,35,63,17,19,18,44
0.767607281576115,0.786741062281043,1077,214,34,45,18,12,16,33
0.754989078633836,0.803727171330416,1055,236,32,60,15,11,17,49
0.749894263811789,0.794828819257738,1082,209,30,59,14,12,16,47
0.810812152501986,0.85089911648885,1049,242,32,52,22,14,10,38
0.784474763688247,0.822094753343303,1073,218,45,56,23,21,22,35
0.751169064748201,0.782602596229611,1070,221,40,51,20,13,20,38
0.719135014944959,0.771957245629624,1061,230,44,55,25,14,19,41
0.738399431362543,0.780800320406303,1053,238,44,57,23,23,21,34
0.722474977252047,0.747724979683868,1064,227,35,54,15,13,20,41
0.702325934934631,0.735856412683066,1068,223,26,54,9,12,17,42
0.734545369460433,0.773807853756528,1054,237,34,55,17,17,17,38
0.779863414634146,0.807703782094474,1071,220,41,50,22,13,19,37
0.70066451401563,0.745636530530683,1064,227,34,51,17,16,17,35
0.738309352517986,0.770711930819818,1086,205,40,57,17,13,23,44
0.714643902439024,0.762050806107792,1065,226,41,48,19,13,22,35
0.681516444674339,0.717911683480379,1045,246,37,62,17,20,20,42
0.695873681167799,0.758581379791451,1064,227,33,48,13,8,20,40
0.730885291766587,0.75923055762963,1089,202,40,59,19,19,21,40
0.72476638067654,0.773057062371518,1084,207,29,60,12,14,17,46
0.778725038402458,0.811385105033548,1071,220,31,56,15,15,16,41
0.716187760882528,0.746193955952861,1052,239,43,50,21,17,22,33
0.783108708877346,0.838719680441455,1081,210,34,58,19,11,15,47
0.682536585365854,0.719171958308753,1080,211,41,58,15,17,26,41
0.790454329928014,0.832958857578089,1054,237,37,69,21,21,16,48
0.702058536585366,0.738700472625399,1059,232,41,59,12,17,29,42
0.730652866242038,0.783966605592128,1055,236,35,59,20,18,15,41
0.71534555851326,0.764302228211003,1052,239,49,66,23,21,26,45
0.743559096945551,0.75553343822461,1067,224,36,66,15,21,21,45
0.754687702056123,0.793963628099319,1060,231,37,57,22,17,15,40
0.739225045626843,0.785690730629401,1074,217,34,54,15,14,19,40
0.766819034224097,0.814723531793907,1061,230,27,43,12,11,15,32
0.725331776849349,0.765540852501735,1097,194,39,56,17,12,22,44
0.744131641554322,0.792330978723193,1065,226,30,59,16,23,14,36
0.733248780487805,0.794055282921914,1071,220,41,58,22,21,19,37
0.703751660026561,0.739377822415157,1087,204,36,47,12,12,24,35
0.751679364299173,0.77516728942619,1065,226,39,60,17,14,22,46
0.773908182057353,0.825354998923279,1076,215,24,47,14,16,10,31
0.718056872037915,0.750032586792117,1049,242,25,52,12,15,13,37
0.747431553636811,0.784828473969092,1078,213,29,51,13,10,16,41
0.72740521269933,0.764662705254269,1066,225,33,57,16,13,17,44
0.755460683081811,0.808734348492712,1069,222,32,53,18,16,14,37
0.742642140468228,0.790506179873885,1087,204,26,34,12,8,14,26
0.745518880813159,0.814249984736647,1097,194,29,53,15,17,14,36
0.768115942028986,0.821270904877306,1063,228,49,63,29,22,20,41
0.76824644549763,0.814488394654851,1103,188,25,51,12,17,13,34
0.714804517436096,0.761400104615262,1063,228,37,54,18,14,19,40
0.698817106460419,0.737348397694054,1056,235,35,53,15,17,20,36
0.749539170506912,0.79738164409287,1082,209,31,52,13,10,18,42
0.817435082140964,0.849087920262606,1066,225,33,51,17,19,16,32
0.726546427101906,0.770778668838393,1080,211,23,52,11,8,12,44
0.727896602996683,0.796573727644661,1070,221,42,57,20,13,22,44
0.78696542311192,0.834274335050205,1082,209,35,55,22,21,13,34
0.738563461398265,0.796464144523463,1064,227,44,49,24,20,20,29
0.675324067574524,0.727512648532061,1066,225,34,45,15,13,19,32
0.752589487883606,0.7874399789845,1058,233,33,50,10,8,23,42
0.723854660347551,0.787091344065694,1073,218,25,53,12,14,13,39
0.808799368088468,0.836626970042203,1061,230,25,57,14,16,11,41
0.731597173475595,0.770559422530057,1053,238,34,56,17,15,17,41
0.715335298797323,0.76673990672022,1076,215,34,62,14,15,20,47
0.693780433820275,0.735403881128153,1040,251,36,48,17,15,19,33
0.754686266771902,0.772133862000769,1063,228,24,59,9,14,15,45
0.75703121344003,0.793719796073296,1037,254,34,55,19,16,15,39
0.715658696671355,0.751896378224617,1058,233,27,59,13,11,14,48
0.742316147082334,0.80762106422662,1077,214,40,59,21,15,19,44
0.676804292618989,0.718899472752664,1055,236,39,72,15,20,24,52
0.73753432576962,0.781272573431709,1067,224,33,57,15,13,18,44
0.736141644036381,0.769898857090862,1083,208,37,57,17,19,20,38
0.796005376569916,0.847335922196225,1064,227,38,58,23,22,15,36
0.682507866718393,0.756685526707237,1042,249,37,56,13,18,24,38
0.744509893629189,0.777975838729335,1080,211,42,57,19,15,23,42
0.824946341463415,0.855466787297241,1057,234,41,52,26,20,15,32
0.740704428117554,0.78686851055977,1077,214,32,49,14,12,18,37
0.731278434940855,0.767731545753722,1060,231,35,53,15,13,20,40
0.764928057553957,0.811021486798339,1062,229,40,58,21,17,19,41
0.786060270850094,0.822332614354294,1056,235,48,58,31,22,17,36
0.768281291700027,0.807598881297118,1062,229,42,71,23,20,19,51
0.753211736716891,0.810554346461755,1092,199,30,47,16,17,14,30
0.69601320380379,0.732230102390041,1062,229,47,73,17,23,30,50
0.788375796178344,0.812486877720844,1068,223,35,54,18,13,17,41
0.751606670307053,0.810376450946784,1054,237,38,60,17,17,21,43
0.706562638335546,0.750415662116919,1069,222,36,59,14,12,22,47
0.677195782752972,0.716476787459876,1079,212,38,49,10,8,28,41
0.662875197472354,0.707618423684632,1070,221,25,40,6,7,19,33
0.720794599380257,0.767684256429041,1068,223,36,41,17,12,19,29
0.724502334725977,0.766560011905142,1069,222,39,62,20,18,19,44
0.756673306772909,0.808325433355216,1069,222,36,54,20,17,16,37
0.69957034372502,0.738219993950527,1059,232,40,52,18,12,22,40
0.772390099876066,0.810383686534962,1077,214,44,67,24,22,20,45
0.758244690990888,0.798160100891395,1058,233,42,59,23,15,19,44
0.753394542868227,0.801870105417655,1076,215,37,53,21,16,16,37
0.796204710639926,0.834160249296708,1047,244,29,50,15,16,14,34
0.733349131121643,0.789612609417903,1068,223,25,36,10,8,15,28
0.679275473630312,0.715718691065456,1077,214,31,55,12,16,19,39
0.725454063689358,0.76538987463186,1064,227,33,60,11,13,22,47
0.687400318979266,0.72723838786236,1073,218,37,67,14,14,23,53
0.700079302141158,0.735596889892845,1082,209,30,41,13,8,17,33
0.726803041122359,0.76245867180951,1076,215,38,58,10,8,28,50
0.729584491660048,0.753050056926477,1080,211,32,58,11,7,21,51
0.721342462301004,0.762046753672732,1074,217,38,60,18,17,20,43
0.764674634794157,0.801061940599219,1094,197,36,52,19,18,17,34
0.772429268292683,0.837923445952089,1067,224,41,63,25,20,16,43
0.822409307703425,0.849621985340199,1078,213,33,59,21,18,12,41
0.71173128979374,0.7646935698747,1088,203,42,59,19,17,23,42
0.711892373657079,0.74755637551414,1064,227,33,64,14,12,19,52
0.720474406991261,0.749772170534804,1054,237,45,56,22,17,23,39
0.712675104448268,0.747954428911576,1070,221,39,60,18,18,21,42
0.741487927801219,0.794520532666632,1039,252,27,43,16,13,11,30
0.725641876936698,0.772139871732558,1058,233,36,59,16,14,20,45
0.739019100386382,0.783352827748587,1057,234,44,68,22,20,22,48
0.691644438204876,0.764824383650394,1073,218,34,45,17,8,17,37
0.710421334499153,0.746019453090682,1082,209,29,50,8,10,21,40
0.787294175473089,0.825186011339016,1067,224,39,62,21,17,18,45
0.783551231377318,0.825448189208951,1055,236,26,52,16,16,10,36
0.687268292682927,0.740770858336166,1068,223,41,53,14,20,27,33
0.758133493205436,0.802927134635007,1078,213,40,60,22,19,18,41
0.763516834603096,0.80701986938649,1070,221,39,57,19,19,20,38
0.756106373753432,0.808811000160252,1073,218,33,53,15,8,18,45
0.798838311996207,0.84253969053531,1070,221,37,59,20,18,17,41
0.680949985092427,0.744854075214443,1067,224,43,53,21,17,22,36
0.759212265397832,0.793610702660658,1054,237,30,49,15,13,15,36
0.811430096458119,0.847967221418071,1070,221,42,57,25,17,17,40
0.796563573883161,0.815487152506195,1054,237,30,59,16,19,14,40
0.801768917590903,0.827588905954851,1070,221,34,63,19,16,15,47
0.797222222222222,0.840429182846227,1065,226,36,57,22,20,14,37
0.844864984506419,0.87337341668654,1078,213,36,56,23,15,13,41
0.755870122232957,0.797963303667444,1059,232,38,47,18,12,20,35
0.712992831541219,0.750841289527635,1064,227,31,76,14,20,17,56
0.699645430630218,0.756574201435435,1062,229,42,59,14,12,28,47
0.715209451401312,0.769541007799184,1063,228,43,56,23,23,20,33
0.74484412470024,0.780996914843067,1104,187,40,69,16,13,24,56
0.755181674565561,0.79315652612323,1087,204,25,58,12,13,13,45
0.729869821975085,0.785110570527681,1092,199,37,58,21,19,16,39
0.746967047379638,0.790202421955265,1069,222,29,46,14,12,15,34
0.7688767143709,0.809785622859363,1052,239,43,63,22,15,21,48
0.804118712013449,0.837429794744033,1072,219,37,57,18,19,19,38
0.75585154532523,0.80233461476287,1064,227,37,50,15,16,22,34
0.72895859152876,0.762578454247926,1066,225,44,66,17,14,27,52
0.749866879659212,0.785266027299162,1024,267,39,58,27,22,12,36
0.752128306476132,0.818698754442378,1060,231,26,51,15,19,11,32
0.738554057626223,0.786884392836997,1072,219,30,60,16,17,14,43
0.715589921472275,0.748838986403343,1058,233,33,62,12,14,21,48
0.729312807157559,0.780076687125149,1055,236,38,57,19,12,19,45
0.750657355920514,0.789294708809695,1075,216,37,59,18,17,19,42
0.758346581875994,0.80241732476024,1077,214,33,56,17,16,16,40
0.664388489208633,0.697212460422033,1056,235,40,58,11,14,29,44
0.731483166515014,0.771710289745409,1071,220,35,62,15,18,20,44
0.66173814424329,0.721413532734051,1075,216,38,59,17,13,21,46
0.751005262112788,0.788391489198588,1080,211,32,53,17,10,15,43
0.762728352584582,0.815125011223576,1056,235,39,40,23,15,16,25
0.800151409849087,0.858034205439921,1070,221,32,65,20,24,12,41
0.740257793764988,0.792256230469333,1073,218,40,65,21,17,19,48
0.708241150442478,0.745824614588133,1045,246,48,61,21,17,27,44
0.770932055114092,0.813470542773046,1082,209,44,66,23,22,21,44
0.662362397025589,0.700773639983787,1080,211,44,53,17,12,27,41
0.769018371364001,0.827078710596166,1074,217,44,55,25,20,19,35
0.718102318341935,0.751271113879846,1073,218,39,58,14,12,25,46
0.751409163173869,0.817555683991894,1072,219,33,46,20,19,13,27
0.768765501427301,0.800611373993425,1065,226,34,49,17,15,17,34
0.795360901509134,0.835982303639665,1079,212,32,64,19,15,13,49
0.744984076433121,0.804579996431333,1088,203,35,51,17,15,18,36
0.739228617106315,0.773490641095725,1050,241,40,58,20,17,20,41
0.767862393413702,0.806316357423743,1074,217,38,59,17,17,21,42
0.766681753523859,0.818510743889502,1088,203,37,51,20,16,17,35
0.722645586897179,0.771335019320087,1065,226,35,55,14,18,21,37
0.665320746132848,0.727378616560144,1082,209,35,59,10,8,25,51
0.708033573141487,0.75797212517609,1085,206,40,53,20,19,20,34
0.746405823475887,0.791582531086519,1060,231,35,66,19,21,16,45
0.739808917197452,0.769016779648535,1076,215,35,58,17,13,18,45
0.757836990595611,0.809416786385142,1043,248,44,85,24,27,20,58
0.733436786068365,0.794779971079114,1057,234,37,61,22,19,15,42
0.756438812083973,0.795136549123206,1072,219,31,76,13,19,18,57
0.709434203789043,0.756159201350071,1080,211,31,62,11,9,20,53
0.71190243902439,0.748230582479648,1081,210,41,66,17,18,24,48
0.697030209933436,0.754229509464049,1072,219,31,48,12,12,19,36
0.7656,0.821251287769345,1075,216,41,54,22,21,19,33
0.747247497725205,0.788026027608333,1083,208,35,56,15,16,20,40
0.763364055299539,0.797970834105849,1080,211,31,64,14,17,17,47
0.78736585565659,0.83257518688875,1059,232,39,67,23,19,16,48
0.742231880742689,0.776869023200202,1071,220,42,57,17,15,25,42
0.678760435301133,0.722334800279395,1043,248,43,58,17,18,26,40
0.795960602036299,0.82826555924594,1075,216,36,59,20,21,16,38
0.800261601455869,0.832561730642389,1060,231,35,65,21,15,14,50
0.816711295699219,0.872345596714159,1063,228,29,62,21,21,8,41
0.715192465192465,0.750283698472563,1090,201,37,66,14,20,23,46
0.775198796475392,0.806049877688051,1069,222,22,54,7,12,15,42
0.765103654827086,0.819088069095786,1081,210,34,59,17,12,17,47
0.714080901177675,0.735761859404586,1092,199,31,43,11,11,20,32
0.687184594953519,0.724398642923365,1039,252,36,51,15,12,21,39
0.67766323024055,0.748985267623303,1030,261,30,60,10,11,20,49
0.751609756097561,0.810255740087962,1059,232,41,53,24,14,17,39
0.769041769041769,0.81383872165294,1054,237,37,63,21,22,16,41
0.741984063441229,0.779134989973333,1070,221,42,52,18,16,24,36
0.770216938046068,0.821992167375498,1079,212,32,54,18,16,14,38
0.775187723263104,0.80621961903071,1065,226,44,54,24,14,20,40
0.705139244759944,0.742534367503057,1082,209,38,64,14,14,24,50
0.719904562955681,0.739816908843228,1064,227,39,59,15,15,24,44
0.777867580499159,0.798618281070971,1077,214,37,44,18,12,19,32
0.776150951748561,0.817947658594663,1081,210,36,63,16,13,20,50
0.762152526858409,0.799584921270702,1099,192,33,50,13,9,20,41
0.750487804878049,0.80847445283505,1073,218,41,67,22,25,19,42
0.762594068171757,0.794858407527789,1066,225,36,49,15,7,21,42
0.71570615220775,0.752604098480897,1059,232,39,60,15,18,24,42
0.744176933731866,0.798109051219551,1065,226,44,69,24,19,20,50
0.82713214853058,0.876815949058598,1074,217,32,52,22,19,10,33
0.731938085437056,0.759923436162437,1069,222,38,78,12,16,26,62
0.735512195121951,0.778529102419775,1073,218,41,60,17,13,24,47
0.79024026546814,0.830426131711178,1083,208,38,59,20,14,18,45
0.785051609732121,0.825920911246982,1088,203,39,60,23,23,16,37
0.774117073170732,0.821945898485994,1083,208,41,64,20,19,21,45
0.607994842037395,0.667267289975439,1087,204,22,56,5,11,17,45
0.823262505533422,0.843642351755578,1072,219,36,46,22,21,14,25
0.784237415992319,0.80293055316992,1063,228,23,52,14,21,9,31
0.783663278045301,0.822696728667026,1066,225,45,70,26,22,19,48
0.77329841803526,0.83198615111572,1073,218,37,69,19,22,18,47
0.770543565147882,0.820524870206222,1052,239,40,60,24,20,16,40
0.708576803895529,0.738697379994988,1064,227,36,50,14,13,22,37
0.707923375074538,0.772213985108587,1069,222,43,63,23,19,20,44
0.755995272408403,0.808277136014179,1067,224,42,59,27,20,15,39
0.803353355837967,0.841987798794768,1052,239,32,58,22,19,10,39
0.778395620500884,0.83436457419443,1061,230,37,63,20,25,17,38
0.737180487804878,0.78664077870268,1072,219,41,45,21,12,20,33
0.747315741583258,0.799435849829238,1065,226,35,59,20,19,15,40
0.750264340470526,0.783129212312752,1062,229,30,54,16,11,14,43
0.72681708828461,0.779148714325291,1061,230,44,66,21,21,23,45
0.693081926863572,0.752079242769215,1046,245,27,46,12,15,15,31
0.769074158325751,0.80263908982451,1072,219,35,64,19,18,16,46
0.739697831803095,0.792424511898762,1044,247,37,66,20,18,17,48
0.780138194648633,0.817617340055264,1062,229,38,58,21,19,17,39
0.777271390767421,0.817809769500484,1058,233,38,64,19,19,19,45
0.713965693804403,0.767432326442438,1063,228,31,55,13,12,18,43
0.773830293417922,0.801481204276527,1061,230,30,52,16,16,14,36
0.747274088633067,0.790370083254715,1073,218,34,59,16,17,18,42
0.718048191732402,0.762964722322204,1043,248,37,55,16,12,21,43
0.705906447120505,0.757373549613549,1057,234,39,66,18,19,21,47
0.784029984114376,0.824320040076537,1080,211,32,54,16,10,16,44
0.811701530254106,0.846332344523476,1052,239,34,60,23,22,11,38
0.80046894658584,0.828900399381252,1055,236,42,53,26,19,16,34
0.71477949614733,0.797250008296666,1084,207,29,48,17,14,12,34
0.802217925386715,0.835553838361341,1055,236,35,67,22,21,13,46
0.712085484511517,0.771205384593176,1060,231,32,67,13,15,19,52
0.726692682926829,0.777227460166947,1067,224,41,56,20,16,21,40
0.732669616519174,0.782645138164571,1055,236,48,68,25,21,23,47
0.797908366533865,0.844911026232024,1073,218,36,59,21,18,15,41
0.759749889331563,0.811744208778623,1066,225,36,58,14,13,22,45
0.76801480306635,0.833890717311917,1075,216,30,54,15,11,15,43
0.783135077980439,0.823340025163422,1093,198,30,56,14,13,16,43
0.724711732881578,0.76045416356889,1082,209,29,55,14,15,15,40
0.673826914563966,0.722502105161037,1071,220,36,62,12,15,24,47
0.740747075323254,0.799178599171456,1061,230,47,74,22,24,25,50
0.7458177278402,0.795461111665288,1066,225,45,53,20,13,25,40
0.74117102828443,0.786926379257791,1085,206,30,58,13,12,17,46
0.735267503676055,0.767269376744457,1087,204,28,45,12,9,16,36
0.763601895734597,0.786633080672065,1057,234,25,51,9,8,16,43
0.753690193417034,0.800422685143561,1074,217,28,36,16,16,12,20
0.782334869431644,0.824975930069865,1065,226,31,47,19,18,12,29
0.77401599460423,0.819444883151385,1073,218,33,52,18,14,15,38
0.70513589128697,0.765045928720307,1061,230,40,66,19,20,21,46
0.816194019373859,0.851135444310256,1064,227,34,64,18,17,16,47
0.777842631277136,0.830732235472434,1055,236,39,54,25,24,14,30
0.749380330976161,0.785848626849421,1060,231,44,60,22,19,22,41
0.76681654676259,0.815640393241672,1067,224,40,63,21,22,19,41
0.700436591654946,0.768070969544571,1051,240,27,51,14,17,13,34
0.670584086316673,0.709697799395273,1064,227,42,63,13,16,29,47
0.777179308975377,0.807353215979562,1073,218,32,45,18,17,14,28
0.753813936075624,0.782753600796203,1057,234,34,63,18,19,16,44
0.728544333807492,0.781428828499708,1060,231,37,56,21,17,16,39
0.798000791765637,0.832998280480194,1054,237,28,58,18,15,10,43
0.769138250066085,0.804963610596037,1055,236,30,58,18,11,12,47
0.762359379750684,0.812380744999161,1074,217,26,40,13,10,13,30
0.796753875968992,0.812102516483072,1041,250,43,59,25,22,18,37
0.750862106125264,0.815751172903392,1057,234,37,56,19,18,18,38
0.683326867537394,0.749558087288307,1060,231,37,50,16,12,21,38
0.740956097560976,0.790548338156477,1078,213,41,53,20,14,21,39
0.782804269001847,0.804042143761382,1054,237,47,68,25,22,22,46
0.721884563989827,0.785061346427794,1061,230,37,50,18,13,19,37
0.800645565351447,0.8334888056082,1042,249,33,52,20,17,13,35
0.793829883497342,0.811254578391267,1057,234,28,47,15,13,13,34
0.771804470189628,0.817414329892888,1088,203,29,53,15,14,14,39
0.738731135822081,0.797255629560544,1068,223,32,52,15,20,17,32
0.783111596505163,0.809966621924084,1066,225,32,65,18,18,14,47
0.680755395683453,0.742825930371734,1077,214,40,66,16,14,24,52
0.823063173933427,0.87089734954853,1068,223,27,47,17,18,10,29
0.718843777581642,0.756249914416818,1052,239,55,64,25,22,30,42
0.751865332120109,0.796419531118025,1061,230,35,60,17,12,18,48
0.735764472606578,0.784259490872665,1102,189,37,54,17,16,20,38
0.748225377107365,0.790175150581661,1044,247,49,64,25,19,24,45
0.716740394855411,0.756256797089726,1066,225,39,58,14,16,25,42
0.701172195201924,0.737889198792313,1059,232,29,63,11,17,18,46
0.776899454049135,0.809192403953916,1063,228,35,76,18,25,17,51
0.65884382446386,0.724621859618326,1081,210,32,54,13,15,19,39
0.71252150405505,0.763023182084877,1052,239,39,64,17,16,22,48
0.766259575083105,0.804529548200521,1057,234,33,52,14,15,19,37
0.758536585365854,0.803503279876536,1070,221,41,72,17,19,24,53
0.706090767592365,0.775532559794824,1042,249,39,63,21,15,18,48
0.74110343061956,0.757708305059593,1064,227,31,48,12,9,19,39
0.815454396415105,0.845342190714039,1063,228,29,44,15,12,14,32
0.723126959614395,0.77551384791729,1076,215,34,59,13,11,21,48
0.738141928130866,0.774649063602907,1086,205,48,64,20,18,28,46
0.788194444444445,0.840977266927394,1073,218,27,48,15,16,12,32
0.685544167681774,0.747758609035831,1075,216,38,54,14,17,24,37
0.700555996822875,0.757587206132124,1076,215,32,57,10,13,22,44
0.618622633328516,0.66762972329983,1063,228,33,58,9,13,24,45
0.711669699727025,0.743869674291055,1056,235,35,51,11,13,24,38
0.737445727861063,0.807435142586518,1062,229,39,68,21,21,18,47
0.807038613560353,0.843020838383676,1062,229,26,53,17,12,9,41
0.757974211062097,0.798750262783787,1083,208,28,61,12,18,16,43
0.797604005802798,0.813893709178315,1056,235,34,65,15,19,19,46
0.799807987711213,0.841241076151119,1097,194,31,52,18,13,13,39
0.709905092258034,0.736585033192268,1071,220,33,52,11,17,22,35
0.7448,0.789411368481584,1081,210,41,65,16,16,25,49
0.728989639236732,0.769951302901945,1064,227,43,48,21,14,22,34
0.735574898217043,0.786004208164718,1084,207,34,56,16,13,18,43
0.723201159322888,0.761205971005852,1064,227,38,67,17,25,21,42
0.79910243902439,0.845569141050992,1059,232,41,57,25,20,16,37
0.787151219512195,0.819135112007515,1062,229,41,54,27,19,14,35
0.712373332361304,0.747334655962748,1069,222,44,56,16,16,28,40
0.727592054263566,0.787230015347898,1078,213,43,87,23,31,20,56
0.77021249359959,0.811670699642611,1053,238,31,62,15,21,16,41
0.738692682926829,0.788062641638078,1070,221,41,58,20,14,21,44
0.729669509081274,0.779014946582857,1043,248,33,67,16,16,17,51
0.67824886517853,0.713166435752733,1049,242,34,71,12,15,22,56
0.777493097477655,0.820889210914184,1056,235,34,65,23,23,11,42
0.753437748212867,0.800201989925291,1070,221,32,60,16,17,16,43
0.777995391705069,0.826359275269773,1052,239,31,53,17,14,14,39
0.74871474067334,0.81292841789351,1069,222,35,50,19,18,16,32
0.783763863540643,0.816181484876293,1075,216,34,65,18,18,16,47
0.703028521023229,0.753336073849048,1067,224,38,76,16,18,22,58
0.742554237936499,0.793733398998891,1059,232,29,56,14,17,15,39
0.769675925925926,0.81923591842757,1084,207,27,52,14,15,13,37
0.726352510579892,0.783221042092085,1065,226,42,57,21,18,21,39
0.749347793679189,0.783586606157466,1070,221,43,58,20,18,23,40
0.669930875576037,0.721342129368667,1077,214,31,59,10,13,21,46
0.748168024483814,0.792002840992917,1058,233,37,71,14,14,23,57
0.777879170761383,0.817081960595259,1100,191,34,63,17,18,17,45
0.710774171300487,0.754183506412928,1069,222,37,59,15,14,22,45
0.778342186808322,0.825745888126539,1082,209,36,52,19,12,17,40
0.769534050179212,0.811698170045889,1080,211,31,57,16,13,15,44
0.750436161776368,0.794730645608311,1066,225,30,46,15,10,15,36
0.756843697601516,0.789823544938126,1081,210,44,62,22,18,22,44
0.697465437788018,0.737267344051173,1076,215,31,57,13,12,18,45
0.698234146341463,0.742022906466158,1046,245,41,60,19,13,22,47
0.749892236734342,0.802065001121724,1063,228,37,51,19,19,18,32
0.842970882620564,0.867089497039132,1079,212,35,53,23,19,12,34
0.771342197812786,0.819037197432593,1079,212,33,61,15,14,18,47
0.684968228752978,0.740386015235065,1079,212,32,59,14,11,18,48
0.710796012915906,0.758455333447523,1054,237,34,60,15,12,19,48
0.764350752177355,0.790178182838341,1063,228,28,56,14,12,14,44
0.708230958230958,0.752625046122838,1095,196,33,71,15,15,18,56
0.742068623647571,0.774164470249426,1071,220,37,59,15,15,22,44
0.734893882646692,0.775620434699663,1084,207,45,66,20,12,25,54
0.736218353689925,0.761566756429606,1098,193,34,45,12,14,22,31
0.738218915251065,0.771721919183344,1061,230,34,50,12,16,22,34
0.664292682926829,0.704633679919285,1091,200,41,56,14,12,27,44
0.718331707317073,0.76470175092539,1067,224,41,52,17,17,24,35
0.740150136487716,0.813870284354072,1075,216,35,53,19,13,16,40
0.691696997270246,0.760835541471036,1053,238,35,60,18,15,17,45
0.686696054343113,0.712641984157648,1053,238,33,45,17,6,16,39
0.758922861710632,0.804190994585053,1075,216,40,65,20,16,20,49
0.80133604754551,0.846056681184336,1075,216,34,58,22,16,12,42
0.730298170153824,0.783390270495017,1056,235,44,76,19,18,25,58
0.751143772160585,0.80025056370516,1061,230,42,45,18,11,24,34
0.777067613185067,0.813486974286297,1061,230,32,53,17,17,15,36
0.71201450443191,0.749038148749809,1060,231,50,68,22,18,28,50
0.728231731532963,0.772647554405088,1071,220,32,57,16,17,16,40
0.765526781761842,0.802367912396089,1047,244,36,51,16,16,20,35
0.791799363057325,0.824408573538288,1094,197,35,54,15,12,20,42
0.779475277998411,0.830058017591874,1050,241,32,54,19,14,13,40
0.749589779653071,0.797548212576205,1053,238,27,56,10,18,17,38
0.673066123824231,0.709637019668511,1097,194,34,47,12,10,22,37
0.68481629039398,0.743192637150928,1079,212,36,58,15,12,21,46
0.688230096124833,0.724865697057937,1079,212,37,62,14,18,23,44
0.674039024390244,0.720478624907507,1063,228,41,64,18,16,23,48
0.74605398604598,0.784309980927398,1069,222,42,57,22,18,20,39
0.66928811337757,0.708283176410459,1071,220,39,60,16,19,23,41
0.750430545637838,0.798814624945514,1084,207,38,50,15,15,23,35
0.746049136786189,0.796814598999005,1088,203,36,53,18,15,18,38
0.7584229390681,0.790857231751731,1042,249,31,52,15,14,16,38
0.704923019327063,0.76430190771871,1066,225,34,63,16,11,18,52
0.715571049136786,0.739226096964818,1064,227,36,56,11,12,25,44
0.747372540250447,0.786429381802353,1065,226,43,70,18,19,25,51
0.730637839861482,0.765967221055734,1030,261,34,51,17,12,17,39
0.734861237488626,0.78644604474934,1088,203,35,50,17,14,18,36
0.771758306380476,0.802077830946057,1097,194,38,51,17,12,21,39
0.728250401284109,0.773643068578231,1073,218,45,68,24,20,21,48
0.76620742826495,0.813637388227831,1059,232,48,58,27,19,21,39
0.760060508857622,0.818390046441996,1044,247,44,63,30,26,14,37
0.721145254169976,0.764186653152886,1060,231,32,49,15,15,17,34
0.719859104690566,0.74450239604929,1071,220,45,54,16,16,29,38
0.696255303062125,0.743244160355071,1064,227,38,59,17,13,21,46
0.772067256492177,0.810443103727723,1082,209,39,67,20,18,19,49
0.681872858496756,0.729399122212469,1068,223,44,72,18,17,26,55
0.694941673370877,0.747784972923701,1077,214,48,70,21,21,27,49
0.807134292565947,0.835711542592641,1079,212,40,71,20,27,20,44
0.774294813466788,0.815282695221721,1068,223,35,54,15,15,20,39
0.748293873193793,0.796927109013821,1073,218,42,65,24,22,18,43
0.781668292682927,0.818743045000619,1054,237,41,54,25,21,16,33
0.827693522906793,0.853398076905609,1073,218,25,42,15,7,10,35
0.74758064516129,0.786082189140831,1051,240,31,43,13,9,18,34
0.731391703725304,0.776105957636318,1053,238,44,57,22,14,22,43
0.765017985611511,0.793068773557054,1044,247,40,54,20,20,20,34
0.73074369189907,0.779868777301078,1068,223,36,58,18,15,18,43
0.77113541410666,0.795096115263892,1072,219,39,61,17,17,22,44
0.72909066878139,0.785713747688141,1057,234,30,50,15,17,15,33
0.687587319940261,0.721850989563768,1073,218,33,55,12,14,21,41
0.783260798352754,0.828500162441006,1073,218,34,58,21,17,13,41
0.74602353549722,0.778894474567117,1066,225,37,58,19,19,18,39
0.735542718151414,0.794932187841907,1071,220,26,50,12,13,14,37
0.721199524940618,0.763507688128835,1077,214,28,60,11,14,17,46
0.750370076658736,0.78357769848946,1075,216,30,54,14,14,16,40
0.786162314388121,0.819006054244077,1067,224,31,66,15,20,16,46
0.672764497565295,0.7197587688099,1067,224,36,58,12,13,24,45
0.75990207833733,0.795023484317981,1058,233,40,63,18,17,22,46
0.724540367705835,0.759645073797108,1046,245,40,58,16,14,24,44
0.722980465751088,0.769677505966526,1077,214,57,71,25,25,32,46
0.749730918620431,0.800641849735106,1059,232,34,63,15,21,19,42
0.760971609546432,0.784662718968984,1070,221,28,50,15,14,13,36
0.744110420581009,0.795297425305822,1067,224,33,49,15,16,18,33
0.735183716627016,0.767197249258263,1069,222,30,60,9,12,21,48
0.747542393708528,0.80379142933615,1077,214,39,68,22,17,17,51
0.656407603776025,0.722141151142198,1076,215,37,69,12,18,25,51
0.72242098986285,0.768171197894105,1053,238,43,63,21,18,22,45
0.697071943268901,0.733399850241159,1073,218,42,78,15,25,27,53
0.8,0.826297031022772,1052,239,35,55,21,17,14,38
0.759418509418509,0.791292782638675,1050,241,37,55,18,15,19,40
0.677514231499051,0.727242489866112,1068,223,51,68,20,19,31,49
0.799092682926829,0.840497756116206,1066,225,41,71,24,22,17,49
0.769424460431655,0.812180996547938,1062,229,40,56,26,23,14,33
0.697084561748327,0.746390533901607,1060,231,34,59,15,16,19,43
0.71072581777341,0.777666820400885,1060,231,34,60,15,16,19,44
0.789442180871172,0.81563807690998,1056,235,38,74,21,21,17,53
0.768292370711726,0.827481992180516,1045,246,31,52,18,17,13,35
0.793225419664269,0.845523019643959,1059,232,40,67,26,19,14,48
0.734449537865235,0.777304618189639,1068,223,43,61,21,20,22,41
0.70375310028546,0.732245467566956,1052,239,34,57,10,14,24,43
0.754574761478831,0.80366398620505,1072,219,43,60,21,18,22,42
0.801588897827836,0.834519219941836,1084,207,48,74,26,23,22,51
0.749718381976446,0.794458387075433,1080,211,31,50,15,17,16,33
0.710913164653806,0.771169915438568,1078,213,29,50,15,15,14,35
0.728163483167486,0.79886551192299,1069,222,42,56,20,12,22,44
0.763812230176512,0.809692296260733,1067,224,29,57,13,9,16,48
0.709843902439024,0.757185871266115,1072,219,41,66,17,19,24,47
0.768945820608528,0.804665422018573,1093,198,28,45,12,11,16,34
0.777783989266547,0.81210811159268,1061,230,43,64,25,19,18,45
0.69842614350511,0.733582640292642,1085,206,29,53,10,10,19,43
0.683422507579811,0.729318102886729,1056,235,45,65,17,15,28,50
0.750669435488278,0.807472033753683,1099,192,29,62,11,17,18,45
0.74663338453661,0.779196046142031,1037,254,31,56,17,17,14,39
0.742835794655415,0.781856224033347,1087,204,27,51,12,14,15,37
0.749747073276485,0.802550979765547,1085,206,33,48,17,17,16,31
0.762073564509336,0.79024091293685,1073,218,34,62,18,15,16,47
0.74768575407553,0.816161531787199,1073,218,39,59,23,21,16,38
0.670380487804878,0.705484746955649,1040,251,41,47,15,10,26,37
0.78041789508166,0.814026323683055,1058,233,34,56,16,16,18,40
0.787394864984506,0.825334155642588,1069,222,36,60,20,20,16,40
0.772570699041287,0.804786464347016,1079,212,33,66,17,17,16,49
0.619541864139021,0.680684483081159,1080,211,25,63,8,10,17,53
0.731896080984585,0.79724735993863,1074,217,38,61,20,22,18,39
0.677445772465693,0.706215522898625,1074,217,36,58,11,11,25,47
0.756538564184681,0.798989482381098,1081,210,42,54,20,16,22,38
0.74710243902439,0.788523742748832,1065,226,41,62,21,23,20,39
0.722754778871168,0.745473172041445,1071,220,28,58,11,11,17,47
0.73925663631546,0.767787507766711,1055,236,33,62,17,14,16,48
0.775975738396624,0.811346709845024,1076,215,27,37,13,7,14,30
0.724370092017151,0.778283757467908,1083,208,33,50,17,12,16,38
0.679574454091029,0.765502101675196,1079,212,24,51,8,7,16,44
0.740607513988809,0.783208799626014,1041,250,40,57,19,13,21,44
0.712409756097561,0.773226890894757,1068,223,41,68,17,18,24,50
0.728072669826224,0.779558382553784,1074,217,25,55,9,12,16,43
0.69338229933659,0.726346158494716,1079,212,44,63,17,20,27,43
0.74309968228753,0.777735067909567,1084,207,32,57,10,13,22,44
0.757744375391434,0.788237815764541,1055,236,33,60,17,16,16,44
0.795221050330619,0.8220425597813,1037,254,29,57,19,19,10,38
0.66984412470024,0.721198688119205,1059,232,40,60,16,12,24,48
0.749406320935918,0.780861105232302,1053,238,46,66,21,22,25,44
0.723180157096652,0.760228685410812,1086,205,38,66,14,13,24,53
0.7536843024271,0.788273965238822,1070,221,46,61,18,18,28,43
0.814935236584721,0.837001732924258,1068,223,30,44,20,10,10,34
0.712484394506866,0.744821118060269,1055,236,45,69,19,16,26,53
0.716984884645982,0.764868530281591,1037,254,34,61,17,17,17,44
0.70042965627498,0.746760294074836,1054,237,40,57,19,17,21,40
0.700972719141324,0.758561638884085,1063,228,43,72,19,23,24,49
0.794224620303757,0.841953947897988,1054,237,40,60,24,26,16,34
0.686149513568868,0.754004862122665,1055,236,31,44,16,15,15,29
0.718653658536586,0.767991976984699,1057,234,41,69,18,24,23,45
0.756891227267528,0.811897658856292,1062,229,42,58,23,18,19,40
0.766413239803419,0.833247665415865,1076,215,38,62,23,18,15,44
0.756386061229936,0.810662770255634,1074,217,42,52,23,19,19,33
0.730537954222165,0.772581527713298,1040,251,37,54,17,13,20,41
0.747280211702441,0.814243187504146,1066,225,38,57,21,20,17,37
0.757126193774149,0.824339180153174,1078,213,44,53,24,20,20,33
0.745276497695852,0.787193527411092,1045,246,31,58,16,19,15,39
0.791382500660851,0.82037140728807,1088,203,30,65,15,12,15,53
0.669852515905148,0.721171754782382,1042,249,56,78,24,21,32,57
0.722271914132379,0.74828628128472,1066,225,43,56,16,16,27,40
0.727585388994307,0.768617892402172,1032,259,51,59,26,21,25,38
0.732416116804717,0.775134678271303,1086,205,34,75,14,16,20,59
0.719333220223957,0.767194475751147,1078,213,28,47,11,11,17,36
0.752143855085032,0.791683754064515,1076,215,33,49,14,12,19,37
0.773833467417538,0.81575409507816,1055,236,48,63,26,26,22,37
0.747877779984114,0.806500605222314,1073,218,32,40,18,13,14,27
0.688924134284959,0.72970020258735,1055,236,30,58,11,14,19,44
0.729333809383795,0.774138617241796,1041,250,38,62,18,18,20,44
0.709258416742493,0.752537665576724,1083,208,35,56,12,10,23,46
0.799817727533383,0.840821760891989,1065,226,39,60,25,22,14,38
0.710813859790491,0.76755793618228,1084,207,50,66,21,17,29,49
0.736089370900417,0.775945526276266,1048,243,43,69,19,18,24,51
0.692947452429958,0.747796505046831,1049,242,38,52,17,14,21,38
0.665585867620751,0.703386882768882,1067,224,43,71,16,21,27,50
0.682589006118418,0.724423087126917,1078,213,33,61,13,12,20,49
0.770263414634146,0.811747360657743,1075,216,41,60,22,24,19,36
0.767478590481539,0.813724723597639,1063,228,34,64,17,20,17,44
0.822986993645751,0.854869855362431,1064,227,32,57,20,23,12,34
0.770464244148455,0.804164305651728,1074,217,37,48,20,20,17,28
0.691893634165995,0.719648626860546,1060,231,50,73,20,24,30,49
0.789988523963058,0.801233309242605,1057,234,29,64,16,12,13,52
0.745783373301359,0.798370135859996,1079,212,40,59,18,13,22,46
0.783640552995392,0.825829617314116,1056,235,31,62,19,17,12,45
0.75369632580788,0.805820386748733,1076,215,36,61,17,13,19,48
0.732828364222401,0.761879258896248,1080,211,50,70,18,18,32,52
0.766505636070853,0.809490600990769,1064,227,49,64,27,21,22,43
0.70691446842526,0.753860044106697,1064,227,40,50,20,16,20,34
0.72167849792078,0.755900018730971,1048,243,38,59,15,20,23,39
0.731309571088165,0.784510769847397,1045,246,32,58,17,20,15,38
0.790838828915865,0.832413305175491,1064,227,38,69,23,24,15,45
0.820558115719406,0.861035362037978,1074,217,31,57,19,21,12,36
0.766537642336364,0.791475889253472,1088,203,39,50,17,11,22,39
0.765629269358981,0.834687486786829,1091,200,29,43,15,14,14,29
0.649984913142808,0.690595994178642,1044,247,37,62,15,17,22,45
0.707337317397078,0.752752243482893,1098,193,36,59,13,12,23,47
0.708034528552457,0.752925306120018,1059,232,36,41,14,14,22,27
0.767572184004867,0.806341148850131,1061,230,34,69,18,15,16,54
0.657409802146644,0.689997653682474,1066,225,37,51,15,11,22,40
0.73027946166457,0.791619067839575,1073,218,42,63,23,22,19,41
0.748316651501365,0.792699967426799,1047,244,35,63,17,19,18,44
0.790744322659216,0.822228185166433,1058,233,22,45,12,15,10,30
0.848730347245787,0.864781973947411,1071,220,28,50,17,9,11,41
0.830286738351254,0.873183645521883,1051,240,31,59,23,20,8,39
0.804238249254421,0.844158703036262,1071,220,38,57,21,20,17,37
0.75400320256205,0.787462113790434,1080,211,42,60,17,14,25,46
0.692850818946436,0.739447234823576,1068,223,36,43,14,10,22,33
0.770971091316465,0.810063379104052,1050,241,29,64,12,17,17,47
0.769906610960924,0.816319303760858,1042,249,39,54,19,21,20,33
0.72070243902439,0.778361695875452,1081,210,41,54,18,14,23,40
0.664347924442936,0.709802965706775,1081,210,28,47,9,9,19,38
0.756190682661271,0.810215702550303,1072,219,33,63,15,14,18,49
0.742286427679686,0.785049738863613,1065,226,45,59,23,17,22,42
0.660253658536585,0.704905797932995,1061,230,41,52,16,12,25,40
0.659511908262276,0.709299951345905,1060,231,38,69,14,20,24,49
0.746282870484149,0.806148524098759,1068,223,39,57,19,13,20,44
0.707449954504095,0.73886926710863,1094,197,35,58,13,12,22,46
0.722099636032757,0.785543710913745,1070,221,35,50,14,15,21,35
0.745166707626772,0.808930493323826,1077,214,39,59,17,18,22,41
0.751286910945762,0.799055769131463,1036,255,34,52,17,20,17,32
0.715859752600967,0.759378577977831,1073,218,39,71,18,20,21,51
0.73531175059952,0.788767389118381,1055,236,40,54,20,21,20,33
0.759405419626414,0.791396110079689,1062,229,24,55,12,13,12,42
0.773654460555419,0.827081151510385,1078,213,39,56,22,22,17,34
0.799410957337298,0.852799164335383,1064,227,42,54,24,14,18,40
0.725341219290264,0.791224480833311,1070,221,35,56,15,13,20,43
0.697692344751168,0.738785874753775,1086,205,33,55,12,9,21,46
0.701152767325717,0.742496591187401,1062,229,47,73,19,20,28,53
0.778909564413828,0.821465001950673,1057,234,38,66,24,25,14,41
0.714130282184473,0.756343408413136,1060,231,34,54,13,18,21,36
0.743087053937374,0.78220725947195,1033,258,29,48,15,14,14,34
0.698435277382646,0.770437845705406,1081,210,37,65,18,21,19,44
0.75494762288477,0.783731974096645,1062,229,50,68,22,18,28,50
0.790286624203822,0.831092367833192,1072,219,35,50,19,16,16,34
0.750112640288359,0.790223512529948,1048,243,39,64,20,21,19,43
0.716046923417441,0.761149439773793,1059,232,36,51,15,13,21,38
0.746008458895057,0.803601796513403,1069,222,30,47,15,8,15,39
0.746661536934075,0.775135752244709,1079,212,32,57,17,17,15,40
0.755933128911664,0.796830662772612,1053,238,38,52,19,12,19,40
0.826287517463988,0.851779673912397,1085,206,33,59,23,19,10,40
0.773642395669635,0.820286489612225,1061,230,46,52,25,22,21,30
0.731528079606542,0.763308893905965,1093,198,42,59,17,15,25,44
0.744165150136488,0.800507757171726,1065,226,35,55,18,18,17,37
0.627052404734214,0.684440024075429,1053,238,47,65,20,22,27,43
0.707315604374428,0.761675065935269,1081,210,33,67,14,15,19,52
0.722682032477737,0.766742382960903,1050,241,46,69,24,21,22,48
0.677534307215582,0.723844319664848,1054,237,36,47,16,12,20,35
0.728383122000143,0.775301535652767,1072,219,22,48,9,14,13,34
0.726445167438956,0.773143740100074,1059,232,49,65,26,26,23,39
0.719824840764331,0.770175216281306,1068,223,35,55,18,15,17,40
0.706721915285451,0.75644443955213,1060,231,24,50,11,9,13,41
0.75651728844404,0.807240470979835,1074,217,35,57,19,18,16,39
0.747518909283615,0.797126652533944,1084,207,33,60,14,18,19,42
0.780647613256309,0.818165104005908,1070,221,26,60,10,16,16,44
0.73834376443903,0.79116458990264,1060,231,38,74,17,22,21,52
0.746989818503763,0.801105131479841,1077,214,36,57,19,19,17,38
0.707592619357325,0.757658909345913,1082,209,33,43,14,10,19,33
0.720903918272339,0.784844796439684,1059,232,37,60,19,20,18,40
0.727046188403762,0.764273242263046,1073,218,34,62,16,21,18,41
0.791871479774706,0.816468183750175,1060,231,31,59,16,15,15,44
0.745253496870668,0.790751977240887,1077,214,38,61,17,23,21,38
0.710230283759696,0.75367510786765,1056,235,33,53,13,15,20,38
0.774380256750775,0.824551350420914,1060,231,36,48,19,15,17,33
0.827946499264789,0.865553371992205,1068,223,28,49,16,18,12,31
0.705785371702638,0.738593725195108,1084,207,40,55,18,19,22,36
0.726486915146709,0.77543964132298,1081,210,30,60,14,14,16,46
0.728633713927832,0.763851429254965,1070,221,33,62,13,13,20,49
0.74331930706596,0.814997521566107,1073,218,29,49,16,14,13,35
0.683039294306335,0.733239066749842,1065,226,44,53,17,8,27,45
0.753389448676989,0.789404194654258,1040,251,39,57,20,17,19,40
0.779236173973016,0.820772473933968,1065,226,37,59,19,19,18,40
0.780207309654172,0.818552023341625,1071,220,34,50,14,17,20,33
0.739267862393414,0.782364847278742,1063,228,38,59,17,13,21,46
0.825098814229249,0.849972092944807,1052,239,26,53,15,22,11,31
0.760573476702509,0.808245613530103,1081,210,31,52,17,12,14,40
0.789726469420175,0.815213107088547,1082,209,32,55,16,14,16,41
0.675601926163724,0.73810188005266,1074,217,45,68,19,13,26,55
0.726638504864311,0.776258521243102,1043,248,31,48,15,15,16,33
0.690065126566724,0.755271384637044,1066,225,39,61,13,13,26,48
0.810862147406733,0.848971285808322,1047,244,35,63,24,17,11,46
0.750829262958373,0.789994518239505,1060,231,44,62,20,20,24,42
0.803582292105386,0.829905738673218,1090,201,34,57,19,16,15,41
0.730858536585366,0.781352390498635,1060,231,41,66,19,20,22,46
0.725618590110183,0.765740607854697,1047,244,42,61,19,19,23,42
0.735012306610408,0.78436303451423,1066,225,27,63,12,15,15,48
0.686995121951219,0.73829720691464,1054,237,41,64,16,16,25,48
0.64123679896298,0.696878089108561,1068,223,42,58,14,16,28,42
0.710155062328975,0.742583778899218,1071,220,26,62,11,17,15,45
0.740449806809069,0.794840090683951,1065,226,44,67,24,27,20,40
0.688358465997396,0.73291051327545,1061,230,38,53,15,14,23,39
0.725099601593626,0.763193080542985,1068,223,36,50,14,15,22,35
0.819329402405354,0.868852239008159,1057,234,34,58,23,22,11,36
0.778195048902616,0.830026027238777,1078,213,34,64,21,14,13,50
0.722162270183853,0.758554463659149,1051,240,40,65,18,16,22,49
0.733861718686,0.771855826287625,1053,238,39,48,18,18,21,30
0.655165867306155,0.689082072880911,1070,221,40,57,15,16,25,41
0.749960975609756,0.790214681010757,1087,204,41,63,19,16,22,47
0.748134667879891,0.809236571696651,1065,226,35,67,20,14,15,53
0.736188579017264,0.755261718532955,1072,219,36,74,14,21,22,53
0.755248071037545,0.786940299871198,1074,217,37,57,20,13,17,44
0.754708826205641,0.791537872176702,1069,222,35,61,17,15,18,46
0.715218380345769,0.748005263647766,1065,226,35,42,16,13,19,29
0.750398406374502,0.790103195757282,1032,259,36,54,19,18,17,36
0.688887804878049,0.729152888135426,1086,205,41,65,15,17,26,48
0.644118611941386,0.710104998320218,1074,217,44,66,15,18,29,48
0.783579346227802,0.833325567408603,1073,218,28,55,16,13,12,42
0.706848190463159,0.776747531603888,1086,205,47,58,20,15,27,43
0.7450213371266,0.795561101032663,1055,236,37,57,21,15,16,42
0.746410849352026,0.78417255586693,1068,223,33,51,16,11,17,40
0.779287804878049,0.826353823236347,1064,227,41,69,20,16,21,53
0.725536992840096,0.773412801939709,1073,218,34,58,16,19,18,39
0.625141386720959,0.656859577603914,1049,242,28,62,6,10,22,52
0.727958163565338,0.788411201559091,1073,218,38,54,17,15,21,39
0.703658536585366,0.746080946769416,1048,243,41,65,17,19,24,46
0.801324348355094,0.845877607885672,1071,220,34,50,18,18,16,32
0.697639495631454,0.758958678703969,1085,206,32,49,12,17,20,32
0.755740300870942,0.790284266244388,1052,239,28,47,15,18,13,29
0.670926618221531,0.717480355527463,1063,228,38,54,18,13,20,41
0.723888960731066,0.747069475819451,1059,232,37,50,20,11,17,39
0.762330946698488,0.788012353742326,1069,222,34,58,18,16,16,42
0.74111605830218,0.795814826095817,1045,246,38,61,21,19,17,42
0.659365071485306,0.71134336161713,1077,214,32,72,9,11,23,61
0.814613595638416,0.851335314891003,1070,221,42,65,25,26,17,39
0.736100079428118,0.783585166075487,1073,218,32,57,11,7,21,50
0.670978465096112,0.754400804298727,1083,208,33,49,14,10,19,39
0.729957805907173,0.767723608936567,1086,205,27,42,13,11,14,31
0.771667895469812,0.800882750605087,1058,233,39,59,20,13,19,46
0.77168196905039,0.81877321696874,1075,216,37,50,21,16,16,34
0.790642037439476,0.829903939249916,1067,224,42,68,24,25,18,43
0.787307642570801,0.818150724562876,1058,233,37,67,17,17,20,50
0.724356637748779,0.785160874911978,1072,219,44,62,19,18,25,44
0.772620857403466,0.810328064895963,1066,225,26,52,13,13,13,39
0.773971901368067,0.811070640633493,1061,230,39,63,21,23,18,40
0.720054292500848,0.764998841802033,1064,227,28,55,9,13,19,42
0.675268817204301,0.729384379305105,1070,221,31,55,10,10,21,45
0.759590930643562,0.819661424614306,1064,227,37,69,23,20,14,49
0.75326420890937,0.803727192585037,1056,235,31,51,17,18,14,33
0.788213811420983,0.826354447747867,1038,253,36,55,20,20,16,35
0.766278610891871,0.832846725732641,1058,233,24,56,15,18,9,38
0.715941463414634,0.759458272303113,1052,239,41,54,18,18,23,36
0.726360595925813,0.771201032660217,1092,199,26,53,11,10,15,43
0.776206285967242,0.815373667506286,1061,230,36,58,21,18,15,40
0.754653991262907,0.801430470326375,1060,231,32,49,15,13,17,36
0.715945194598888,0.77083970718014,1069,222,32,49,13,13,19,36
0.770307658255865,0.820679536998639,1065,226,36,58,21,22,15,36
0.796078884361742,0.832921251363184,1056,235,38,63,23,23,15,40
0.722482014388489,0.777000875921286,1073,218,40,52,18,16,22,36
0.747568148399502,0.794535402375781,1096,195,28,50,13,11,15,39
0.758340876761929,0.790619313000154,1048,243,37,59,20,17,17,42
0.725469204335184,0.769006878359506,1072,219,30,47,11,15,19,32
0.716029334730225,0.76596841255566,1086,205,46,59,21,8,25,51
0.742981760507534,0.788112198039903,1100,191,30,42,12,7,18,35
0.787240449005155,0.809370806780778,1042,249,33,55,16,20,17,35
0.716658045605414,0.768239043333718,1078,213,37,63,15,20,22,43
0.726506652104845,0.759067165066215,1064,227,32,57,13,13,19,44
0.759028398926655,0.79571411746958,1055,236,43,60,25,19,18,41
0.69728479133927,0.752539386468087,1071,220,46,58,23,16,23,42
0.679951341716048,0.75887697537945,1094,197,33,47,19,11,14,36
0.718328038125497,0.766082527126806,1035,256,32,59,16,14,16,45
0.678747175038274,0.756155633796627,1069,222,44,56,20,16,24,40
0.729175441059479,0.76522512790032,1072,219,34,61,15,19,19,42
0.752058432934927,0.777413338266037,1043,248,36,80,15,19,21,61
0.747493232681383,0.787427865280763,1073,218,42,66,16,19,26,47
0.688631335478681,0.731239139984607,1074,217,48,65,16,18,32,47
0.741141859562912,0.784753631561918,1076,215,37,64,16,15,21,49
0.737870739265161,0.785335814103219,1078,213,36,62,18,19,18,43
0.657571447045131,0.711092640529931,1074,217,37,47,16,13,21,34
0.665620035742653,0.733500356565281,1084,207,32,50,12,14,20,36
0.808477202301903,0.85246999141622,1106,185,36,46,22,15,14,31
0.65212829736211,0.701818876542411,1059,232,40,71,12,21,28,50
0.672155821159805,0.706775110914579,1049,242,36,55,12,15,24,40
0.713649225575854,0.743554499120713,1073,218,32,38,14,12,18,26
0.70553793285752,0.743954078777693,1077,214,30,58,9,13,21,45
0.705960975609756,0.755630055966418,1068,223,41,65,18,21,23,44
0.747895814376706,0.798751472083223,1048,243,35,53,18,22,17,31
0.730516401569033,0.770720463253221,1064,227,37,51,16,11,21,40
0.715150509074812,0.754625075951831,1067,224,36,49,13,14,23,35
0.770884520884521,0.82973556210089,1064,227,33,61,20,26,13,35
0.70671213476446,0.756463486698305,1046,245,43,59,19,18,24,41
0.746425222691045,0.806319961459239,1066,225,27,48,15,12,12,36
0.798233943282059,0.832021968876751,1061,230,44,66,25,24,19,42
0.756912442396313,0.800289711696426,1078,213,31,49,19,13,12,36
0.749144866791926,0.793227975149379,1090,201,33,57,18,18,15,39
0.788750335210512,0.822498754394994,1049,242,48,75,29,28,19,47
0.772315741583257,0.818229379003611,1058,233,35,53,19,12,16,41
0.791387134964483,0.847483364133407,1077,214,24,47,14,11,10,36
0.75024035742563,0.78888000681036,1058,233,28,56,11,17,17,39
0.748428875894858,0.780524255542276,1075,216,29,52,15,15,14,37
0.745096771412561,0.774404323980227,1070,221,37,61,14,14,23,47
0.756353173436384,0.809344910381523,1066,225,38,76,20,22,18,54
0.74641286523554,0.777418687106922,1068,223,43,63,20,18,23,45
0.725590243902439,0.792575159852706,1083,208,41,57,19,17,22,40
0.758930954287239,0.784335865608179,1071,220,42,61,23,18,19,43
0.743038493038493,0.788807068823374,1068,223,37,65,20,22,17,43
0.726868607395751,0.763076854359306,1045,246,20,41,10,11,10,30
0.756885533310712,0.805290390646078,1062,229,28,61,14,17,14,44
0.730669171845642,0.797836832981751,1085,206,33,51,17,15,16,36
0.702047366091191,0.773497715869423,1063,228,36,59,17,18,19,41
0.778218345228655,0.811248019001513,1082,209,30,50,17,11,13,39
0.710191899842649,0.773172392639056,1056,235,47,55,22,15,25,40
0.734428950863214,0.780213651404294,1054,237,36,54,15,14,21,40
0.726740218380346,0.75349558834887,1113,178,35,62,9,14,26,48
0.687590991810737,0.717864781681915,1068,223,35,46,13,18,22,28
0.770040946314832,0.825076841845972,1060,231,35,47,20,12,15,35
0.666181731971206,0.715396906614791,1079,212,37,66,16,12,21,54
0.741921951219512,0.805347702188098,1078,213,41,56,23,16,18,40
0.763850749144867,0.791161181625066,1039,252,33,55,17,16,16,39
0.650231424592447,0.690356526027842,1058,233,39,53,15,10,24,43
0.741728672375871,0.776298845205017,1078,213,34,52,16,16,18,36
0.715230814466334,0.768340795252796,1072,219,38,57,18,18,20,39
0.631496256626045,0.694671351376163,1054,237,29,51,11,12,18,39
0.678585283848442,0.728013060130712,1055,236,37,60,12,11,25,49
0.750229816147082,0.789809159457276,1067,224,40,57,20,11,20,46
0.766589861751152,0.793710985511677,1073,218,31,55,15,15,16,40
0.722835411186092,0.772143399603785,1078,213,42,51,18,19,24,32
0.67984611405664,0.760263168011929,1070,221,37,63,20,18,17,45
0.781572763538991,0.817130762213937,1068,223,29,57,17,17,12,40
0.677156586966714,0.708620180049796,1100,191,27,43,5,6,22,37
0.747965373243515,0.795247667002421,1078,213,53,59,25,18,28,41
0.751740540934607,0.812983561006906,1096,195,44,62,23,18,21,44
0.742176619972147,0.783681779486613,1056,235,39,52,21,17,18,35
0.699524125719345,0.735506870592939,1034,257,36,54,19,12,17,42
0.764869576175074,0.820399337451718,1059,232,38,62,23,26,15,36
0.730051721062957,0.78192345048637,1058,233,45,59,22,16,23,43
0.723502304147465,0.811499092094743,1079,212,31,59,17,16,14,43
0.690540607625099,0.740939120828435,1046,245,32,57,15,13,17,44
0.773145006221016,0.789899949682429,1084,207,28,56,13,12,15,44
0.712322274881516,0.756539927993346,1050,241,25,49,10,13,15,36
0.746649134713268,0.804009608326518,1068,223,28,54,14,17,14,37
0.746466844494361,0.777874881894031,1076,215,34,44,17,12,17,32
0.719349722442506,0.759968802701057,1054,237,30,53,12,15,18,38
0.720374352992637,0.756032648991364,1096,195,44,68,13,13,31,55
0.746849021185304,0.779878276557892,1087,204,48,77,20,23,28,54
0.781188305960432,0.844789817054596,1046,245,38,48,19,13,19,35
0.721590909090909,0.772670394480642,1040,251,48,56,23,9,25,47
0.762681983621474,0.798793087833344,1072,219,35,47,15,9,20,38
0.734332533972822,0.759578655314646,1069,222,40,48,17,13,23,35
0.735725403457033,0.777064121187477,1050,241,39,60,16,16,23,44
0.741965000571886,0.792699751316174,1067,224,42,62,22,15,20,47
0.749407302038881,0.780984210967607,1048,243,37,54,18,19,19,35
0.704162717795436,0.762241261903191,1067,224,44,59,15,14,29,45
0.645402103834408,0.671000512425252,1086,205,28,55,7,8,21,47
0.793569118326543,0.835569318600225,1054,237,38,62,24,20,14,42
0.752717930897538,0.788620346420705,1067,224,32,61,18,21,14,40
0.650814690288374,0.695024678622555,1086,205,37,59,11,11,26,48
0.76144221753399,0.802288291421327,1063,228,27,53,16,19,11,34
0.708982652161129,0.73975256020961,1047,244,38,61,11,13,27,48
0.731314948041567,0.773067731318635,1056,235,40,75,20,22,20,53
0.760533967750463,0.812559944730128,1044,247,30,51,15,11,15,40
0.681669144839681,0.719886603466898,1079,212,42,65,14,14,28,51
0.74574842221901,0.810641491344726,1061,230,33,48,14,12,19,36
0.716571879936809,0.749675574854122,1078,213,25,52,10,13,15,39
0.739828137490008,0.777748507615714,1046,245,40,61,19,16,21,45
0.636933039248954,0.710377894613166,1082,209,28,53,10,12,18,41
0.762477718360071,0.813825049740598,1045,246,33,59,17,15,16,44
0.660115095174856,0.692663978264884,1091,200,36,60,9,11,27,49
0.774677787835683,0.811901162991872,1069,222,37,57,20,12,17,45
0.75388413121812,0.792494078508934,1059,232,34,54,19,12,15,42
0.706050970756853,0.733172847864782,1072,219,33,64,13,13,20,51
0.687909463148317,0.738003754342644,1070,221,35,55,15,19,20,36
0.757637029345866,0.805467295053334,1083,208,29,46,15,16,14,30
0.78939512195122,0.826654444724234,1084,207,41,59,20,18,21,41
0.707005475221115,0.757879669028521,1055,236,34,50,16,11,18,39
0.771125174080446,0.816949095481954,1059,232,39,58,25,23,14,35
0.763428120063191,0.793281324504612,1068,223,25,57,12,14,13,43
0.685526707704528,0.720307463066422,1069,222,32,48,11,11,21,37
0.747671862509992,0.79681790203456,1050,241,40,54,24,14,16,40
0.726130969882808,0.769334731881063,1065,226,38,62,19,14,19,48
0.774603397444897,0.826196610975619,1089,202,34,63,17,23,17,40
0.76057779799818,0.815569684660299,1078,213,35,60,16,18,19,42
0.734254069922605,0.774922996722746,1061,230,42,59,18,17,24,42
0.762899262899263,0.803806365437233,1074,217,37,50,22,9,15,41
0.741105550500455,0.782285544730177,1090,201,35,63,14,15,21,48
0.747995603258761,0.809126119775857,1085,206,37,54,19,15,18,39
0.77002841685338,0.832944953489939,1072,219,29,54,13,13,16,41
0.72434873433276,0.754273855292461,1067,224,39,59,15,9,24,50
0.806788071493954,0.847102758920591,1047,244,33,59,20,23,13,36
0.759139784946237,0.802247340962143,1058,233,31,66,18,17,13,49
0.785141600931075,0.830201553802714,1081,210,37,52,21,14,16,38
0.704991146525011,0.730060578441041,1089,202,36,58,10,10,26,48
0.647644680037161,0.671373155413583,1092,199,29,47,8,8,21,39
0.677688953488372,0.719131523099579,1052,239,43,46,18,13,25,33
0.73819167773351,0.775448081380915,1063,228,36,61,16,16,20,45
0.691013722886233,0.738779080855154,1084,207,36,70,13,11,23,59
0.70390127388535,0.763177247351118,1055,236,35,51,13,18,22,33
0.775640389197776,0.803865493507756,1055,236,32,50,19,15,13,35
0.758033434504023,0.825958832558564,1048,243,33,61,18,18,15,43
0.756344924060751,0.805264480372891,1055,236,40,70,19,17,21,53
0.695963229416467,0.762989141522209,1057,234,40,72,20,23,20,49
0.713307552320291,0.740501046675721,1064,227,35,57,14,12,21,45
0.721160975609756,0.777139248824837,1087,204,41,57,18,15,23,42
0.792663476874003,0.818791067306675,1081,210,37,40,19,14,18,26
0.764041553515238,0.809950101594159,1081,210,37,55,20,15,17,40
0.700729745830024,0.77488042821918,1070,221,32,57,12,12,20,45
0.746065826052423,0.80265715088168,1078,213,32,54,15,11,17,43
0.720538383028359,0.772225124200776,1082,209,44,63,16,12,28,51
0.743902169101372,0.796151931550146,1107,184,36,57,16,10,20,47
0.719212040725985,0.775322459385565,1075,216,36,54,18,16,18,38
0.724710231814548,0.777302194193053,1057,234,40,61,17,14,23,47
0.741316457770132,0.786429859027229,1050,241,39,49,18,15,21,34
0.731609756097561,0.787849777621462,1069,222,41,67,24,17,17,50
0.704416138626665,0.748244388592839,1081,210,37,51,16,12,21,39
0.688809756097561,0.732141591867551,1053,238,41,66,14,17,27,49
0.738590091618595,0.757126453193916,1059,232,28,53,14,15,14,38
0.758878340365682,0.82289599824166,1077,214,27,52,15,15,12,37
0.810220648455943,0.843910442439636,1070,221,33,55,17,16,16,39
0.71880119292645,0.766884736673832,1055,236,38,62,18,19,20,43
0.732473642206074,0.772490740830472,1097,194,38,61,15,15,23,46
0.788169544046038,0.827674419632176,1058,233,36,61,22,19,14,42
0.748844877557021,0.788700667306355,1094,197,38,64,17,19,21,45
0.719725290880833,0.760926681582104,1062,229,38,49,16,10,22,39
0.70791349225854,0.757224832537569,1046,245,39,61,17,16,22,45
0.748792371991431,0.797675069546238,1072,219,38,64,19,18,19,46
0.724438553385922,0.777861212155651,1059,232,37,58,19,17,18,41
0.766243721913825,0.825068490491974,1091,200,30,51,15,11,15,40
0.837450133887098,0.881206016345791,1064,227,29,57,16,15,13,42
0.762104486583966,0.799961938174339,1048,243,29,51,16,14,13,37
0.76393667567789,0.81482535247552,1083,208,39,67,23,17,16,50
0.693922532157826,0.72937442158374,1084,207,33,54,10,10,23,44
0.758776103621464,0.79060785070438,1082,209,30,50,14,14,16,36
0.766593030182685,0.816644243691574,1059,232,32,56,17,21,15,35
0.744580141638965,0.78040373474343,1064,227,33,53,15,16,18,37
0.761015667660772,0.794867576489859,1079,212,38,56,16,14,22,42
0.712270183852918,0.754050169317893,1077,214,40,53,16,13,24,40
0.757250566074095,0.794969404343471,1046,245,33,55,16,18,17,37
0.76281847133758,0.802376530627884,1036,255,35,51,20,14,15,37
0.679441884280594,0.727241665592854,1074,217,31,55,14,15,17,40
0.723994960150023,0.79647390041883,1053,238,27,36,14,14,13,22
0.734707740916272,0.81068164059477,1074,217,25,62,12,18,13,44
0.695894200973882,0.718023669051264,1044,247,36,65,16,17,20,48
0.753661846600215,0.769240405293575,1073,218,34,55,12,8,22,47
0.711569255404323,0.768142630491079,1069,222,42,65,20,21,22,44
0.664803066349458,0.729955395289493,1090,201,30,61,12,12,18,49
0.73631592421915,0.792945361814808,1079,212,31,64,15,17,16,47
0.7433598937583,0.791189090641084,1072,219,36,65,18,13,18,52
0.723999090081893,0.767760310258612,1063,228,35,66,12,11,23,55
0.742730763955562,0.790922707176194,1053,238,23,62,12,20,11,42
0.744263414634146,0.785740773548896,1075,216,41,56,21,14,20,42
0.73378860143566,0.755641999085975,1071,220,33,52,13,16,20,36
0.683371874548345,0.728100593164759,1083,208,33,59,13,11,20,48
0.689468425259792,0.717824977976235,1081,210,40,65,12,8,28,57
0.707187751813054,0.744075438034323,1068,223,50,45,17,10,33,35
0.780490116436501,0.823497844048632,1049,242,60,69,32,23,28,46
0.725345666522137,0.763488274932738,1100,191,33,59,13,16,20,43
0.758138362666443,0.802515999801533,1051,240,38,53,20,18,18,35
0.729397067256492,0.795061819909074,1086,205,39,52,19,16,20,36
0.692605284710548,0.756505334406224,1074,217,37,46,19,12,18,34
0.793650793650794,0.818895112666734,1071,220,31,49,13,10,18,39
0.744386947177921,0.780201271965091,1066,225,28,64,14,17,14,47
0.760279057859703,0.822162874621054,1066,225,31,55,18,11,13,44
0.747530953413306,0.799220725754335,1083,208,33,63,11,11,22,52
0.76581394228453,0.784001792696584,1055,236,33,52,14,9,19,43
0.701316839584996,0.741765466640839,1081,210,38,61,13,12,25,49
0.782143442287212,0.811475188661265,1060,231,39,58,22,16,17,42
0.787410881085821,0.827369297473855,1075,216,42,67,25,21,17,46
0.729981632247816,0.772358759159032,1063,228,32,59,18,21,14,38
0.644057104913679,0.696195318829256,1055,236,36,49,12,8,24,41
0.738994833452346,0.793255014590684,1052,239,38,58,16,15,22,43
0.726151972109044,0.785111373382972,1066,225,38,73,18,15,20,58
0.738293105940165,0.798233736252475,1069,222,33,64,16,19,17,45
0.73734066701589,0.775907551300622,1101,190,46,67,19,18,27,49
0.709613415258576,0.727760671103063,1076,215,31,59,8,11,23,48
0.800692592072629,0.832029888066666,1070,221,34,54,18,11,16,43
0.754039397963701,0.791120172315906,1047,244,36,67,21,22,15,45
0.818075694273777,0.867002030178386,1072,219,39,60,22,30,17,30
0.742686533212011,0.827679032076717,1050,241,35,58,19,20,16,38
0.74471503073198,0.801688180855602,1071,220,52,59,27,17,25,42
0.704162425065038,0.785313210174907,1063,228,28,49,14,16,14,33
0.673310291858679,0.724699301162806,1072,219,31,60,12,20,19,40
0.782770809086599,0.813759452285078,1059,232,37,61,19,15,18,46
0.733718455457586,0.775942306764234,1042,249,26,51,13,12,13,39
0.767555955235811,0.822946259571074,1085,206,40,62,20,18,20,44
0.79802371541502,0.835953437162205,1064,227,26,43,13,10,13,33
0.738264580369844,0.773423233077138,1070,221,37,58,19,16,18,42
0.781882926829268,0.815414138190545,1067,224,41,64,20,20,21,44
0.748076350277998,0.798942294032661,1061,230,32,54,18,17,14,37
0.790111199364575,0.835369161194795,1076,215,32,58,21,26,11,32
0.776732525814138,0.81838525054177,1089,202,32,57,16,17,16,40
0.754872912939774,0.829637556051239,1046,245,43,63,28,24,15,39
0.73673301429573,0.770023997287064,1063,228,53,61,20,16,33,45
0.780803174385989,0.819955973271132,1054,237,47,76,24,28,23,48
0.661214686034542,0.703827177041205,1066,225,42,67,18,18,24,49
0.674780682056349,0.735694865239485,1090,201,54,68,22,18,32,50
0.754437804338203,0.796638205080408,1074,217,36,46,17,13,19,33
0.78738379814077,0.820544227281925,1083,208,36,57,17,19,19,38
0.754867140226256,0.788413192495282,1030,261,24,50,10,13,14,37
0.795687804878049,0.84793466640081,1076,215,41,61,23,19,18,42
0.720760524225576,0.749370172126317,1048,243,32,61,13,18,19,43
0.756877198053669,0.78571586787244,1066,225,33,58,16,19,17,39
0.749135009809167,0.792290895930791,1051,240,45,58,24,16,21,42
0.706335304822566,0.746539861720408,1078,213,35,56,14,18,21,38
0.755233941316416,0.783441069154411,1087,204,30,54,13,12,17,42
0.625752758105699,0.657714775768383,1074,217,33,46,9,9,24,37
0.789768185451639,0.825924727241274,1087,204,40,59,22,20,18,39
0.75469122319301,0.779502494798323,1068,223,32,55,14,18,18,37
0.79452429094486,0.821951537310123,1079,212,29,51,17,14,12,37
0.724728055473397,0.786605342878222,1073,218,49,71,23,29,26,42
0.776989162040708,0.811141089527347,1086,205,30,67,14,18,16,49
0.698975609756098,0.756602284860628,1054,237,41,67,20,23,21,44
0.796769257295573,0.836073695039211,1072,219,37,49,23,16,14,33
0.777399503954326,0.807778704323412,1076,215,34,45,17,12,17,33
0.712544802867384,0.782419007255853,1056,235,31,49,14,15,17,34
0.720240131353903,0.747929539560453,1078,213,47,61,21,23,26,38
0.809335443037975,0.857252930410131,1075,216,27,48,14,14,13,34
0.771513491353608,0.798111005704341,1063,228,43,62,24,18,19,44
0.751759628154051,0.799651651943362,1094,197,36,44,16,9,20,35
0.734949092518814,0.77207377928424,1097,194,36,53,16,12,20,41
0.732988750380055,0.802298065786657,1067,224,26,41,10,14,16,27
0.716597034488408,0.786040264349917,1077,214,39,60,19,20,20,40
0.749275610964962,0.797632968314381,1060,231,42,57,21,20,21,37
0.709761196603302,0.732825721734498,1062,229,37,49,14,12,23,37
0.771693804606831,0.819994440824595,1060,231,32,53,18,19,14,34
0.737433476707735,0.775335488439026,1067,224,44,66,23,24,21,42
0.825281240498632,0.869280952034496,1068,223,26,46,16,16,10,30
0.730721151773783,0.766650039722239,1065,226,37,61,18,15,19,46
0.714492753623189,0.755009178551716,1089,202,46,59,16,14,30,45
0.754354398764337,0.822490839806222,1056,235,49,65,28,26,21,39
0.745711725550435,0.797091415573136,1043,248,31,56,17,15,14,41
0.704506462312708,0.744919884672761,1061,230,42,58,17,16,25,42
0.716187760882528,0.777610239649981,1069,222,43,65,19,17,24,48
0.692515917495901,0.746801094035076,1077,214,42,61,16,9,26,52
0.7529783048254,0.77970093750913,1080,211,29,53,14,14,15,39
0.704803010181496,0.73671690901189,1063,228,36,64,15,19,21,45
0.74245657140394,0.781564356012727,1051,240,37,63,17,19,20,44
0.659846451997615,0.711660422451415,1068,223,43,63,14,13,29,50
0.767527297543221,0.800944549067087,1042,249,35,54,16,12,19,42
0.802332395686826,0.817478180090802,1060,231,27,55,15,13,12,42
0.80416962675556,0.829318113087055,1070,221,29,55,15,11,14,44
0.781853026698388,0.818639160212845,1079,212,30,51,12,10,18,41
0.709983883964545,0.758903735026156,1046,245,50,60,23,18,27,42
0.737997227706137,0.778830776732572,1072,219,38,55,23,17,15,38
0.687852290793467,0.734525445514584,1058,233,33,60,11,14,22,46
0.688021765056649,0.739965509737591,1046,245,43,64,16,17,27,47
0.809724367073798,0.855180555255572,1076,215,34,57,23,22,11,35
0.810363349131122,0.844435516016046,1084,207,25,57,13,16,12,41
0.727843872580715,0.766531252295435,1077,214,37,58,14,14,23,44
0.712009388078272,0.766146022804571,1070,221,28,56,12,8,16,48
0.712206728640992,0.785035018944196,1072,219,36,55,14,11,22,44
0.649590373783922,0.680427979426107,1078,213,31,51,10,11,21,40
0.725185869702188,0.763151926659108,1059,232,38,47,17,10,21,37
0.7884087295852,0.81938411769729,1030,261,33,57,21,16,12,41
0.697291166266346,0.729932822191888,1066,225,42,60,15,11,27,49
0.761407727198207,0.808774183601655,1079,212,29,59,14,17,15,42
0.7263675158412,0.786024006922837,1069,222,37,63,18,18,19,45
0.786421336490397,0.821891778393772,1091,200,24,54,11,15,13,39
0.716346504337683,0.765251200939521,1054,237,44,55,21,20,23,35
0.729882926829268,0.780565705662135,1042,249,41,62,20,20,21,42
0.779365489891806,0.820842434768493,1040,251,37,79,23,22,14,57
0.735516402264963,0.793752575561851,1077,214,34,54,16,13,18,41
0.714159908249365,0.761398721794514,1058,233,39,50,16,14,23,36
0.689409764888998,0.733698354922878,1098,193,39,57,16,11,23,46
0.728716755032545,0.764006964410962,1064,227,37,63,16,13,21,50
0.693767060964513,0.743728112903915,1063,228,35,64,15,14,20,50
0.788675834824091,0.817151767577366,1074,217,43,67,23,21,20,46
0.775454959053685,0.833953509380714,1043,248,35,64,19,18,16,46
0.790793467264055,0.830779217411838,1050,241,33,51,16,13,17,38
0.69066785927251,0.724171267736622,1082,209,43,82,13,13,30,69
0.779526830557758,0.808860297589343,1075,216,30,47,18,14,12,33
0.721193005754759,0.768235608785971,1049,242,36,47,18,21,18,26
0.758552631578947,0.804166958099063,1053,238,56,66,34,26,22,40
0.734273132791948,0.787680808271199,1080,211,42,53,18,14,24,39
0.754311039484287,0.782445605113123,1058,233,50,72,26,23,24,49
0.760859312946783,0.80951226153537,1078,213,32,54,17,14,15,40
0.8101506740682,0.848890743881746,1068,223,30,54,18,17,12,37
0.736967229937744,0.78767997421192,1055,236,47,66,21,20,26,46
0.712619904076739,0.765796565651154,1072,219,40,47,17,12,23,35
0.77808764940239,0.828272087713141,1069,222,36,63,19,13,17,50
0.69648790303711,0.751230551667058,1078,213,34,62,15,20,19,42
0.738541410666011,0.791608375326659,1085,206,39,62,17,12,22,50
0.709549259133582,0.767612237767577,1052,239,28,48,11,12,17,36
0.7152260111023,0.744728846716908,1058,233,30,55,10,15,20,40
0.79487950161211,0.825335446703308,1091,200,29,47,16,15,13,32
0.704333684950774,0.749374728375029,1070,221,27,46,12,11,15,35
0.710801239486498,0.734724428218449,1059,232,36,44,10,8,26,36
0.723407740184379,0.774413394187315,1048,243,34,52,15,18,19,34
0.728729526339088,0.774740317262571,1082,209,36,56,17,10,19,46
0.79859512195122,0.860729422730825,1047,244,41,61,27,23,14,38
0.75184909832628,0.809816652686029,1054,237,42,58,22,16,20,42
0.75109011627907,0.790699586965754,1067,224,43,55,19,18,24,37
0.736048780487805,0.78394590409659,1058,233,41,52,21,15,20,37
0.747716441620334,0.803630227039583,1065,226,32,53,16,14,16,39
0.782616457344479,0.840053722470328,1059,232,38,49,25,21,13,28
0.776748601119105,0.815099995697361,1086,205,40,57,22,14,18,43
0.720257051865332,0.793041025247786,1061,230,35,58,18,15,17,43
0.734685759745426,0.777370718163501,1057,234,34,65,19,18,15,47
0.736118386589838,0.781736325656163,1079,212,46,64,24,21,22,43
0.713918864908074,0.752754464897166,1050,241,40,55,16,15,24,40
0.720171128065865,0.765890676792219,1064,227,37,64,17,15,20,49
0.749558953249045,0.785951610041414,1062,229,38,58,18,19,20,39
0.750464506257172,0.809142452208991,1082,209,29,51,16,17,13,34
0.789073173397453,0.821121975893069,1068,223,29,59,16,15,13,44
0.729485206513106,0.764796236928452,1047,244,32,61,14,18,18,43
0.743063414634146,0.797100262374488,1079,212,41,59,21,14,20,45
0.763679056754596,0.808973357339732,1056,235,40,56,23,17,17,39
0.704139173569189,0.759292175363299,1084,207,34,65,12,13,22,52
0.757425852146968,0.80297400967962,1069,222,36,61,18,22,18,39
0.728862552391964,0.757647822603461,1080,211,33,55,14,16,19,39
0.669888788309841,0.704110414617411,1045,246,37,45,15,11,22,34
0.738057324840764,0.811526060662921,1055,236,35,63,17,18,18,45
0.75567120362957,0.78845325500099,1082,209,42,57,18,12,24,45
0.769022883616454,0.817885020242399,1063,228,34,47,17,10,17,37
0.728747002398081,0.771634248368858,1079,212,40,61,16,12,24,49
0.694304556354916,0.720733748185825,1059,232,40,55,16,9,24,46
0.682164779442602,0.735867490750982,1082,209,42,50,17,15,25,35
0.74340488814173,0.787732018910229,1048,243,37,50,21,20,16,30
0.776671974522293,0.822972068677336,1069,222,35,58,19,17,16,41
0.781954436450839,0.83449836039521,1067,224,40,53,20,13,20,40
0.763822487826472,0.795322553905784,1058,233,36,54,17,19,19,35
0.704601344335756,0.762276991757303,1074,217,29,45,13,9,16,36
0.779193094468014,0.82672597311746,1076,215,38,59,21,19,17,40
0.733851478659785,0.769513327590119,1074,217,39,53,18,16,21,37
0.7195748401552,0.779616393664812,1081,210,29,58,8,14,21,44
0.745183852917666,0.794602010379671,1081,210,40,61,21,17,19,44
0.75011846613691,0.791112779708603,1055,236,44,67,23,21,21,46
0.761368963900609,0.816800583691134,1083,208,27,50,8,12,19,38
0.764236161294985,0.805205274568252,1082,209,33,54,16,17,17,37
0.742775138558986,0.803597865900657,1063,228,28,54,16,16,12,38
0.705948589626934,0.74149236385683,1072,219,35,63,11,12,24,51
0.744264588329336,0.787302200679313,1086,205,40,45,20,11,20,34
0.709665224513798,0.758855954014384,1054,237,38,71,18,19,20,52
0.802459654296715,0.845235637379789,1059,232,39,63,23,22,16,41
0.742652329749104,0.790558077339068,1043,248,31,70,18,22,13,48
0.725320938468349,0.778390123316789,1070,221,36,48,15,14,21,34
0.711259105995948,0.748586262215067,1101,190,37,48,14,16,23,32
0.756825723526694,0.803047957059937,1057,234,38,51,22,18,16,33
0.720829268292683,0.76601473618355,1084,207,41,66,16,17,25,49
0.761519721090436,0.80372440989085,1074,217,38,66,20,16,18,50
0.739998001598721,0.7794279433325,1070,221,40,67,18,15,22,52
0.695543565147882,0.747352905427366,1061,230,40,60,15,14,25,46
0.74111503973172,0.790569001045479,1074,217,44,62,22,19,22,43
0.767526357793926,0.799938296772461,1063,228,38,65,20,17,18,48
0.721284575714956,0.77999848417051,1065,226,27,50,16,14,11,36
0.758400890494392,0.800200063331517,1076,215,38,54,18,15,20,39
0.805475575853852,0.83676914886854,1081,210,32,53,19,16,13,37
0.728685258964143,0.778175524162793,1080,211,36,54,18,16,18,38
0.738078524966072,0.784445903991268,1068,223,34,61,17,12,17,49
0.784774622716442,0.848824256176798,1061,230,32,57,20,17,12,40
0.77316910211647,0.849551509563147,1058,233,37,54,20,16,17,38
0.696752597921663,0.740207054582382,1080,211,40,58,14,13,26,45
0.80436033643205,0.843481367543196,1058,233,36,60,24,19,12,41
0.691117106314948,0.733716429949673,1079,212,40,63,15,14,25,49
0.76557859703021,0.811771468157258,1079,212,31,54,15,9,16,45
0.69353517186251,0.740348667294995,1068,223,40,70,16,14,24,56
0.766140210862351,0.807197983701342,1059,232,38,55,18,15,20,40
0.72366320830008,0.76370775950088,1062,229,38,60,18,18,20,42
0.757475538756973,0.797682755857813,1061,230,53,75,28,25,25,50
0.775717073170732,0.798335997558999,1042,249,41,65,22,21,19,44
0.814730313131865,0.852283267699131,1052,239,29,54,20,16,9,38
0.77630895283773,0.810714264887407,1071,220,40,48,22,14,18,34
0.763179953629392,0.817007780792381,1058,233,45,53,24,11,21,42
0.783795827913475,0.817437468128293,1073,218,33,59,16,15,17,44
0.80638796751687,0.820836311272444,1066,225,42,60,27,27,15,33
0.680577849117175,0.718967566732387,1077,214,45,62,17,18,28,44
0.73009756097561,0.770512127089303,1061,230,41,48,20,16,21,32
0.814067627754337,0.834328663265493,1067,224,27,37,16,13,11,24
0.614110522005259,0.665413703137494,1062,229,37,62,9,13,28,49
0.772650023441163,0.832507229650728,1055,236,27,57,15,15,12,42
0.657443188978032,0.681043658162968,1072,219,38,57,10,10,28,47
0.779749653463267,0.839591326749863,1074,217,38,63,20,20,18,43
0.737522747952684,0.772417960159425,1062,229,35,54,14,16,21,38
0.683675489198055,0.736439507765716,1053,238,28,46,11,6,17,40
0.739350402504472,0.794874693113358,1058,233,43,62,24,16,19,46
0.741102237996648,0.801565162337533,1070,221,49,60,25,23,24,37
0.712204063242402,0.757850940706985,1068,223,39,54,17,12,22,42
0.709713375796178,0.754242205317227,1065,226,35,60,15,14,20,46
0.813666440447913,0.837052388577463,1062,229,28,58,17,20,11,38
0.665938589490486,0.732057578858109,1057,234,38,60,17,20,21,40
0.79433575978162,0.832109536125879,1044,247,35,53,20,13,15,40
0.711629674673153,0.760189545054517,1089,202,26,52,9,9,17,43
0.825135464359222,0.863384945425659,1077,214,38,46,22,20,16,26
0.682619268812503,0.737525075549805,1060,231,29,52,10,11,19,41
0.73466825270949,0.785427076238042,1071,220,30,58,16,17,14,41
0.74289756097561,0.800206860842058,1081,210,41,49,21,14,20,35
0.79002658070354,0.81823918035871,1065,226,28,55,14,16,14,39
0.722178165477135,0.787850931505092,1091,200,30,61,15,12,15,49
0.748724210833272,0.798521338549911,1066,225,44,60,19,15,25,45
0.746887804878049,0.79338825328751,1089,202,41,60,18,21,23,39
0.721163943377998,0.772667754166864,1065,226,38,55,14,14,24,41
0.755733607762423,0.787465621594242,1076,215,38,53,17,12,21,41
0.779249273063706,0.813279399714908,1059,232,30,64,14,18,16,46
0.812379110251451,0.840999595813441,1061,230,22,41,11,8,11,33
0.778068292682927,0.814893401202477,1061,230,41,60,19,16,22,44
0.740352652117358,0.78815779074489,1083,208,33,43,17,16,16,27
0.799399970184854,0.832347703753822,1069,222,43,53,24,18,19,35
0.738626023657871,0.757125576219767,1077,214,35,58,9,10,26,48
0.706271721958926,0.772404935846824,1082,209,25,52,10,9,15,43
0.796960550329917,0.833013140267415,1045,246,34,62,18,17,16,45
0.699178843915686,0.751844226492822,1083,208,37,57,18,17,19,40
0.795863161921416,0.834495548207868,1067,224,29,44,15,11,14,33
0.73768265873529,0.793430366292518,1056,235,37,60,19,19,18,41
0.644967866593859,0.670830906201099,1049,242,38,61,11,13,27,48
0.650591979035051,0.697285439976207,1072,219,34,46,14,10,20,36
0.733666278990217,0.782508107582535,1057,234,47,56,25,17,22,39
0.76480667270141,0.807887224333523,1062,229,37,60,20,16,17,44
0.774926829268293,0.822853688306394,1044,247,41,49,23,14,18,35
0.730822098863336,0.768661228866191,1081,210,30,50,12,14,18,36
0.727853432542468,0.775503036894396,1053,238,34,48,17,20,17,28
0.726908740886377,0.767214918187873,1055,236,39,60,16,12,23,48
0.751708633093525,0.786200775711056,1055,236,40,70,17,18,23,52
0.718816067653277,0.755498488479468,1040,251,44,62,23,21,21,41
0.727922503481609,0.759118261136751,1058,233,39,57,16,16,23,41
0.734118612283169,0.777549756646308,1085,206,27,56,13,11,14,45
0.68968253968254,0.721062971327409,1053,238,45,58,19,8,26,50
0.805835331734612,0.846101689048471,1061,230,40,64,26,22,14,42
0.733752997601918,0.787122181566662,1038,253,40,54,22,10,18,44
0.738051810732223,0.783965820332882,1074,217,30,53,15,10,15,43
0.739589595059839,0.758754632442059,1083,208,29,58,10,15,19,43
0.698168789808917,0.776227985650361,1047,244,35,57,15,12,20,45
0.733742057188245,0.775022568496035,1060,231,32,61,16,19,16,42
0.742123139181963,0.800435286868437,1076,215,33,53,15,12,18,41
0.699546259406817,0.750886048116289,1075,216,36,48,15,6,21,42
0.690272270684642,0.733553201562905,1094,197,30,45,11,10,19,35
0.732394109499162,0.765458231493267,1055,236,44,51,21,16,23,35
0.816396882494005,0.832992665255187,1052,239,40,72,25,27,15,45
0.681771633384537,0.718651916350983,1079,212,31,58,13,10,18,48
0.778569422995929,0.821190808561473,1072,219,34,42,12,12,22,30
0.712741351568785,0.761057676278586,1072,219,48,65,22,17,26,48
0.725460829493087,0.78272453953255,1067,224,31,56,15,12,16,44
0.752126829268293,0.801379713818789,1056,235,41,69,21,25,20,44
0.703452855245684,0.761098662975555,1060,231,36,53,18,14,18,39
0.796441372247824,0.833040152817153,1079,212,31,51,17,14,14,37
0.743292782829524,0.795838386665645,1085,206,39,53,18,12,21,41
0.795271347902927,0.83904110210679,1057,234,37,53,25,17,12,36
0.721572050519419,0.76425456201841,1060,231,37,50,15,13,22,37
0.800634417129262,0.817462903460573,1088,203,30,46,15,14,15,32
0.700816603491039,0.754202251036235,1047,244,34,43,15,13,19,30
0.743263640429338,0.776090936459484,1049,242,43,59,19,21,24,38
0.751322751322751,0.791551333601953,1071,220,49,62,25,20,24,42
0.746620857369076,0.80527534115953,1067,224,28,54,12,17,16,37
0.726619390750696,0.799818074823486,1078,213,42,69,24,21,18,48
0.766823435818241,0.812907506773518,1063,228,34,53,18,15,16,38
0.733641536273115,0.773253333235981,1077,214,37,70,17,15,20,55
0.713795835838024,0.768175539777199,1083,208,29,56,15,17,14,39
0.747362110311751,0.790325339095376,1068,223,40,73,20,16,20,57
0.735043902439024,0.779148336585253,1061,230,41,70,19,21,22,49
0.796920125867494,0.832976019175695,1080,211,37,47,23,10,14,37
0.729570606463037,0.777795812986605,1076,215,36,58,19,11,17,47
0.748645590453984,0.822972458395897,1094,197,23,46,13,13,10,33
0.738991971819448,0.790494104825065,1076,215,39,60,17,19,22,41
0.731855639396346,0.785379593595689,1071,220,32,58,19,18,13,40
0.779881047695299,0.836821392088802,1055,236,42,53,24,20,18,33
0.699410471622702,0.755349579604217,1050,241,40,68,16,18,24,50
0.781950489026159,0.838030952646779,1108,183,34,59,16,21,18,38
0.752519924988279,0.81218760371984,1075,216,27,51,13,17,14,34
0.742355043685465,0.809413872622622,1076,215,32,43,17,14,15,29
0.756680456171735,0.791912968561405,1046,245,43,59,23,17,20,42
0.651984872573108,0.700173755807253,1071,220,33,54,10,9,23,45
0.731187443130118,0.784143337016448,1067,224,35,53,17,12,18,41
0.744387435563906,0.789793669125222,1072,219,33,63,17,18,16,45
0.701182893539581,0.752245898767198,1070,221,35,59,15,12,20,47
0.71157985867378,0.762765587998752,1073,218,34,56,15,17,19,39
0.736440638307829,0.796243174118268,1055,236,34,67,16,16,18,51
0.711859957155458,0.746670768033714,1078,213,38,54,14,13,24,41
0.693984276288081,0.768186148881968,1075,216,34,59,13,14,21,45
0.70619839384685,0.766542504405528,1092,199,28,54,11,12,17,42
0.745344626923574,0.797280367106632,1066,225,37,53,19,17,18,36
0.690092498916028,0.72578509185604,1064,227,33,70,9,18,24,52
0.79679253867152,0.830691552830571,1070,221,35,64,18,15,17,49
0.748036806860336,0.799410258280074,1084,207,33,62,13,13,20,49
0.752278741546604,0.787664033119894,1064,227,38,57,20,22,18,35
0.766054824878354,0.803387375715757,1068,223,33,58,12,12,21,46
0.717891075670173,0.789069053273818,1078,213,28,56,14,11,14,45
0.710310789258158,0.751040831345564,1060,231,37,63,17,17,20,46
0.72456279809221,0.785421596596634,1074,217,33,56,13,18,20,38
0.694283976892673,0.780537943552881,1077,214,26,44,10,11,16,33
0.774832324852373,0.79351677279979,1087,204,44,66,19,17,25,49
0.704525246852918,0.74174010716776,1064,227,34,51,15,12,19,39
0.747709163346613,0.79140924215903,1050,241,36,55,16,17,20,38
0.701751216457099,0.742338704898679,1071,220,33,64,17,20,16,44
0.806574158325751,0.860870050594375,1055,236,35,56,20,19,15,37
0.801353503184713,0.834553009734097,1048,243,35,52,21,17,14,35
0.736932273820806,0.786716371295615,1087,204,44,48,17,15,27,33
0.713444040036397,0.774309975954152,1071,220,35,60,15,19,20,41
0.732755393326782,0.800258396816718,1092,199,34,49,13,13,21,36
0.725972994440032,0.805239623980341,1058,233,32,48,17,18,15,30
0.657963629096723,0.731971655652134,1067,224,40,58,16,17,24,41
0.745450409463148,0.779433274974461,1054,237,35,49,14,10,21,39
0.786162314388121,0.827597872580206,1080,211,31,62,18,21,13,41
0.769721115537849,0.822440918026399,1064,227,36,61,16,12,20,49
0.767307317073171,0.796278392339096,1071,220,41,57,20,11,21,46
0.758200784516574,0.808372983691509,1079,212,37,66,17,15,20,51
0.742859243079766,0.778564180807419,1058,233,38,56,17,15,21,41
0.704685555932587,0.75069036267085,1087,204,28,45,10,11,18,34
0.768289348983014,0.817701686735486,1066,225,44,64,23,22,21,42
0.806823569981465,0.844325610174544,1048,243,37,51,23,19,14,32
0.736667148431854,0.771292431754819,1063,228,33,46,12,9,21,37
0.773252636756107,0.814483442309084,1061,230,29,49,14,12,15,37
0.731733230926779,0.787470830968119,1054,237,31,60,15,17,16,43
0.717348364407188,0.763139314747097,1070,221,33,50,14,13,19,37
0.702392772041303,0.768512845718181,1070,221,32,60,14,18,18,42
0.739097764905186,0.795823035352565,1074,217,29,60,16,16,13,44
0.70765488482923,0.771411061317006,1064,227,32,51,19,15,13,36
0.69660330186646,0.745605877944122,1083,208,37,58,16,14,21,44
0.75450228400539,0.793130180661817,1044,247,49,70,25,22,24,48
0.712371134020619,0.747880987224972,1076,215,30,46,11,11,19,35
0.797355024347056,0.828422561821777,1041,250,36,57,22,16,14,41
0.748251270561233,0.783242803478962,1075,216,29,60,15,15,14,45
0.727958697378872,0.796543380094595,1052,239,32,54,16,12,16,42
0.776189776116268,0.805116373863656,1080,211,38,64,21,18,17,46
0.748096748612212,0.798860997239553,1061,230,30,68,15,16,15,52
0.681374900079936,0.740295196584071,1081,210,40,58,15,15,25,43
0.769344842850819,0.816623610084545,1050,241,36,61,23,24,13,37
0.763276434329066,0.795341144515168,1068,223,37,69,16,26,21,43
0.698585365853659,0.739120322989583,1067,224,41,57,15,11,26,46
0.755762179151388,0.784699401889583,1045,246,46,71,24,21,22,50
0.692265687053217,0.727796495610248,1036,255,32,54,14,17,18,37
0.766150711975469,0.806598201667342,1085,206,38,72,16,17,22,55
0.710867895545315,0.758886105831013,1049,242,31,62,14,15,17,47
0.746512609213662,0.802762614524486,1082,209,32,53,18,12,14,41
0.762087966640191,0.81555751751115,1047,244,32,50,15,17,17,33
0.738200083876625,0.797199696932594,1056,235,42,55,19,15,23,40
0.646611922927713,0.677019773026599,1065,226,37,58,9,17,28,41
0.811208035950304,0.842166297013686,1081,210,30,52,16,15,14,37
0.757084324610098,0.793299891159507,1063,228,30,56,17,15,13,41
0.767420094529459,0.834481639794305,1071,220,34,51,17,13,17,38
0.759918574785507,0.788648386667817,1052,239,29,49,13,12,16,37
0.778891233005157,0.811755639667016,1068,223,27,64,14,13,13,51
0.745641838351823,0.803537966598794,1080,211,29,45,14,11,15,34
0.773805732484076,0.813867192879489,1072,219,35,41,19,10,16,31
0.751912195121951,0.786101669665073,1068,223,41,73,18,17,23,56
0.688722995136297,0.726134412381092,1044,247,28,45,11,16,17,29
0.771354241942477,0.804479467314032,1074,217,33,56,17,15,16,41
0.78153177769277,0.827306601286976,1058,233,29,50,16,14,13,36
0.751149881046788,0.810289674071089,1075,216,30,47,10,12,20,35
0.743135479977585,0.788052634113394,1055,236,37,61,18,17,19,44
0.736993645750596,0.778929123250002,1068,223,32,59,12,18,20,41
0.750583300238284,0.797062277620379,1053,238,32,54,18,17,14,37
0.738100399865106,0.782002422680663,1037,254,33,63,14,16,19,47
0.792235476960558,0.825483861766624,1092,199,38,58,14,14,24,44
0.747395359417652,0.783375743984009,1100,191,35,48,15,8,20,40
0.728377298161471,0.780067381044934,1065,226,40,55,19,22,21,33
0.778069475364389,0.814978498555004,1076,215,38,60,19,16,19,44
0.795942140296979,0.837797281184085,1050,241,31,49,20,14,11,35
0.775281262123367,0.820986226375056,1048,243,37,64,23,18,14,46
0.707699492927676,0.734325262496142,1061,230,42,52,15,14,27,38
0.758256925958789,0.789140770078275,1043,248,49,54,22,23,27,31
0.760442304262529,0.802234244043069,1079,212,45,61,23,18,22,43
0.714257119981699,0.741062949618255,1060,231,42,55,17,15,25,40
0.736474566304028,0.785107246166482,1081,210,38,53,16,15,22,38
0.744743249225321,0.790972473263545,1031,260,36,52,16,21,20,31
0.783775562731059,0.829285000546945,1088,203,34,63,16,19,18,44
0.721883530482257,0.782172282090829,1059,232,35,53,18,17,17,36
0.738490210534939,0.758484843048784,1066,225,39,56,16,19,23,37
0.768205873583781,0.821682931233359,1094,197,43,62,22,18,21,44
0.778727540895683,0.810530145147679,1059,232,48,72,22,19,26,53
0.677581458040319,0.744211121927711,1073,218,27,53,9,11,18,42
0.841858678955453,0.86550694198413,1080,211,31,54,19,14,12,40
0.675380928975178,0.713718196058882,1046,245,39,66,16,24,23,42
0.761432245080501,0.808892048187855,1083,208,43,62,20,13,23,49
0.755118289353958,0.802992987025666,1060,231,35,55,22,21,13,34
0.72525880294525,0.766916918409076,1087,204,44,68,18,12,26,56
0.801069426970147,0.836641306950404,1041,250,42,59,26,23,16,36
0.788876251137398,0.823135044308026,1072,219,35,60,20,21,15,39
0.771160454665609,0.847529605297366,1071,220,30,39,13,10,17,29
0.799680255795364,0.845494229308534,1062,229,40,59,26,21,14,38
0.808931860036832,0.841237623004983,1081,210,24,50,14,13,10,37
0.75190134724033,0.80124670388215,1062,229,52,74,29,23,23,51
0.717014478000226,0.756238476525386,1077,214,28,56,11,11,17,45
0.662768309886004,0.692251468708824,1066,225,42,62,13,14,29,48
0.777979981801638,0.830508909090621,1053,238,35,67,21,24,14,43
0.745951219512195,0.786490311742407,1068,223,41,58,20,15,21,43
0.735176651305683,0.776504382785813,1070,221,31,57,14,15,17,42
0.716289252240542,0.758308064498287,1054,237,47,60,21,20,26,40
0.759804367606915,0.803945464713365,1051,240,35,50,16,15,19,35
0.767598551890587,0.822529827299052,1067,224,48,69,27,19,21,50
0.817758253461129,0.851331268124194,1053,238,39,58,25,24,14,34
0.731169871794872,0.772064313828871,1070,221,43,61,19,13,24,48
0.772135374697824,0.801432181954333,1062,229,50,57,25,18,25,39
0.750483051203428,0.796530343754607,1064,227,38,65,15,14,23,51
0.755273592386994,0.799173964878331,1099,192,30,55,11,12,19,43
0.7328,0.78215116809215,1063,228,41,66,20,21,21,45
0.840716384834032,0.861187804755647,1062,229,33,48,20,16,13,32
0.667111235902476,0.735194445110572,1073,218,34,67,16,22,18,45
0.679566481628337,0.723652114331497,1063,228,30,44,12,10,18,34
0.738791280892323,0.773191586679928,1092,199,44,55,13,15,31,40
0.724143933808471,0.754870619291797,1064,227,39,60,17,18,22,42
0.726989162040708,0.781883010064372,1085,206,30,52,13,14,17,38
0.758944351049614,0.791106773112828,1067,224,37,57,15,21,22,36
0.69244799369023,0.729330693484436,1070,221,49,75,22,20,27,55
0.851990667196187,0.867351897937433,1052,239,32,64,18,16,14,48
0.767814726840855,0.815717503999586,1034,257,28,49,16,16,12,33
0.773176096214142,0.808136347060792,1065,226,34,60,17,13,17,47
0.708996815286624,0.75937549266637,1038,253,35,63,16,14,19,49
0.811300959232614,0.850190278900681,1052,239,40,49,26,16,14,33
0.772192246203038,0.822759070143487,1074,217,40,62,24,17,16,45
0.724845064187694,0.759778454767916,1068,223,36,64,14,17,22,47
0.755102685624013,0.787980105040434,1062,229,25,50,12,15,13,35
0.776988409272582,0.824560144108357,1054,237,40,62,25,21,15,41
0.704653658536585,0.759047248043072,1050,241,41,51,21,13,20,38
0.736032757051865,0.783865737632526,1072,219,35,61,16,20,19,41
0.775121735281098,0.799552361074276,1086,205,36,71,17,17,19,54
0.766556385024319,0.808261220711304,1081,210,28,50,12,10,16,40
0.745329791943338,0.804350771550318,1071,220,36,58,16,22,20,36
0.77263028578818,0.810414201862347,1060,231,37,54,20,14,17,40
0.716217919099425,0.779692801877424,1061,230,38,55,18,17,20,38
0.665024324861001,0.723916978014013,1052,239,32,74,11,20,21,54
0.704016786570744,0.74686232018989,1061,230,40,83,17,22,23,61
0.815014212073036,0.856601505662354,1054,237,33,48,22,10,11,38
0.719355620155039,0.759677953662439,1060,231,43,72,18,19,25,53
0.723886328725038,0.773510320245599,1066,225,31,49,14,11,17,38
0.778268485390578,0.812549328240939,1053,238,43,72,24,22,19,50
0.770729197294913,0.805708309683135,1055,236,38,57,20,20,18,37
0.701364877161056,0.769561414638746,1060,231,35,57,15,14,20,43
0.78630258786092,0.836479523686327,1081,210,34,64,18,18,16,46
0.762594893029676,0.798979096276259,1059,232,49,60,27,21,22,39
0.653597122302158,0.693438742858019,1057,234,40,59,13,9,27,50
0.747790853054011,0.778222614813018,1062,229,37,53,16,17,21,36
0.73905188611071,0.783078520596402,1069,222,33,58,15,18,18,40
0.752022116903633,0.803411249890282,1098,193,25,48,11,12,14,36
0.776921705011593,0.833624300211322,1069,222,45,63,26,23,19,40
0.724078341013825,0.807441556916653,1062,229,31,53,16,14,15,39
0.738144329896907,0.776700408902819,1064,227,30,59,13,15,17,44
0.751516827567713,0.803594412530783,1065,226,48,65,24,16,24,49
0.780327004219409,0.816776710377975,1068,223,27,51,15,15,12,36
0.70883654844527,0.772502244568276,1110,181,29,47,11,11,18,36
0.633289065958389,0.666259350957572,1083,208,36,57,11,12,25,45
0.723988897700238,0.758244678233761,1080,211,30,56,12,9,18,47
0.651558234758872,0.697801926581138,1056,235,35,50,9,11,26,39
0.692908434788948,0.7443988938743,1054,237,44,51,22,18,22,33
0.704280483692248,0.738011937853287,1083,208,33,52,12,12,21,40
0.722990327340292,0.780231292223836,1111,180,29,51,10,13,19,38
0.671375195394411,0.720283365231471,1070,221,42,62,15,15,27,47
0.702465784413528,0.749362174618465,1064,227,28,51,12,11,16,40
0.725551219512195,0.773704324500088,1074,217,41,54,18,14,23,40
0.720355124109118,0.760192621018678,1076,215,39,69,18,21,21,48
0.649470367390721,0.683893930808757,1097,194,48,51,13,11,35,40
0.701691779011367,0.752387518313819,1056,235,30,55,15,13,15,42
0.76190975020145,0.8022566019835,1069,222,50,55,27,19,23,36
0.665250110668437,0.698128718300227,1067,224,36,65,9,14,27,51
0.776171088960644,0.827627752401174,1086,205,34,57,19,22,15,35
0.741292094233271,0.781816747293874,1060,231,33,61,16,14,17,47
0.783886675520142,0.831244871945242,1069,222,36,54,21,19,15,35
0.741993189361611,0.7810336780964,1060,231,37,51,18,14,19,37
0.791216336721955,0.841883143798067,1059,232,45,56,30,23,15,33
0.740597521982414,0.781453336004346,1075,216,40,72,17,21,23,51
0.696560501645247,0.743545168268609,1076,215,52,62,19,15,33,47
0.775944083983378,0.820830926460135,1064,227,44,68,25,21,19,47
0.717231075697211,0.748138298076392,1061,230,36,55,16,15,20,40
0.750867177337766,0.785490625424485,1067,224,33,53,14,13,19,40
0.714149671823722,0.772931383480827,1061,230,27,50,7,12,20,38
0.692842363894995,0.749811408531555,1062,229,37,60,20,16,17,44
0.726921705011593,0.760001584115474,1072,219,45,62,19,16,26,46
0.713740067174572,0.750218874310569,1069,222,39,59,17,14,22,45
0.765569096601073,0.793869968999033,1056,235,43,56,25,23,18,33
0.695514689800977,0.74049619063553,1072,219,44,59,19,16,25,43
0.783935742971888,0.825901966867893,1071,220,46,68,24,20,22,48
0.817242703533026,0.848853149329153,1068,223,31,45,20,16,11,29
0.697249869041383,0.745486543272479,1061,230,46,62,19,17,27,45
0.7011949349028,0.739521153778791,1073,218,45,57,17,11,28,46
0.772448780487805,0.824742820024024,1057,234,41,57,23,18,18,39
0.733558275191582,0.774016798740722,1057,234,42,48,19,11,23,37
0.786718131433096,0.824386002581568,1063,228,28,55,14,17,14,38
0.721806016241565,0.765753402365219,1058,233,42,51,19,15,23,36
0.739152350149116,0.761192664109484,1079,212,38,70,15,15,23,55
0.762050166128504,0.813023384839761,1059,232,34,52,20,17,14,35
0.782983124436799,0.819928471883136,1054,237,39,50,21,17,18,33
0.727445404913558,0.780698031462666,1057,234,35,50,18,16,17,34
0.659114997350291,0.721466259783887,1049,242,33,52,10,9,23,43
0.711131622128458,0.762350455910301,1081,210,27,57,13,15,14,42
0.73077509626749,0.792559581046903,1079,212,42,69,22,14,20,55
0.754224533077923,0.79045292131051,1062,229,47,62,23,18,24,44
0.707278610633243,0.766837618282689,1080,211,39,62,16,22,23,40
0.682985365853658,0.719952605114184,1052,239,41,57,16,10,25,47
0.72878904249872,0.78082176621079,1063,228,31,59,16,18,15,41
0.774734395750332,0.826226822678931,1099,192,36,73,20,24,16,49
0.722455709297815,0.785933085360875,1092,199,37,50,19,14,18,36
0.755899705014749,0.802172183497831,1065,226,48,59,23,17,25,42
0.691381220792985,0.740522794462461,1106,185,33,63,14,12,19,51
0.802394499762921,0.829513661917624,1068,223,37,56,20,19,17,37
0.738522283362036,0.781414464313608,1084,207,38,50,17,13,21,37
0.791820276497696,0.841351528897505,1072,219,31,40,20,14,11,26
0.7621996624305,0.800586253009211,1065,226,32,61,17,16,15,45
0.764797233942804,0.803684348913295,1091,200,27,54,17,13,10,41
0.782629042070289,0.837398554582583,1065,226,34,49,20,19,14,30
0.705599644249846,0.752911750044356,1072,219,47,62,20,14,27,48
0.71161472477262,0.750813358728007,1059,232,37,57,11,14,26,43
0.684975029815146,0.73281297466689,1091,200,43,65,15,17,28,48
0.73547954725973,0.790337446738697,1074,217,32,56,15,11,17,45
0.744986719787517,0.812264802307866,1061,230,36,68,17,22,19,46
0.707961550066813,0.776685594974921,1076,215,37,55,13,13,24,42
0.663195500152022,0.724165528825091,1079,212,26,47,10,13,16,34
0.806853026420801,0.834313193040472,1070,221,38,75,20,20,18,55
0.775702465798312,0.822791424090843,1080,211,39,57,20,18,19,39
0.71230569522495,0.756356925360856,1071,220,49,68,21,17,28,51
0.741454373033321,0.783428393906154,1041,250,37,58,20,16,17,42
0.680963048610108,0.725695946107365,1053,238,33,44,14,14,19,30
0.719020866773676,0.755449866198306,1053,238,45,65,18,19,27,46
0.760058154903516,0.801551416996314,1047,244,30,53,15,17,15,36
0.771960425483244,0.821142854892911,1071,220,42,66,25,24,17,42
0.787621607782898,0.819665713694939,1061,230,31,50,16,14,15,36
0.709545670071986,0.755725249921639,1061,230,37,56,11,14,26,42
0.727511914217633,0.776495248263854,1088,203,32,69,16,18,16,51
0.717042081368954,0.762992591960395,1081,210,46,51,20,14,26,37
0.719230769230769,0.771495820839295,1040,251,26,51,14,17,12,34
0.746711016696482,0.802688004636758,1085,206,43,61,21,14,22,47
0.75382210530329,0.801569394490622,1065,226,42,52,22,19,20,33
0.780351206821795,0.820176246153814,1048,243,33,51,20,15,13,36
0.764581657280772,0.806369011325209,1063,228,48,61,23,17,25,44
0.751740911418331,0.81761311549476,1077,214,31,57,15,17,16,40
0.767615907274181,0.796213163155677,1058,233,40,66,18,18,22,48
0.749014336917563,0.791111029015442,1043,248,31,49,16,14,15,35
0.773214139428197,0.816022293471029,1063,228,39,56,22,19,17,37
0.716566314409765,0.769929371145558,1053,238,39,62,20,20,19,42
0.703448840829033,0.751022778338271,1064,227,39,56,14,17,25,39
0.772649632645421,0.807251845768502,1060,231,34,61,18,14,16,47
0.742370513647109,0.787809631679342,1060,231,22,44,9,13,13,31
0.650814263652955,0.680377338888942,1080,211,34,62,9,12,25,50
0.765856236786469,0.807419305585064,1063,228,44,53,24,18,20,35
0.762206728640992,0.791232665499229,1076,215,36,60,15,10,21,50
0.787543035138532,0.83002201236005,1060,231,29,47,20,16,9,31
0.746392885691447,0.776626751538518,1067,224,40,41,21,14,19,27
0.706660566548477,0.755586853231763,1056,235,42,58,17,15,25,43
0.723010837959292,0.759096688200563,1078,213,30,58,10,13,20,45
0.77064348521183,0.81242986730864,1066,225,40,57,23,20,17,37
0.777797998180164,0.838040257336312,1035,256,35,60,23,20,12,40
0.747973285168228,0.821197170953294,1067,224,38,58,22,19,16,39
0.765451664025357,0.813218437212414,1055,236,29,53,15,15,14,38
0.762532867796026,0.807309472887318,1064,227,37,63,20,16,17,47
0.720071590710669,0.774800635121742,1074,217,46,57,19,23,27,34
0.786668412781561,0.834259808718333,1072,219,46,54,27,18,19,36
0.738438369743414,0.77128764633847,1048,243,42,50,22,18,20,32
0.689361596505163,0.748984245560674,1059,232,32,44,14,11,18,33
0.773716246126605,0.818048323642116,1049,242,36,57,20,15,16,42
0.747528416600581,0.824822924143112,1041,250,30,43,17,13,13,30
0.771830321683876,0.812622473889568,1058,233,32,55,18,17,14,38
0.72454075263064,0.768373031573033,1041,250,45,43,25,16,20,27
0.772492625368732,0.819654881292579,1065,226,48,50,31,19,17,31
0.720428865459739,0.75369050276474,1060,231,38,54,16,17,22,37
0.728766986410871,0.774476257077282,1050,241,40,60,20,16,20,44
0.754236610711431,0.796629744218542,1079,212,40,59,21,20,19,39
0.749915991095056,0.800251366886975,1069,222,38,47,19,16,19,31
0.739002761008938,0.791852419730293,1057,234,34,43,17,15,17,28
0.719270654618933,0.772750223711593,1075,216,42,56,19,13,23,43
0.743768087345435,0.784850589772963,1073,218,24,53,10,13,14,40
0.727068464181866,0.748727185506551,1082,209,30,47,11,8,19,39
0.718334849863512,0.765475124371621,1077,214,35,62,15,13,20,49
0.743147189618721,0.789304500575602,1038,253,44,58,22,15,22,43
0.664222105814563,0.693422813596776,1076,215,46,63,15,18,31,45
0.726580982711556,0.757751640701282,1085,206,35,47,14,13,21,34
0.725988356143506,0.770568558747767,1062,229,53,68,23,18,30,50
0.772606831430361,0.819855594525551,1067,224,33,73,18,22,15,51
0.741578757106707,0.781459436857085,1062,229,49,60,26,24,23,36
0.668839024390244,0.727900400349576,1082,209,41,59,15,12,26,47
0.791044565094446,0.835997915624928,1081,210,28,59,12,20,16,39
0.762430055955236,0.789492477160899,1089,202,40,48,19,13,21,35
0.708552106523291,0.750036196145724,1063,228,38,64,21,17,17,47
0.735350318471338,0.785912796001635,1059,232,35,56,17,16,18,40
0.722111200644641,0.756703399494891,1073,218,50,51,20,11,30,40
0.792233787029624,0.83728177907956,1067,224,42,72,27,25,15,47
0.690298288795124,0.732014990075019,1059,232,27,66,12,17,15,49
0.733912195121951,0.764503353413878,1058,233,41,67,16,21,25,46
0.777323896333011,0.815189936697919,1053,238,38,54,22,16,16,38
0.708954089388872,0.768261563949333,1092,199,26,47,11,8,15,39
0.803469022017409,0.846761972769164,1061,230,31,51,19,13,12,38
0.66908538197198,0.707620630787395,1068,223,30,60,10,13,20,47
0.761188996483114,0.81352472642617,1075,216,33,57,17,21,16,36
0.756317017474186,0.798125248546677,1060,231,32,59,16,16,16,43
0.800797884786373,0.823039573382695,1082,209,34,54,16,13,18,41
0.760815628462687,0.80981049218435,1072,219,33,61,16,17,17,44
0.7604017975152,0.819115397144514,1047,244,30,61,16,18,14,43
0.712738853503185,0.746759421527462,1059,232,35,49,14,15,21,34
0.647328444211629,0.691872358267382,1078,213,46,69,16,15,30,54
0.631083236346394,0.699645449240793,1100,191,37,66,8,10,29,56
0.779861200913832,0.819935303279245,1064,227,37,51,18,18,19,33
0.719314548361311,0.763753915527399,1040,251,40,59,23,19,17,40
0.673820879703233,0.74245168001856,1049,242,33,52,12,13,21,39
0.739293288636519,0.780684972357144,1061,230,47,55,25,19,22,36
0.770848133777802,0.820642375135042,1070,221,29,50,15,18,14,32
0.776804743428603,0.822850547542503,1065,226,29,48,16,18,13,30
0.713717015468608,0.757905456825233,1095,196,35,56,14,12,21,44
0.700887170154686,0.758356343287763,1059,232,35,47,15,11,20,36
0.758048780487805,0.800131959981756,1069,222,41,65,19,22,22,43
0.683513189448441,0.746840137016096,1074,217,40,63,19,20,21,43
0.825210270030987,0.860129760660428,1092,199,36,55,20,16,16,39
0.698920845979669,0.732714194604353,1078,213,33,53,12,11,21,42
0.681387608806964,0.715266263295699,1045,246,31,52,13,10,18,42
0.742723103561233,0.79558195313829,1069,222,34,67,17,13,17,54
0.794726004960457,0.835709544129982,1074,217,34,59,20,14,14,45
0.803944218087117,0.845400308693501,1062,229,38,62,25,18,13,44
0.727104185623294,0.780425197777874,1064,227,35,40,17,13,18,27
0.724477927570711,0.743048751346926,1067,224,30,48,11,12,19,36
0.755595523581135,0.790672158355422,1070,221,40,65,18,25,22,40
0.740043988955964,0.771216249669194,1054,237,34,48,17,11,17,37
0.648360975609756,0.701419090941685,1088,203,41,71,13,13,28,58
0.826337756069111,0.858188271319935,1056,235,44,56,31,24,13,32
0.736218353689925,0.778563915506153,1057,234,34,55,16,13,18,42
0.664202211690363,0.754860207739778,1078,213,25,61,8,11,17,50
0.685514142215173,0.721201634095418,1068,223,30,49,12,13,18,36
0.738113711797922,0.78816249772906,1073,218,37,58,18,17,19,41
0.731453941980258,0.765197395024803,1068,223,37,52,17,13,20,39
0.781624136279674,0.818177895465452,1050,241,47,67,24,25,23,42
0.762583001328021,0.811918939946672,1062,229,36,54,19,17,17,37
0.781162095639944,0.806055153285133,1070,221,27,50,13,13,14,37
0.706705284441773,0.742172997281242,1070,221,29,56,8,11,21,45
0.757060646303674,0.805283229647752,1068,223,36,59,15,17,21,42
0.713720810519912,0.756913146838886,1066,225,34,50,14,12,20,38
0.766279819471309,0.824922292864324,1079,212,22,47,11,11,11,36
0.770755204965731,0.8101117364045,1055,236,37,55,17,16,20,39
0.749055959963603,0.818513382765283,1059,232,35,62,19,19,16,43
0.725149073327962,0.751498966255557,1058,233,50,77,22,32,28,45
0.756187443130118,0.810521903260739,1047,244,35,63,20,20,15,43
0.681601903251388,0.728825795303023,1088,203,30,52,12,11,18,41
0.764332514332514,0.801587705089169,1054,237,37,79,18,21,19,58
0.778059740946339,0.836205556223447,1065,226,30,44,17,15,13,29
0.686117073170732,0.7336728909381,1018,273,41,55,18,13,23,42
0.765302383723436,0.814638749148677,1095,196,37,57,21,18,16,39
0.788705641492266,0.848814540343775,1076,215,35,62,19,15,16,47
0.702252047315742,0.750646287447691,1055,236,35,56,16,13,19,43
0.749656927844179,0.777934588618134,1064,227,36,58,20,24,16,34
0.739947378872121,0.786869581241509,1065,226,32,54,18,14,14,40
0.751303914674168,0.780545594428783,1084,207,27,42,12,12,15,30
0.761839379486438,0.811362110091943,1071,220,33,59,15,13,18,46
0.728103772221419,0.763175910951156,1076,215,33,47,15,12,18,35
0.749019354282512,0.777153012191403,1088,203,37,60,11,13,26,47
0.704196362742689,0.739993161459508,1068,223,39,49,15,14,24,35
0.667618415227977,0.706350983767465,1070,221,36,57,11,10,25,47
0.813173933427098,0.848204903892472,1085,206,27,45,15,13,12,32
0.765252445149352,0.803607475903996,1082,209,30,53,15,11,15,42
0.720580628475365,0.75132601182947,1056,235,37,48,14,13,23,35
0.738871224165342,0.780775481528164,1064,227,33,53,18,21,15,32
0.696465142950766,0.738022767056875,1054,237,39,55,17,20,22,35
0.766136718898929,0.824886846360863,1071,220,42,50,26,18,16,32
0.724745853397539,0.766171702045034,1079,212,45,66,20,20,25,46
0.744311039484287,0.787770241879026,1054,237,50,51,24,15,26,36
0.724312783560181,0.781088397610499,1077,214,42,54,22,16,20,38
0.753076582558655,0.794822983465862,1051,240,36,49,19,18,17,31
0.648509523140999,0.685253223378002,1080,211,34,62,9,14,25,48
0.779712867948162,0.806861727578994,1073,218,33,63,14,11,19,52
0.776961989022692,0.809981109395152,1073,218,39,65,20,15,19,50
0.691140338199162,0.737249449375417,1083,208,33,47,14,6,19,41
0.751520894754083,0.803381142597506,1056,235,34,77,18,19,16,58
0.670117555500942,0.714641382216427,1081,210,39,56,15,17,24,39
0.725279106858054,0.778560837411733,1035,256,37,60,20,14,17,46
0.715499087463148,0.760896427407092,1073,218,34,51,17,18,17,33
0.780743858052775,0.832829556026603,1089,202,35,48,24,18,11,30
0.772499453233214,0.812543396145506,1071,220,44,56,25,16,19,40
0.797235023041475,0.845585568138947,1074,217,31,46,21,13,10,33
0.807822594726733,0.837380876693291,1047,244,46,46,27,17,19,29
0.820095313741064,0.853247029727245,1065,226,32,58,16,17,16,41
0.735122137821739,0.782836687214481,1067,224,29,53,14,9,15,44
0.765162150779166,0.809408211062027,1078,213,34,52,17,10,17,42
0.757030015797788,0.807268952771607,1078,213,25,53,11,9,14,44
0.817834394904458,0.864069086901623,1066,225,35,50,26,15,9,35
0.731654771345493,0.777908865658761,1046,245,30,50,14,15,16,35
0.725869304556355,0.768194856449146,1074,217,40,47,18,13,22,34
0.769401108114019,0.808205024353948,1074,217,44,65,24,25,20,40
0.746233148295004,0.77587811739511,1076,215,30,67,14,16,16,51
0.783385059700849,0.844681122478073,1052,239,37,62,20,16,17,46
0.679043902439024,0.730632704851401,1063,228,41,56,14,18,27,38
0.705105823526876,0.742146240068027,1075,216,37,58,13,13,24,45
0.694697926903458,0.755234657191164,1071,220,34,56,15,16,19,40
0.766832700822265,0.814051604023726,1047,244,51,63,26,19,25,44
0.80722056537993,0.839133025340955,1069,222,38,56,18,12,20,44
0.816467463479416,0.84855003904027,1068,223,36,60,22,18,14,42
0.769035107334526,0.823233185065027,1068,223,43,69,22,25,21,44
0.767166113843456,0.810886960955239,1055,236,42,49,24,15,18,34
0.809291497028406,0.842564709902439,1078,213,34,54,21,20,13,34
0.783141321044547,0.824675050238351,1038,253,31,59,19,19,12,40
0.795522239872915,0.851326975381615,1091,200,32,57,19,18,13,39
0.739180568127937,0.800809845885346,1076,215,37,63,20,17,17,46
0.794339931676728,0.833855860032761,1076,215,34,62,19,17,15,45
0.764773723740897,0.795644909649678,1045,246,42,77,22,20,20,57
0.811219512195122,0.855987623250057,1080,211,41,60,22,12,19,48
0.675446837211543,0.736902058964284,1062,229,33,45,15,12,18,33
0.765585319898419,0.825699834975035,1070,221,39,58,22,17,17,41
0.717504904583556,0.757543309730445,1054,237,45,65,20,21,25,44
0.730915267785771,0.771001326598985,1066,225,40,48,17,11,23,37
0.763465548054011,0.82142526722177,1081,210,32,48,15,10,17,38
0.725983954299156,0.740832609925104,1055,236,38,61,12,19,26,42
0.718950348635874,0.765731051696629,1066,225,34,42,14,11,20,31
0.739648780487805,0.781302699386739,1077,214,41,58,22,17,19,41
0.72327722826384,0.793362376983864,1055,236,29,51,15,15,14,36
0.722907188353048,0.784956207741836,1081,210,35,57,15,13,20,44
0.758886020651311,0.781821405937884,1084,207,32,57,13,13,19,44
0.743218512690703,0.793845998981953,1044,247,47,63,28,21,19,42
0.684042508505902,0.726725895599834,1076,215,38,59,15,18,23,41
0.762327571154182,0.825780866184377,1062,229,46,57,28,21,18,36
0.733135807990459,0.783613712371592,1059,232,43,64,21,17,22,47
0.711921755220724,0.759468477687753,1047,244,30,61,12,12,18,49
0.78343450402274,0.820110539703402,1057,234,33,59,15,16,18,43
0.750121124031008,0.794277474958083,1064,227,43,53,21,16,22,37
0.684590536057273,0.746694499534821,1067,224,46,63,21,18,25,45
0.751262511373976,0.795066545195399,1073,218,35,53,18,13,17,40
0.676504169976172,0.734076592219981,1082,209,32,69,13,14,19,55
0.694566960705694,0.731980113228982,1075,216,44,56,14,15,30,41
0.740825586542718,0.768511437961833,1048,243,36,67,17,16,19,51
0.660433108391475,0.741317660765185,1065,226,42,68,17,20,25,48
0.733406969817315,0.784027779957737,1052,239,32,64,18,22,14,42
0.780696364567332,0.827535030664256,1050,241,31,57,20,14,11,43
0.787654967696875,0.827951840164902,1052,239,46,66,28,24,18,42
0.693235025843721,0.744220235965541,1036,255,26,49,11,11,15,38
0.734665287296866,0.776901654427071,1094,197,37,55,16,14,21,41
0.756368809000388,0.808818480205659,1074,217,37,58,16,15,21,43
0.705806284753653,0.746153958263303,1064,227,37,45,13,14,24,31
0.806094863602851,0.850829450920934,1088,203,39,66,22,21,17,45
0.727143411353938,0.786048914521816,1071,220,37,54,15,13,22,41
0.693482926829268,0.732405047497137,1071,220,41,64,19,17,22,47
0.688396688120139,0.731004567639227,1048,243,48,55,20,15,28,40
0.705335731414868,0.749325882047786,1034,257,40,64,19,18,21,46
0.752936585365854,0.777774521363935,1074,217,41,45,15,12,26,33
0.777245221128832,0.803090419152244,1072,219,28,67,14,22,14,45
0.711464968152866,0.759241426582569,1068,223,35,66,17,15,18,51
0.743237867939539,0.766466430978881,1037,254,34,48,16,16,18,32
0.773721023181455,0.809973918956603,1073,218,40,54,19,13,21,41
0.731300313059034,0.799950594928306,1085,206,43,53,20,14,23,39
0.670605339677505,0.705511888045248,1055,236,30,52,8,13,22,39
0.775284166005816,0.79950292250487,1085,206,30,64,15,16,15,48
0.752551770487672,0.785789648098479,1051,240,38,58,21,18,17,40
0.748613853068425,0.811521789483573,1063,228,38,55,19,16,19,39
0.808499335989376,0.850700449505277,1088,203,36,65,22,19,14,46
0.668029796290666,0.68566609609582,1096,195,26,59,6,5,20,54
0.760652699435939,0.811662870536161,1087,204,50,56,26,13,24,43
0.741012424002115,0.789016957172985,1058,233,30,60,13,17,17,43
0.738835091776268,0.787059817787381,1071,220,33,55,16,15,17,40
0.751973292295473,0.787141865938673,1070,221,32,48,18,14,14,34
0.697260049604567,0.775187214280663,1070,221,34,51,14,17,20,34
0.707485142028172,0.744043710379514,1079,212,34,52,10,7,24,45
0.719279921356599,0.7629183663085,1067,224,39,55,19,10,20,45
0.772383681952266,0.823625308823616,1048,243,48,76,27,23,21,53
0.736131762552899,0.77185519365257,1077,214,42,56,15,15,27,41
0.726939555592893,0.759983643392827,1082,209,38,50,8,7,30,43
0.721712938711367,0.752186056234282,1058,233,46,67,21,17,25,50
0.785318495064258,0.812528664158545,1071,220,52,77,24,18,28,59
0.74086669699727,0.796797265959731,1059,232,35,64,15,19,20,45
0.757252215954875,0.815355594330126,1039,252,50,66,27,19,23,47
0.741785431512272,0.766396552495904,1077,214,28,59,12,13,16,46
0.708881839809675,0.765012863441697,1077,214,30,50,14,8,16,42
0.719524380495604,0.761527927175857,1077,214,40,76,20,20,20,56
0.766147082334133,0.791022895695253,1065,226,40,61,19,14,21,47
0.723526693829546,0.791474216845996,1067,224,38,58,18,15,20,43
0.788966356795042,0.847656425141627,1066,225,36,71,21,22,15,49
0.695887764102995,0.731536222350815,1060,231,38,58,13,18,25,40
0.787916884931029,0.845418341983368,1068,223,46,67,26,23,20,44
0.755868016497938,0.79895354113168,1061,230,21,52,11,12,10,40
0.768232484076433,0.818520187562756,1074,217,35,53,19,16,16,37
0.742007759986885,0.779604334568207,1081,210,29,51,12,10,17,41
0.722388632872504,0.784989236131276,1070,221,31,52,16,13,15,39
0.787378913379194,0.835767637775511,1034,257,34,60,18,15,16,45
0.731170731707317,0.782510057504912,1066,225,41,57,20,16,21,41
0.795393736698084,0.827769858553948,1064,227,26,52,14,13,12,39
0.738938701359587,0.75324806327795,1092,199,27,47,9,5,18,42
0.744791447893477,0.810831864092925,1048,243,38,69,22,19,16,50
0.743892682926829,0.776814001074347,1044,247,41,60,19,15,22,45
0.706005459508644,0.782383199090955,1082,209,35,53,18,15,17,38
0.751980982567354,0.79865203201144,1079,212,29,62,14,21,15,41
0.653408441038545,0.700737474465133,1069,222,42,61,15,18,27,43
0.743237283152014,0.807198495367531,1083,208,38,55,19,16,19,39
0.737067788898999,0.77390808584336,1068,223,35,44,16,13,19,31
0.75433521353747,0.788317915730074,1062,229,50,63,23,15,27,48
0.702994831255701,0.762014606636526,1063,228,26,44,10,12,16,32
0.786863656485171,0.823526606162064,1071,220,36,62,21,15,15,47
0.746611894360604,0.772628105304468,1076,215,32,52,17,15,15,37
0.770373701039169,0.802224165762327,1070,221,40,52,18,13,22,39
0.750789368505196,0.788785090270584,1051,240,40,62,18,17,22,45
0.755212510024058,0.800993135845893,1053,238,44,64,22,18,22,46
0.740139454782207,0.774964473796122,1090,201,38,46,17,14,21,32
0.677987104949314,0.729137300520303,1078,213,43,60,18,16,25,44
0.759447674418605,0.78858967259043,1081,210,43,48,17,12,26,36
0.784463362724232,0.816750473775164,1066,225,26,52,13,11,13,41
0.752826247235193,0.79791866279948,1071,220,39,60,18,12,21,48
0.73406026962728,0.78810323446974,1069,222,30,56,14,14,16,42
0.699663778611147,0.7561582770522,1081,210,37,56,16,15,21,41
0.765829383886256,0.795019226106301,1089,202,25,58,11,12,14,46
0.688117261646673,0.740334878725435,1071,220,33,44,15,12,18,32
0.716133910194481,0.753888004157307,1038,253,38,55,18,15,20,40
0.791469517743403,0.844283182488142,1062,229,35,55,19,16,16,39
0.750307665260197,0.787125070996743,1063,228,27,58,13,14,14,44
0.692389793486894,0.749823502236068,1104,187,32,65,11,8,21,57
0.735775882834706,0.787487217003629,1058,233,33,55,14,12,19,43
0.727536150864639,0.764745514356246,1056,235,43,59,18,14,25,45
0.70778912884176,0.740952548436004,1050,241,37,71,16,17,21,54
0.692838774597495,0.729051309226877,1078,213,43,59,16,15,27,44
0.703617106314948,0.741109485485794,1078,213,40,55,16,11,24,44
0.732673875645122,0.789099715827213,1081,210,39,52,18,13,21,39
0.719432585385226,0.75862971864483,1075,216,32,60,12,15,20,45
0.793385490753912,0.846709534428608,1059,232,37,49,24,13,13,36
0.740272808586762,0.792678059221035,1064,227,43,70,22,21,21,49
0.786442978145912,0.824908322122508,1075,216,34,61,19,14,15,47
0.76545289731135,0.796694018177199,1059,232,47,58,21,14,26,44
0.733036173896766,0.796811497828128,1053,238,34,51,20,20,14,31
0.726768585131894,0.770517513770291,1053,238,40,55,20,12,20,43
0.745473157415833,0.788831655107181,1056,235,35,59,17,20,18,39
0.724374863308303,0.784263117312879,1072,219,44,52,21,18,23,34
0.767921146953405,0.834313567495849,1060,231,31,63,17,11,14,52
0.738466787989081,0.795745338379119,1067,224,35,65,19,23,16,42
0.680266151046406,0.711798391665552,1090,201,35,56,12,10,23,46
0.754223407740184,0.788606498689694,1071,220,34,40,16,11,18,29
0.678260869565217,0.718191454725582,1043,248,26,49,9,10,17,39
0.774152560171378,0.798275568656877,1073,218,38,63,20,20,18,43
0.657903973045065,0.696609331637793,1079,212,34,55,10,15,24,40
0.810377222141928,0.830025545040152,1078,213,33,46,19,11,14,35
0.775830854778223,0.829269123016374,1069,222,37,55,17,16,20,39
0.727536735504369,0.773440715769964,1058,233,32,53,17,11,15,42
0.730995203836931,0.807091624685916,1088,203,40,57,24,18,16,39
0.695970034205328,0.744424100534579,1046,245,33,52,14,9,19,43
0.768459847407216,0.823222135664228,1097,194,37,59,18,15,19,44
0.805805138284431,0.831455652553971,1080,211,34,51,19,18,15,33
0.715332557437821,0.758660857183679,1086,205,37,46,16,11,21,35
0.733275141169878,0.78168215254866,1059,232,37,58,18,18,19,40
0.63385137149672,0.668678236995561,1070,221,43,65,14,18,29,47
0.731571053618298,0.785284005832388,1081,210,21,45,7,9,14,36
0.722831292330848,0.76507678392308,1054,237,47,61,24,16,23,45
0.679421520740687,0.738798793462373,1065,226,44,45,18,17,26,28
0.768499783205665,0.823441671268662,1064,227,33,51,18,15,15,36
0.754808367260985,0.803282408268839,1062,229,34,71,18,21,16,50
0.770372159448901,0.810305210746783,1060,231,38,58,22,18,16,40
0.710452684258417,0.761455672886456,1061,230,35,53,11,13,24,40
0.775479534400787,0.810116362993636,1083,208,29,54,12,10,17,44
0.733756278086175,0.767553407491079,1091,200,30,59,12,13,18,46
0.695243804956035,0.747923437041754,1072,219,40,64,16,19,24,45
0.732168458781362,0.765573633388303,1074,217,31,49,12,10,19,39
0.768473007290899,0.819022792100784,1057,234,39,67,21,18,18,49
0.659856818578662,0.712022296025364,1054,237,46,56,15,9,31,47
0.700712951313432,0.751317554905496,1089,202,42,59,15,12,27,47
0.736531651173085,0.786377485808947,1061,230,36,57,17,13,19,44
0.801230656493814,0.834391983377522,1066,225,37,53,21,23,16,30
0.725217224984972,0.760083485788815,1075,216,29,57,15,13,14,44
0.73437432647959,0.794588109505287,1070,221,37,55,16,15,21,40
0.74591043175114,0.782912429699521,1069,222,48,57,23,17,25,40
0.724894291754757,0.797192009271118,1067,224,44,77,24,22,20,55
0.702153314633646,0.745656701311489,1072,219,47,64,18,13,29,51
0.761907840855209,0.806243514560209,1049,242,37,50,18,15,19,35
0.788113072944534,0.851757866498539,1071,220,45,60,31,27,14,33
0.76705069124424,0.834136137124214,1067,224,31,61,18,21,13,40
0.749508634002527,0.75643940938782,1065,226,34,53,16,16,18,37
0.747882397945243,0.816481729452176,1065,226,29,50,17,17,12,33
0.725122955507263,0.780040004756514,1055,236,42,57,20,13,22,44
0.696389516658161,0.744316911987107,1042,249,44,54,19,19,25,35
0.702380952380952,0.75100477709489,1075,216,45,52,22,13,23,39
0.817613185067514,0.857827224612094,1057,234,32,54,22,26,10,28
0.772125066242713,0.835027024518346,1055,236,33,63,19,17,14,46
0.734188840349484,0.786847607090813,1049,242,32,59,15,16,17,43
0.652054977315185,0.72047774221331,1072,219,42,65,15,17,27,48
0.760460618846695,0.822504285559805,1068,223,27,53,13,11,14,42
0.721668880035414,0.767275153184617,1067,224,36,68,14,14,22,54
0.780249148670201,0.806628622322642,1081,210,37,62,18,16,19,46
0.731860083700939,0.791861286644128,1061,230,28,46,15,16,13,30
0.691951592913902,0.731838365913391,1065,226,44,65,15,11,29,54
0.728060781026883,0.776989043205507,1068,223,52,65,26,21,26,44
0.714004096262161,0.749196851964097,1060,231,31,52,11,14,20,38
0.738207249968497,0.784183514161907,1056,235,38,47,18,16,20,31
0.683941459502807,0.73301800286203,1073,218,44,67,19,16,25,51
0.805440348182284,0.836195312037145,1049,242,31,55,17,19,14,36
0.720068403375112,0.779328817761019,1063,228,39,60,19,18,20,42
0.808764396346307,0.833993917689267,1049,242,32,61,20,15,12,46
0.705527800161161,0.751088595316242,1067,224,50,68,22,20,28,48
0.71066732182133,0.759247630544178,1063,228,34,59,16,21,18,38
0.778966029966831,0.8174575766623,1060,231,42,58,18,16,24,42
0.724451493523658,0.797028073713044,1066,225,30,55,17,12,13,43
0.723101265822785,0.792669320908714,1080,211,27,53,14,12,13,41
0.682703836930456,0.726689299677808,1070,221,40,56,16,16,24,40
0.756668538537133,0.790896651527173,1057,234,34,56,16,18,18,38
0.766243721913825,0.808542046021893,1085,206,30,55,15,14,15,41
0.695914416203336,0.750551374090738,1076,215,32,52,11,15,21,37
0.728154050464807,0.762238835232808,1064,227,36,53,18,13,18,40
0.774727024567789,0.823099575965418,1078,213,35,56,19,15,16,41
0.679946043165468,0.727259385424547,1067,224,40,58,16,14,24,44
0.76703821656051,0.821411152556367,1069,222,35,49,17,12,18,37
0.81051429706116,0.843516585589316,1065,226,32,64,20,18,12,46
0.799460431654676,0.831006240448185,1062,229,40,51,24,15,16,36
0.73926312460468,0.779979435981803,1092,199,51,82,27,30,24,52
0.737711213517665,0.800789309903286,1048,243,31,53,17,16,14,37
0.764633617574794,0.794386002569492,1066,225,33,56,16,13,17,43
0.736007768262436,0.791572360203066,1085,206,34,66,18,16,16,50
0.739582141904,0.7977408902404,1071,220,42,60,17,14,25,46
0.780499789414573,0.818692306884068,1069,222,34,55,15,11,19,44
0.789219300401409,0.825394194444622,1055,236,39,66,24,20,15,46
0.736978801066966,0.78081111508571,1076,215,34,63,17,18,17,45
0.719068449986592,0.799672048862554,1078,213,48,53,25,14,23,39
0.788818398096749,0.818125045907276,1075,216,30,47,18,11,12,36
0.756358032673822,0.795784309931903,1048,243,37,60,18,23,19,37
0.785577771243752,0.810616043746021,1058,233,38,44,23,17,15,27
0.780418486894361,0.823911684456729,1067,224,32,54,16,13,16,41
0.780966859227729,0.821281256330784,1039,252,26,48,12,12,14,36
0.785568903891978,0.823756498901939,1089,202,32,64,18,13,14,51
0.745726829268293,0.79162439201595,1068,223,41,62,21,16,20,46
0.722778999094789,0.770250674689245,1096,195,37,56,16,16,21,40
0.787751501659176,0.849604695421949,1046,245,38,54,23,13,15,41
0.767782769432355,0.812946832222881,1073,218,34,48,16,17,18,31
0.746196957566053,0.783574714262248,1064,227,42,51,22,13,20,38
0.71992720655141,0.764775843060981,1058,233,35,57,18,19,17,38
0.771351022509242,0.796785910181706,1064,227,34,65,17,16,17,49
0.780689928628073,0.793854562612346,1077,214,30,53,15,19,15,34
0.722026409849087,0.764196200767572,1068,223,32,66,14,14,18,52
0.77926267281106,0.834560506636448,1080,211,31,57,18,19,13,38
0.777888977848946,0.803210807540956,1054,237,42,57,20,19,22,38
0.73746003197442,0.773509457876675,1049,242,40,72,20,23,20,49
0.737112608606417,0.796349714639594,1068,223,47,66,21,20,26,46
0.679276754737123,0.737272092893672,1066,225,42,58,17,20,25,38
0.792557548947325,0.824617916484317,1038,253,39,52,24,19,15,33
0.732357620852637,0.761011751948428,1065,226,34,61,14,15,20,46
0.783300132802125,0.814837873028536,1066,225,36,73,19,18,17,55
0.777447303763093,0.81887428717938,1079,212,37,56,19,14,18,42
0.804397121167307,0.839794862873995,1055,236,49,59,28,19,21,40
0.721840048668632,0.764214209414041,1081,210,34,63,17,17,17,46
0.754716227018385,0.802162337625593,1063,228,40,60,20,19,20,41
0.784467928237896,0.830885281026538,1085,206,39,55,24,18,15,37
0.775752084988086,0.803868301801488,1060,231,32,62,16,17,16,45
0.74205069124424,0.793230604893235,1091,200,31,50,14,15,17,35
0.806205257117875,0.858168223981746,1069,222,29,61,19,18,10,43
0.789755614015022,0.827518644183691,1058,233,42,57,23,16,19,41
0.769517743403094,0.794486730743631,1060,231,35,68,18,21,17,47
0.68747233289066,0.740934019498226,1069,222,36,66,14,14,22,52
0.77709510936348,0.798216369575206,1053,238,39,54,23,14,16,40
0.726765380519374,0.759474167037345,1042,249,39,52,22,13,17,39
0.751696382610323,0.80377905137992,1091,200,34,57,15,14,19,43
0.741412535530183,0.779957942422899,1078,213,33,51,18,18,15,33
0.796813962280002,0.836519485894882,1064,227,38,55,21,17,17,38
0.764978017585931,0.791195170502419,1081,210,40,65,21,23,19,42
0.732138398430533,0.787338995667342,1062,229,45,61,23,20,22,41
0.692339932227573,0.739610222766239,1069,222,45,62,17,21,28,41
0.756727464974888,0.800493617885147,1056,235,30,52,16,12,14,40
0.706532040533644,0.760411738378651,1062,229,44,70,19,21,25,49
0.713781660856051,0.768652874761881,1046,245,38,48,19,18,19,30
0.775627240143369,0.819992706271676,1054,237,31,56,16,15,15,41
0.789214908802538,0.843518730185528,1053,238,30,64,16,12,14,52
0.754169976171565,0.794571242327717,1045,246,32,48,17,16,15,32
0.732486311947213,0.775536245179162,1063,228,34,63,17,15,17,48
0.765115382762442,0.800480534837511,1074,217,33,56,19,17,14,39
0.70147189021691,0.742565846384377,1068,223,36,57,13,15,23,42
0.733175636929631,0.777598173727384,1074,217,39,69,16,20,23,49
0.706840425085059,0.743847064626766,1054,237,38,54,15,15,23,39
0.752759329538267,0.807529921626008,1048,243,51,65,29,19,22,46
0.711146988628387,0.754801224821953,1072,219,34,64,17,17,17,47
0.762842675048018,0.798176008783971,1046,245,46,66,23,10,23,56
0.750040960104858,0.798385457492109,1098,193,39,52,19,17,20,35
0.717882744495648,0.74991194259,1075,216,31,46,13,14,18,32
0.72985054710435,0.775574142707008,1060,231,42,64,24,21,18,43
0.836681601387484,0.861535826452061,1061,230,33,63,18,25,15,38
0.704414485857785,0.726067211888568,1078,213,30,57,11,12,19,45
0.730880345768881,0.770907571722917,1076,215,35,53,16,14,19,39
0.706633488981732,0.767919758698204,1069,222,39,70,16,15,23,55
0.739068745003997,0.771662062969206,1061,230,40,67,18,16,22,51
0.761595327384801,0.795898123452223,1090,201,37,56,20,19,17,37
0.748802873104549,0.790627799838005,1057,234,38,63,19,16,19,47
0.71668928854202,0.743098661531354,1083,208,28,61,8,13,20,48
0.722609710087371,0.78508975032377,1086,205,32,64,16,16,16,48
0.803332040174146,0.834463998867781,1062,229,37,67,19,15,18,52
0.767876362955683,0.824426974086,1065,226,34,58,18,18,16,40
0.709889423934368,0.764488448229628,1076,215,45,70,18,19,27,51
0.711021383075523,0.753478900874758,1071,220,35,56,15,14,20,42
0.776422259729944,0.808490721593175,1057,234,32,58,16,15,16,43
0.757746790615317,0.78333975715933,1077,214,36,54,18,14,18,40
0.774565853658537,0.790464340511783,1047,244,41,60,20,15,21,45
0.781784434203789,0.829115720948796,1067,224,31,59,22,19,9,40
0.715614744491327,0.754814764783505,1061,230,27,55,12,16,15,39
0.704683316028198,0.760687310002743,1086,205,29,53,13,9,16,44
0.763876251137398,0.807916366880755,1085,206,35,64,17,15,18,49
0.698519693365054,0.747224114529089,1067,224,30,58,13,12,17,46
0.73352534562212,0.778885524219473,1058,233,31,54,12,11,19,43
0.67751181618232,0.726009341711796,1072,219,34,56,14,16,20,40
0.754270082732853,0.815659394014902,1049,242,42,59,23,21,19,38
0.667935651478817,0.727413249482775,1058,233,40,62,14,15,26,47
0.750150868571921,0.808601967868893,1042,249,37,55,20,24,17,31
0.752468641579931,0.8124961471041,1052,239,42,44,24,18,18,26
0.727457757296467,0.791620964041684,1086,205,31,56,14,13,17,43
0.761765853658536,0.825145596444514,1074,217,41,55,24,19,17,36
0.764870487576184,0.81292263542036,1080,211,27,47,13,13,14,34
0.761409915891987,0.783800483314147,1054,237,36,61,17,16,19,45
0.734229747675963,0.769426798936725,1088,203,36,61,16,13,20,48
0.807407508607028,0.827517541999301,1075,216,29,62,16,19,13,43
0.723689436060365,0.77619066760835,1073,218,32,56,17,14,15,42
0.748980815347722,0.780868733187277,1072,219,40,62,20,21,20,41
0.726756023074313,0.771258650950596,1084,207,28,49,13,14,15,35
0.734428377556273,0.788307089457377,1038,253,34,53,18,18,16,35
0.668437251787133,0.692228368241248,1038,253,32,52,10,8,22,44
0.731987331749802,0.790673555585005,1067,224,28,58,14,17,14,41
0.769165150136488,0.80854621768522,1065,226,35,60,16,18,19,42
0.719578444154715,0.770890005299838,1055,236,52,65,24,20,28,45
0.663604664791374,0.733595774910421,1082,209,27,57,9,12,18,45
0.744098038144161,0.789155564202485,1079,212,29,58,10,16,19,42
0.72636968766001,0.774745103465675,1056,235,31,48,18,16,13,32
0.747484872785595,0.790243507533207,1050,241,44,56,25,18,19,38
0.761492682926829,0.799431037189675,1034,257,41,73,20,17,21,56
0.739413164155432,0.802541586421295,1066,225,30,52,17,15,13,37
0.65727224550754,0.695551752601678,1083,208,33,50,11,12,22,38
0.739239972200159,0.782541716437986,1066,225,32,58,14,15,18,43
0.769977887071562,0.815512691612674,1063,228,42,49,21,14,21,35
0.743815366049879,0.795552976808556,1064,227,48,61,27,24,21,37
0.807953986556642,0.851439049614244,1086,205,29,50,18,16,11,34
0.736329912800501,0.801731389535578,1054,237,33,55,18,21,15,34
0.786411747167561,0.831383682276324,1063,228,43,51,28,18,15,33
0.768229439497119,0.802157095253113,1061,230,46,61,24,22,22,39
0.738104678826328,0.779433726200397,1056,235,30,40,14,8,16,32
0.699269588313413,0.754899841524953,1080,211,36,66,15,17,21,49
0.751881720430107,0.808955217575564,1089,202,31,51,16,10,15,41
0.779054971157109,0.836244973569419,1072,219,28,48,16,13,12,35
0.710746839164951,0.754555675498453,1071,220,38,56,15,14,23,42
0.747645799892991,0.805284464060806,1074,217,45,61,21,12,24,49
0.771087832393231,0.806852272091224,1061,230,50,67,28,21,22,46
0.741105550500455,0.797969770231471,1069,222,35,49,19,18,16,31
0.78365559599636,0.822844198907608,1059,232,35,53,18,14,17,39
0.738965853658537,0.782008677263822,1059,232,41,63,17,14,24,49
0.709468170829976,0.751648856951685,1062,229,50,63,19,18,31,45
0.682733017377567,0.722334312378757,1055,236,25,52,9,10,16,42
0.786629303442754,0.835166520744413,1087,204,42,59,22,19,20,40
0.803881632829001,0.844642838648797,1048,243,37,54,23,21,14,33
0.787517463988052,0.821709527972033,1054,237,33,59,20,20,13,39
0.721611986317869,0.793196272571371,1035,256,33,55,19,20,14,35
0.791272747144653,0.854053553249495,1078,213,29,38,20,14,9,24
0.797536832412523,0.812456666086852,1076,215,24,41,14,11,10,30
0.802357237715803,0.841599947951708,1048,243,36,57,21,20,15,37
0.702998279675596,0.747871317785941,1053,238,39,57,17,14,22,43
0.769025516282764,0.823283216158418,1042,249,32,56,16,17,16,39
0.705864746528015,0.75335819412801,1040,251,47,64,22,24,25,40
0.755419858361035,0.801330964170368,1075,216,33,61,16,16,17,45
0.734438984438984,0.769695243709666,1081,210,37,59,18,14,19,45
0.711135380350317,0.741861613576329,1048,243,38,54,18,16,20,38
0.767991726058819,0.807490209594014,1057,234,39,61,17,17,22,44
0.650650308760041,0.693998458562649,1075,216,29,38,11,10,18,28
0.721662669864109,0.753761818404944,1044,247,40,63,20,14,20,49
0.692944832056121,0.716068707625715,1072,219,42,49,16,9,26,40
0.645893285371703,0.692044174625154,1059,232,40,58,14,13,26,45
0.729648842777334,0.76517133402429,1060,231,38,61,14,23,24,38
0.73576139088729,0.776837958994133,1069,222,40,65,18,17,22,48
0.69527147468324,0.745213502852244,1061,230,33,47,18,12,15,35
0.709082463522597,0.773150385216321,1069,222,29,53,11,14,18,39
0.828564913347522,0.869695634714754,1062,229,26,62,17,16,9,46
0.794135253471985,0.831365300063182,1071,220,47,59,26,19,21,40
0.756804933275522,0.791747965076191,1085,206,33,65,16,16,17,49
0.731171504179443,0.780221681490333,1077,214,38,67,19,19,19,48
0.737154618733566,0.763789668245877,1044,247,37,60,17,17,20,43
0.737287672231538,0.801202643953368,1054,237,44,53,25,18,19,35
0.814696768481629,0.852592605531034,1047,244,36,56,20,12,16,44
0.69788602312376,0.748336178165747,1067,224,47,55,20,18,27,37
0.678542178542178,0.71821116623403,1097,194,33,49,10,8,23,41
0.689911203069098,0.706335833764499,1072,219,37,60,11,14,26,46
0.669197506033789,0.712698249698478,1072,219,48,60,18,14,30,46
0.700684311729442,0.744442599661771,1061,230,28,48,10,8,18,40
0.736351219512195,0.774837844895035,1044,247,41,61,17,17,24,44
0.788513033499098,0.856118899742998,1065,226,29,44,18,16,11,28
0.711241500778242,0.771866724491512,1071,220,39,57,19,13,20,44
0.779564867042708,0.828098122557811,1056,235,50,64,28,25,22,39
0.742275458570525,0.773353383852052,1036,255,51,68,25,17,26,51
0.799779090548054,0.845116894390452,1082,209,32,54,19,13,13,41
0.711907102482182,0.7467156157153,1051,240,39,63,19,17,20,46
0.662136614945604,0.706836549398734,1064,227,45,58,18,12,27,46
0.768473007290899,0.829661890640127,1037,254,39,58,24,17,15,41
0.773952202603888,0.817799119637462,1062,229,45,71,23,21,22,50
0.791902187269599,0.842288539038162,1045,246,39,61,24,23,15,38
0.734772023019035,0.762636467312423,1058,233,36,54,18,12,18,42
0.766931544798425,0.820734306147076,1074,217,44,53,23,16,21,37
0.74009792166267,0.790273813771088,1071,220,40,50,19,15,21,35
0.734417884019478,0.777972951612095,1060,231,36,65,19,24,17,41
0.716719914802982,0.782239662874407,1054,237,39,58,18,20,21,38
0.72089378143909,0.759499276961973,1054,237,44,70,19,22,25,48
0.721767890502879,0.75718277064612,1051,240,42,52,21,14,21,38
0.791763818406254,0.837055204281384,1058,233,23,50,13,14,10,36
0.722474809535513,0.782956846677326,1054,237,39,56,22,19,17,37
0.798451239008793,0.832780973820363,1066,225,40,73,22,13,18,60
0.717921951219512,0.745831712029975,1078,213,41,62,17,14,24,48
0.724061755361398,0.762278489396491,1078,213,32,59,12,13,20,46
0.774257552483359,0.812828582769776,1060,231,31,54,16,15,15,39
0.728976776671905,0.77258464008301,1054,237,46,63,22,23,24,40
0.736186204636684,0.77270786088361,1052,239,39,55,17,16,22,39
0.725851133629802,0.789478213533701,1069,222,44,70,22,22,22,48
0.765807560137457,0.830631641479474,1070,221,30,57,17,16,13,41
0.737691935002981,0.760290679920305,1039,252,43,77,22,22,21,55
0.765216678954698,0.803347609896332,1059,232,39,59,20,22,19,37
0.746380487804878,0.788128019138727,1074,217,41,70,20,19,21,51
0.73190243902439,0.782391062955982,1043,248,41,51,21,15,20,36
0.686426261183685,0.736789372950821,1051,240,38,59,13,19,25,40
0.719815509289194,0.752946616744132,1058,233,37,54,15,13,22,41
0.785509472606247,0.830803808655596,1067,224,31,56,17,19,14,37
0.713954794328233,0.749518014136046,1057,234,34,66,14,15,20,51
0.717528459744891,0.807484830131028,1057,234,23,41,12,12,11,29
0.681365576102418,0.751389631401901,1051,240,37,59,17,13,20,46
0.772309962293022,0.786278529517264,1079,212,29,44,12,11,17,33
0.74521382893685,0.78150634178722,1069,222,40,57,16,12,24,45
0.779470795445236,0.816000100065998,1050,241,39,68,22,26,17,42
0.74284434203789,0.805798462667456,1086,205,31,40,16,10,15,30
0.807193448428508,0.84464101058277,1090,201,36,51,21,19,15,32
0.707778352515195,0.758915233737888,1070,221,37,58,17,15,20,43
0.747402779727643,0.800253093719523,1079,212,34,51,17,18,17,33
0.736465250110669,0.781897854520457,1043,248,36,60,17,19,19,41
0.662209275118162,0.706634065297292,1092,199,34,58,11,8,23,50
0.692862870890136,0.742603140720437,1076,215,44,67,20,18,24,49
0.757435665330402,0.811501550838348,1045,246,37,67,22,19,15,48
0.709147408325436,0.782018242792006,1077,214,44,54,23,19,21,35
0.690447565440735,0.734333331623093,1059,232,29,60,10,11,19,49
0.754136585365854,0.818149982392207,1064,227,41,53,22,19,19,34
0.71090130562965,0.759000428878965,1059,232,34,61,15,16,19,45
0.834907834101382,0.869309558588729,1058,233,31,64,20,22,11,42
0.719894084732214,0.755153832665386,1072,219,40,59,19,9,21,50
0.731843902439024,0.781621117185467,1052,239,41,48,19,13,22,35
0.720281849876087,0.775337330258502,1077,214,38,63,16,13,22,50
0.728514722560591,0.768133049264496,1075,216,38,56,14,14,24,42
0.707900047889444,0.764519260025105,1066,225,47,72,23,20,24,52
0.732677434030937,0.77365294763967,1054,237,35,51,18,15,17,36
0.702764976958525,0.744610206868198,1070,221,31,46,14,13,17,33
0.706338621367401,0.750582444742071,1054,237,34,72,13,18,21,54
0.796448758908823,0.843703338917034,1060,231,39,72,23,27,16,45
0.812750227479527,0.865985761320691,1080,211,35,55,25,18,10,37
0.658293779140589,0.703689317966789,1082,209,38,64,17,18,21,46
0.739944294257393,0.805120474504834,1100,191,39,55,18,16,21,39
0.745231979889611,0.793424174100495,1059,232,29,61,17,15,12,46
0.660425505103541,0.713068610961,1052,239,38,53,13,10,25,43
0.720163789287295,0.784495338077897,1080,211,36,60,19,14,17,46
0.704370731707317,0.757660683579168,1068,223,41,50,18,19,23,31
0.705309273232725,0.765425955599951,1069,222,32,51,12,12,20,39
0.723651126244107,0.777692443772,1088,203,46,70,21,22,25,48
0.776135193869381,0.820806137482354,1065,226,42,61,21,20,21,41
0.746975609756098,0.795007519830642,1065,226,41,70,21,19,20,51
0.734781619654231,0.776831419386605,1059,232,35,52,15,13,20,39
0.67435378982458,0.734813456314595,1076,215,29,53,13,17,16,36
0.750789368505196,0.802318427048318,1084,207,40,66,17,18,23,48
0.744911445942374,0.812133985067638,1072,219,30,57,16,10,14,47
0.764387986729527,0.801897854350677,1083,208,46,57,21,13,25,44
0.73621216204078,0.772776937975183,1037,254,54,71,24,18,30,53
0.742317663654733,0.781882338968798,1053,238,42,60,21,17,21,43
0.76508165050667,0.807470278451137,1072,219,44,77,21,16,23,61
0.754716044479746,0.797945304646145,1072,219,32,49,15,13,17,36
0.685978697398289,0.732457013194802,1072,219,46,58,20,14,26,44
0.748638030382399,0.786173802310402,1059,232,46,71,24,27,22,44
0.74549045915325,0.799631141816893,1070,221,43,65,26,28,17,37
0.736361694436229,0.770207242258656,1067,224,49,58,23,23,26,35
0.722282926829268,0.764806893981455,1053,238,41,57,19,22,22,35
0.703669088923426,0.760145443839797,1065,226,38,59,19,20,19,39
0.751836772895316,0.79185117806936,1057,234,34,45,17,11,17,34
0.6935548438751,0.738348288134063,1096,195,42,56,18,15,24,41
0.775184481216458,0.811589848980662,1068,223,43,55,24,17,19,38
0.687230931019751,0.742172016629158,1040,251,49,51,23,20,26,31
0.779774375503626,0.820840038232241,1054,237,50,62,30,23,20,39
0.704128753412193,0.744895491337036,1085,206,35,59,13,6,22,53
0.691253817441466,0.762449326155673,1063,228,28,52,15,17,13,35
0.808774085089875,0.84112542811456,1096,195,37,56,18,18,19,38
0.757729993518624,0.794338223392161,1070,221,42,75,22,24,20,51
0.77888182299947,0.818645732922799,1071,220,33,57,17,14,16,43
0.754419698184734,0.819743228160765,1065,226,44,53,26,17,18,36
0.738679800058806,0.786504379222332,1097,194,38,46,11,8,27,38
0.748838734357069,0.784449406902432,1080,211,29,66,13,12,16,54
0.759655480540111,0.800857564719909,1070,221,32,53,19,12,13,41
0.76720467953875,0.812588337680017,1060,231,48,67,24,25,24,42
0.794160908531162,0.818108375554671,1061,230,47,67,25,24,22,43
0.723775017253278,0.769983355087619,1060,231,49,61,21,16,28,45
0.746885075687196,0.78631769707429,1086,205,29,55,13,10,16,45
0.734870641169854,0.788421716884862,1057,234,21,41,11,12,10,29
0.758653390232338,0.799900833629768,1077,214,37,55,18,13,19,42
0.747730357059291,0.794345441871926,1093,198,34,60,15,12,19,48
0.742725345666522,0.775947588542974,1064,227,33,55,17,16,16,39
0.706370605339677,0.758480037240968,1069,222,30,57,15,15,15,42
0.735679529797177,0.788914577070917,1092,199,33,61,16,16,17,45
0.67515962298571,0.740785972355446,1063,228,26,52,11,9,15,43
0.633173843700159,0.674368286370201,1046,245,37,53,13,12,24,41
0.672568290215349,0.717273227707196,1086,205,33,52,11,15,22,37
0.746473354231975,0.791678587062154,1051,240,44,72,21,22,23,50
0.768721951219512,0.81265951654411,1062,229,41,60,23,19,18,41
0.683766872506695,0.72231376942035,1069,222,29,50,10,13,19,37
0.7542351069306,0.798498492787604,1074,217,34,53,15,18,19,35
0.730794159136833,0.772138248897543,1064,227,42,61,16,16,26,45
0.794009249891603,0.832587498622665,1064,227,33,47,17,15,16,32
0.749807293924941,0.787125403834295,1066,225,33,72,13,17,20,55
0.765078931691819,0.796228905250123,1076,215,32,57,13,24,19,33
0.734411996842936,0.779474265276743,1075,216,24,45,10,12,14,33
0.705283589706204,0.792990268549499,1069,222,44,58,23,17,21,41
0.784337813749579,0.825082409609281,1056,235,33,57,20,17,13,40
0.730799026117751,0.79425507175921,1080,211,36,64,18,16,18,48
0.748319580304935,0.795436710073147,1086,205,29,56,14,14,15,42
0.784005162827641,0.8251707674309,1056,235,32,63,19,18,13,45
0.736390133448957,0.771059887921798,1062,229,33,62,16,14,17,48
0.803158868622786,0.835298888457597,1064,227,30,50,15,13,15,37
0.750204813108039,0.788048258779573,1077,214,31,63,14,15,17,48
0.67373101518785,0.740442115455675,1089,202,40,52,14,10,26,42
0.791709929504344,0.827633578707858,1066,225,29,59,14,14,15,45
0.810263414634146,0.842710695766099,1039,252,41,57,25,22,16,35
0.709834534294102,0.742247803475732,1061,230,42,60,19,20,23,40
0.761330701054312,0.796951167347739,1077,214,38,42,18,10,20,32
0.74203187250996,0.780493941281816,1065,226,36,57,14,14,22,43
0.689054891544931,0.786056009439237,1064,227,36,58,17,15,19,43
0.756444243286349,0.79680532478733,1084,207,37,62,17,15,20,47
0.72091342679578,0.775657601226816,1084,207,33,62,14,16,19,46
0.711043579464632,0.773815437770141,1068,223,37,56,20,17,17,39
0.736530775379696,0.785898781293456,1042,249,40,62,21,23,19,39
0.719882807577603,0.755247976951643,1077,214,38,51,14,9,24,42
0.717881254964257,0.758575856538288,1062,229,32,56,17,16,15,40
0.672306629834254,0.728440304864466,1070,221,24,52,10,9,14,43
0.689298225998807,0.726046681196632,1071,220,43,53,16,12,27,41
0.747176878354204,0.787675289366996,1071,220,43,65,21,22,22,43
0.73682185126907,0.773116976694117,1050,241,47,59,22,20,25,39
0.689428457234213,0.756929489848645,1061,230,40,60,19,19,21,41
0.813657407407407,0.859013750656374,1065,226,27,55,15,13,12,42
0.734643734643735,0.775009143759098,1073,218,37,55,17,14,20,41
0.741685623293904,0.77532209208465,1065,226,35,60,16,15,19,45
0.728988254012822,0.776270969615556,1075,216,34,57,13,14,21,43
0.818074756784434,0.833948453107093,1071,220,31,55,13,18,18,37
0.776746948472188,0.828593182322498,1039,252,39,62,24,24,15,38
0.667640548915449,0.741141045134594,1081,210,36,72,15,17,21,55
0.751682160247897,0.784998542193627,1076,215,36,68,17,18,19,50
0.799358298171589,0.832758360546587,1077,214,27,53,17,12,10,41
0.718625099920064,0.787593060085825,1068,223,40,58,22,13,18,45
0.740665888200246,0.788706343845806,1062,229,54,73,27,19,27,54
0.776818910840563,0.814550396034461,1065,226,44,57,26,21,18,36
0.776637892872953,0.818264487469785,1067,224,36,53,19,11,17,42
0.743397537728356,0.800888096854064,1069,222,32,57,17,11,15,46
0.716904008438819,0.765220921111638,1084,207,27,69,10,14,17,55
0.769079238601151,0.808350105621574,1068,223,36,66,17,18,19,48
0.786779179120799,0.822490983620905,1083,208,44,65,20,17,24,48
0.663893958538069,0.709411808852071,1075,216,34,56,11,11,23,45
0.744832143801216,0.775410547344335,1057,234,30,44,13,13,17,31
0.730464421640892,0.779818153548425,1045,246,33,45,17,15,16,30
0.658683534619378,0.720581867800134,1066,225,29,56,10,13,19,43
0.753648729150119,0.781225390794023,1069,222,32,60,16,19,16,41
0.819420879990951,0.87665129621475,1068,223,28,52,17,19,11,33
0.739884904825144,0.787825642322008,1053,238,36,72,18,16,18,56
0.771271654188753,0.809519834216866,1055,236,29,53,16,15,13,38
0.753288344961684,0.801278600869402,1039,252,42,55,22,18,20,37
0.765410678179135,0.798516003802634,1092,199,29,45,14,11,15,34
0.769248907863384,0.794696902719794,1056,235,32,64,16,16,16,48
0.787915006640106,0.831103276935924,1064,227,36,56,22,17,14,39
0.767613927291347,0.804792359032903,1055,236,31,54,18,15,13,39
0.695790859957584,0.74094003978844,1093,198,47,67,20,18,27,49
0.7233861718686,0.745001778139726,1062,229,39,48,17,17,22,31
0.701370700192072,0.75461116184408,1053,238,46,57,19,15,27,42
0.756408241662301,0.808192783278414,1084,207,46,65,23,15,23,50
0.732271041094571,0.785419985927075,1061,230,33,52,15,10,18,42
0.728670025395265,0.772703763329822,1074,217,39,63,17,15,22,48
0.796815674475249,0.851600114377311,1088,203,22,44,13,11,9,33
0.772157419443114,0.812364964614026,1046,245,47,61,26,22,21,39
0.778987752423999,0.849826184106142,1058,233,44,46,27,14,17,32
0.744104716227018,0.797068725060955,1072,219,40,53,20,15,20,38
0.80460364670891,0.827931297654779,1058,233,37,51,19,15,18,36
0.717671020302599,0.742194408457599,1069,222,37,57,17,17,20,40
0.759066872572418,0.794771623885326,1049,242,34,66,17,19,17,47
0.746090617481957,0.782031210778552,1064,227,44,80,19,23,25,57
0.756187443130118,0.815155954827197,1069,222,35,56,19,15,16,41
0.730053019526704,0.760890104734184,1080,211,37,58,17,14,20,44
0.72537899054753,0.763644853530751,1054,237,45,69,20,17,25,52
0.723489634517291,0.75126613219455,1065,226,34,60,13,11,21,49
0.843964730921253,0.86903568867242,1083,208,26,57,18,15,8,42
0.689639406224281,0.761478959080449,1065,226,53,66,23,14,30,52
0.750387947756369,0.784900849503157,1048,243,37,51,18,17,19,34
0.753616924476797,0.804878584657647,1061,230,35,45,16,16,19,29
0.60655953202537,0.639365497633608,1064,227,49,74,15,22,34,52
0.631614708233413,0.67911041918558,1087,204,40,63,11,16,29,47
0.714176626826029,0.75975670430343,1086,205,36,59,16,13,20,46
0.745314833550128,0.782205899259566,1049,242,33,46,16,16,17,30
0.739928070960048,0.803209502512421,1067,224,43,66,19,20,24,46
0.794565560821485,0.833459933617915,1068,223,25,56,14,14,11,42
0.690475322592404,0.734513223033671,1073,218,44,61,17,16,27,45
0.806283121735484,0.859906715098578,1072,219,42,65,25,21,17,44
0.700224971878515,0.75567109270745,1066,225,21,50,8,13,13,37
0.721443902439024,0.760851149388942,1075,216,41,58,19,20,22,38
0.783762989608314,0.8436421896989,1057,234,40,56,23,22,17,34
0.737171430132794,0.799895168302037,1082,209,29,47,11,5,18,42
0.729540427623495,0.770582767603287,1078,213,39,60,20,16,19,44
0.747975432211101,0.80408371476107,1087,204,35,55,19,12,16,43
0.774751123619104,0.830534246828683,1059,232,38,57,22,16,16,41
0.718405992563972,0.764143978341567,1075,216,44,62,20,20,24,42
0.783693668398147,0.820438992107375,1066,225,34,58,20,21,14,37
0.729825143868969,0.789163784249873,1080,211,36,63,18,17,18,46
0.741295977717703,0.76965319064406,1084,207,39,68,16,16,23,52
0.846043804262036,0.882585840212946,1084,207,24,56,20,18,4,38
0.674339471577262,0.716421593416748,1071,220,42,60,14,10,28,50
0.808881848355533,0.851452165397941,1062,229,37,56,21,16,16,40
0.718316390226502,0.778019455185922,1043,248,45,56,23,15,22,41
0.807426893896069,0.827765612895049,1044,247,42,60,27,19,15,41
0.723800959232614,0.776828901801584,1068,223,40,57,18,16,22,41
0.723932066037329,0.779086522103331,1053,238,37,44,21,18,16,26
0.804122836783169,0.85015661154381,1040,251,28,58,18,20,10,38
0.805746702711559,0.843378106128791,1040,251,39,65,24,23,15,42
0.803576747418586,0.845685063838567,1070,221,32,60,20,12,12,48
0.787128152923877,0.835866469380404,1067,224,28,48,16,19,12,29
0.751955845006963,0.789373203676363,1051,240,39,59,14,14,25,45
0.760031847133758,0.799581436689074,1070,221,35,57,14,18,21,39
0.734029484029484,0.785833621400193,1063,228,33,42,14,11,19,31
0.808692682926829,0.842565206861361,1050,241,41,60,24,20,17,40
0.788858912869704,0.831823421230863,1059,232,40,56,25,23,15,33
0.680689102564103,0.729851069044151,1054,237,43,70,20,14,23,56
0.728311624477759,0.785843405756344,1088,203,39,58,19,14,20,44
0.756255686988171,0.790127318967373,1077,214,35,70,12,19,23,51
0.763120839733743,0.814028055501557,1061,230,31,56,18,13,13,43
0.737496927992136,0.775366129000711,1076,215,39,70,17,18,22,52
0.804569598888006,0.84689331925899,1056,235,32,48,19,17,13,31
0.789964434461135,0.838660788134603,1066,225,34,65,19,13,15,52
0.696850577940006,0.7478374109328,1060,231,34,60,15,19,19,41
0.643023553507424,0.687139462431365,1053,238,31,51,9,11,22,40
0.715838363985212,0.762811301712245,1075,216,34,42,13,10,21,32
0.757130124777184,0.800644739862986,1043,248,33,50,16,15,17,35
0.806505914467698,0.834263393019087,1072,219,35,59,18,23,17,36
0.767796862589357,0.796822596931389,1067,224,32,55,13,13,19,42
0.7034178187404,0.771945012957673,1069,222,31,52,15,17,16,35
0.723407740184379,0.771481444554672,1057,234,34,68,15,20,19,48
0.787506400409626,0.828546797825409,1051,240,31,44,19,15,12,29
0.744382765001322,0.785249148509074,1079,212,30,47,13,8,17,39
0.675492682926829,0.714888313443751,1064,227,41,68,16,12,25,56
0.727217925386715,0.769189678959477,1077,214,35,48,14,12,21,36
0.757703836930456,0.809223443422152,1063,228,40,59,22,19,18,40
0.75510243902439,0.815140466142507,1070,221,41,53,23,17,18,36
0.73212710547318,0.779169790611994,1069,222,38,60,18,15,20,45
0.718005086426139,0.748566975501661,1067,224,37,47,15,10,22,37
0.75848320325755,0.810891922807517,1062,229,28,45,15,13,13,32
0.720816733067729,0.757669841484693,1083,208,36,56,13,11,23,45
0.691970848909984,0.729001771410085,1090,201,38,65,7,13,31,52
0.720359010458568,0.767741201280361,1080,211,48,64,20,16,28,48
0.771043902439024,0.820029935469103,1065,226,41,67,23,17,18,50
0.761785365853658,0.808756068552755,1057,234,41,48,21,16,20,32
0.762128438599027,0.818558090638039,1070,221,33,61,20,23,13,38
0.730038671519563,0.781923404711833,1086,205,35,52,14,14,21,38
0.760582352687616,0.79189725243034,1070,221,37,66,19,17,18,49
0.733115719406042,0.750459111744088,1072,219,31,66,12,17,19,49
0.748924731182796,0.787548911744747,1054,237,31,56,15,12,16,44
0.731076994161381,0.779274103774501,1044,247,38,55,19,17,19,38
0.691734060009377,0.766444866600427,1064,227,27,50,15,13,12,37
0.731170731707317,0.784598295030163,1075,216,41,49,20,14,21,35
0.722014533540555,0.768454156644332,1063,228,38,56,19,10,19,46
0.714908073541167,0.774291540719051,1095,196,40,61,16,15,24,46
0.736709719687398,0.797439877602644,1066,225,34,53,17,18,17,35
0.759953335980937,0.800078768977805,1057,234,32,56,17,14,15,42
0.661022576361222,0.706977681118535,1102,189,36,56,12,14,24,42
0.751749900714853,0.793536313494687,1084,207,32,48,15,6,17,42
0.710061665944019,0.768698287018602,1041,250,33,55,18,19,15,36
0.705869457470738,0.758868999755607,1073,218,42,56,21,20,21,36
0.731312556869882,0.776872452696661,1073,218,35,52,17,13,18,39
0.713766504754738,0.768421967754988,1054,237,47,54,23,16,24,38
0.799462875197472,0.849993280996007,1061,230,25,50,13,13,12,37
0.770356485135491,0.820053628080031,1077,214,24,55,12,10,12,45
0.728393069896744,0.759746640571224,1069,222,32,63,12,17,20,46
0.759833465503569,0.802860475051405,1071,220,30,53,14,19,16,34
0.701950926280125,0.757429344209252,1077,214,29,49,11,16,18,33
0.722879294618425,0.763497949986788,1055,236,26,45,14,12,12,33
0.733809668592277,0.771832956997542,1054,237,26,59,9,17,17,42
0.753491529807319,0.803720630255564,1082,209,37,72,18,16,19,56
0.743993294840752,0.788010339881414,1087,204,52,70,23,19,29,51
0.667850702224165,0.702319631832324,1066,225,29,59,7,13,22,46
0.738631850675139,0.782544299187359,1053,238,32,48,18,20,14,28
0.789494787489976,0.818461282391824,1074,217,44,67,23,24,21,43
0.738876251137398,0.76119136715191,1043,248,35,68,13,11,22,57
0.767899478425794,0.809555480203282,1068,223,37,47,16,13,21,34
0.761544585987261,0.806251989932974,1077,214,35,54,21,20,14,34
0.718726959941018,0.738247392876799,1055,236,39,69,17,16,22,53
0.826802695491551,0.87020849037319,1052,239,47,68,31,31,16,37
0.769034818228367,0.808151327999342,1064,227,31,56,17,13,14,43
0.724654079917238,0.745258387880467,1074,217,37,56,12,16,25,40
0.815234535728981,0.839398796246378,1057,234,23,51,13,12,10,39
0.76634692246203,0.808862736424318,1059,232,40,59,21,18,19,41
0.745035742652899,0.774906765571459,1064,227,32,45,13,13,19,32
0.758013589128697,0.798380394826611,1048,243,40,56,20,17,20,39
0.760408326661329,0.79062446685327,1070,221,42,53,19,21,23,32
0.704150872759605,0.735478158623202,1102,189,34,50,13,10,21,40
0.771703521703522,0.804463955500986,1071,220,33,64,18,18,15,46
0.785358810518555,0.820489030228961,1077,214,39,64,20,17,19,47
0.782614634146341,0.816757590641771,1093,198,41,53,22,20,19,33
0.748800959232614,0.793483760429979,1081,210,40,60,17,17,23,43
0.737409008189263,0.784921758663568,1074,217,35,62,18,22,17,40
0.726865332120109,0.755396955584941,1077,214,35,60,15,17,20,43
0.758844587954513,0.819322334776108,1055,236,34,60,18,20,16,40
0.723107736658622,0.749673338905199,1060,231,48,79,21,25,27,54
0.744290795076981,0.777864910084875,1082,209,34,51,13,15,21,36
0.695792337507454,0.753453475953755,1090,201,43,61,19,16,24,45
0.714738640086106,0.76416894860449,1048,243,34,57,15,18,19,39
0.711940550175844,0.755009686290736,1056,235,33,52,13,13,20,39
0.815658536585366,0.842477345331979,1073,218,41,44,24,14,17,30
0.758101973109831,0.812747037043762,1085,206,46,66,25,20,21,46
0.764672932947156,0.801743351846315,1074,217,29,55,15,12,14,43
0.7212245987266,0.762203063652597,1067,224,42,59,18,14,24,45
0.777659931952787,0.824178139039459,1081,210,38,44,18,14,20,30
0.790392216479173,0.849308592494758,1079,212,26,44,16,14,10,30
0.737517408044564,0.782876107622044,1079,212,39,47,18,16,21,31
0.747367682156395,0.795152937938943,1094,197,34,54,18,14,16,40
0.701942506386061,0.739446502280686,1075,216,42,59,18,16,24,43
0.662488626023658,0.722667702005062,1083,208,35,59,13,19,22,40
0.77056856187291,0.810442408655623,1083,208,26,50,13,9,13,41
0.735318205906441,0.780397415835867,1056,235,33,51,16,15,17,36
0.759280593958013,0.805684048932557,1098,193,31,64,14,13,17,51
0.757206861239119,0.782717948446481,1078,213,31,45,13,9,18,36
0.739537827640985,0.775663350756068,1073,218,32,55,13,16,19,39
0.643165467625899,0.683800583535582,1084,207,40,73,14,9,26,64
0.686191992720655,0.72990436313167,1081,210,35,65,13,12,22,53
0.736273828435266,0.797164594660649,1060,231,32,61,16,14,16,47
0.722088262056415,0.766015592696678,1060,231,35,54,15,16,20,38
0.742066346922462,0.765345430332291,1087,204,40,68,15,15,25,53
0.738228999464954,0.771122743403913,1034,257,45,50,22,19,23,31
0.697932502280328,0.736619408103818,1054,237,26,60,13,16,13,44
0.764148577978365,0.813638017618873,1075,216,22,59,11,13,11,46
0.761540723316672,0.796474336189288,1055,236,38,55,20,18,18,37
0.71777364586826,0.763059693570891,1084,207,53,75,21,14,32,61
0.724126230064472,0.753579839997048,1047,244,28,59,14,16,14,43
0.684842713197346,0.731612279203926,1071,220,39,59,15,11,24,48
0.686658325750682,0.736141642246415,1076,215,35,63,17,16,18,47
0.678729526339088,0.725845929913389,1075,216,36,57,16,8,20,49
0.735118629790818,0.769049218436733,1053,238,34,44,17,12,17,32
0.717983533773007,0.755308484018802,1065,226,37,63,15,17,22,46
0.702398081534772,0.740769100536506,1080,211,40,66,17,21,23,45
0.743132575225794,0.777695457951131,1061,230,34,55,17,14,17,41
0.83974358974359,0.871306988413563,1074,217,30,52,15,18,15,34
0.743592523004288,0.787571508957569,1057,234,33,46,16,16,17,30
0.807620627508806,0.848300915661864,1087,204,39,69,24,24,15,45
0.821591412129261,0.861095720718387,1089,202,36,60,26,24,10,36
0.761950439648281,0.812220475656209,1078,213,40,68,16,14,24,54
0.767623113582208,0.829125513262652,1053,238,32,47,17,18,15,29
0.727581892629663,0.77022157402633,1085,206,35,59,14,17,21,42
0.74878354290119,0.809628581937185,1052,239,33,52,17,12,16,40
0.753716002530044,0.784993051678141,1043,248,51,55,26,21,25,34
0.780820293978189,0.802896371815683,1082,209,37,45,21,17,16,28
0.700150596667811,0.738079173601154,1055,236,42,73,18,14,24,59
0.816588945274997,0.848769102185905,1048,243,23,49,19,20,4,29
0.814424049718167,0.842437445340005,1086,205,33,59,16,13,17,46
0.683397999890704,0.736859472151515,1054,237,29,46,12,10,17,36
0.690857314148681,0.728742620666159,1072,219,40,62,16,11,24,51
0.76997565294378,0.815402945290253,1064,227,36,58,21,16,15,42
0.744956679167206,0.79719501317184,1071,220,37,60,20,20,17,40
0.756174735807324,0.817293037312677,1064,227,39,51,22,16,17,35
0.744623986237405,0.792219032842094,1068,223,39,64,19,18,20,46
0.765639217470428,0.797605959914858,1072,219,35,68,19,17,16,51
0.720893525949706,0.773343538431336,1049,242,45,59,23,15,22,44
0.743709833242324,0.803233830686114,1076,215,38,55,21,21,17,34
0.596963148316651,0.633157017407783,1053,238,35,63,9,14,26,49
0.768566615190229,0.809946439126047,1048,243,34,44,15,14,19,30
0.617929941526859,0.689852489813236,1065,226,29,45,9,7,20,38
0.798800959232614,0.835399108286,1056,235,40,60,24,22,16,38
0.700594980006745,0.755185392529535,1064,227,33,50,13,15,20,35
0.727279153941862,0.758965727411039,1044,247,28,66,15,20,13,46
0.741077138289368,0.789460514988297,1067,224,40,55,21,23,19,32
0.734685266084194,0.769085543837062,1059,232,32,52,14,13,18,39
0.791264786169245,0.828981765629097,1058,233,35,64,20,21,15,43
0.725197716318031,0.770651330739203,1061,230,34,52,17,19,17,33
0.698029946991639,0.746465597942191,1076,215,29,58,13,12,16,46
0.7892548649722,0.834762092523163,1055,236,32,49,20,18,12,31
0.786831240809863,0.823871206211636,1069,222,28,53,16,12,12,41
0.761862345888474,0.812028537554135,1064,227,28,55,15,14,13,41
0.787740766481334,0.829745912158968,1040,251,32,53,18,16,14,37
0.736579739982462,0.769830417106545,1066,225,42,62,18,16,24,46
0.76227491433987,0.801475130491468,1038,253,44,62,23,23,21,39
0.714071786232393,0.768332890483957,1045,246,34,49,19,12,15,37
0.768221110100091,0.808035389714808,1081,210,35,39,16,10,19,29
0.734258416742493,0.781614666004515,1066,225,35,57,19,15,16,42
0.756195596518177,0.807110682430152,1059,232,31,62,16,22,15,40
0.73679161402031,0.782692944182422,1096,195,34,47,14,16,20,31
0.630435651478817,0.705230625518775,1069,222,40,59,16,17,24,42
0.709927752341748,0.766637290709885,1097,194,38,55,17,11,21,44
0.763571060882587,0.800325860373551,1049,242,34,68,18,21,16,47
0.763189448441247,0.805012658736418,1063,228,40,69,21,22,19,47
0.74291029060789,0.78093127001772,1065,226,34,59,17,14,17,45
0.684473218238159,0.726479117913577,1066,225,36,55,13,10,23,45
0.770051687442992,0.785418209801527,1073,218,26,45,9,10,17,35
0.721649570930544,0.763231934130949,1068,223,48,52,19,15,29,37
0.655275779376499,0.696041354454314,1080,211,40,60,13,11,27,49
0.748051558752998,0.808705910078723,1067,224,40,68,21,16,19,52
0.755959094095772,0.785018424663997,1060,231,53,74,28,20,25,54
0.66624203821656,0.734024740219164,1068,223,35,50,12,12,23,38
0.755903335116818,0.793652032462325,1053,238,45,61,22,15,23,46
0.774125719344843,0.816309004867547,1066,225,36,58,20,17,16,41
0.705439161966156,0.743099491977953,1093,198,50,61,22,18,28,43
0.716797625283744,0.763180253269456,1048,243,46,58,22,21,24,37
0.761909150487425,0.799305071655619,1071,220,39,66,20,20,19,46
0.725115821985119,0.755363088704579,1061,230,34,69,14,20,20,49
0.768210724093077,0.810457712278689,1064,227,33,57,21,16,12,41
0.741389395853807,0.795660824523502,1083,208,34,53,16,11,18,42
0.834947821610744,0.865491639516685,1071,220,34,50,20,19,14,31
0.668815744825246,0.699552642665099,1094,197,28,71,8,11,20,60
0.765367041682831,0.797561340290473,1068,223,37,58,19,20,18,38
0.683522271633739,0.724229508121619,1075,216,44,71,15,20,29,51
0.734287007240547,0.7760756207241,1095,196,48,71,21,19,27,52
0.791022305728188,0.828343441388511,1076,215,33,52,17,15,16,37
0.712051804094559,0.773473713990879,1045,246,28,59,13,16,15,43
0.773076552488317,0.798596275286143,1055,236,33,58,16,19,17,39
0.717948717948718,0.771734675785895,1084,207,30,50,14,13,16,37
0.774703557312253,0.807471567459892,1088,203,26,51,14,11,12,40
0.819992241044873,0.857538654946731,1054,237,37,66,21,25,16,41
0.77135124298316,0.814840563292672,1049,242,44,51,24,15,20,36
0.704798665309354,0.751347370763374,1047,244,28,56,14,15,14,41
0.688473957602134,0.733853969019643,1071,220,34,49,13,11,21,38
0.721981550928919,0.773508750250277,1098,193,37,62,14,17,23,45
0.777379371403276,0.837931513573134,1075,216,36,50,16,17,20,33
0.810821587137377,0.852236594259871,1086,205,37,39,20,10,17,29
0.671999531176746,0.75183157851741,1088,203,27,52,8,5,19,47
0.780732625055334,0.828513342525867,1093,198,36,61,13,12,23,49
0.675523729150119,0.744048176015974,1065,226,32,57,14,17,18,40
0.741201859229748,0.79695580501575,1058,233,36,58,19,18,17,40
0.74376382403539,0.776451736757645,1058,233,39,57,20,22,19,35
0.779367918902803,0.811380787804276,1071,220,43,67,24,19,19,48
0.678319401856597,0.725457916766312,1051,240,38,63,17,16,21,47
0.687321285599909,0.741752865506384,1067,224,42,62,19,20,23,42
0.816999785084891,0.849108489303579,1055,236,22,53,13,13,9,40
0.741479550922213,0.799918678390825,1079,212,44,55,23,18,21,37
0.734044825659733,0.77249108469433,1055,236,49,66,21,19,28,47
0.660234146341463,0.701194568712895,1091,200,41,74,14,22,27,52
0.709293394777266,0.745025133230626,1055,236,31,53,14,13,17,40
0.73521443272987,0.762937811327041,1086,205,38,55,15,10,23,45
0.751060409112677,0.794053724485669,1082,209,47,60,19,14,28,46
0.666207916287534,0.709180262841164,1070,221,35,45,13,12,22,33
0.747579129932071,0.771823631845579,1074,217,33,65,15,15,18,50
0.740558753334269,0.802476593736657,1058,233,34,72,18,19,16,53
0.719734194393748,0.784790426906241,1060,231,34,47,15,10,19,37
0.732547587428066,0.755118260172716,1041,250,36,48,14,15,22,33
0.729007081948258,0.784866324932964,1071,220,33,63,16,15,17,48
0.790280312602368,0.829950728225347,1061,230,34,44,19,14,15,30
0.729531707317073,0.780619191314841,1054,237,41,59,21,19,20,40
0.721591412129261,0.771301819249005,1050,241,36,49,17,14,19,35
0.718988941548183,0.7362550732201,1079,212,25,58,8,11,17,47
0.761550550026192,0.802951850536232,1049,242,46,69,26,21,20,48
0.686100044267375,0.737782849402626,1057,234,36,52,18,13,18,39
0.77409546684967,0.817260283535733,1060,231,42,52,18,16,24,36
0.715710362769186,0.770065921265069,1085,206,33,54,12,10,21,44
0.737268292682927,0.793235577839627,1049,242,41,55,23,20,18,35
0.71437583001328,0.753974443846177,1067,224,36,50,14,14,22,36
0.714862771137672,0.768475062543901,1076,215,36,66,16,15,20,51
0.725665683934672,0.762438258110486,1074,217,34,68,17,11,17,57
0.835783593060864,0.861210669736029,1068,223,38,63,24,20,14,43
0.694078773460217,0.757278457263782,1062,229,30,49,13,12,17,37
0.71284337123871,0.755604863514487,1068,223,34,52,13,11,21,41
0.776420830029077,0.840676141439115,1097,194,30,51,16,12,14,39
0.68514236161295,0.738147145059963,1038,253,33,47,11,10,22,37
0.746904658669365,0.796512290168138,1072,219,33,54,16,16,17,38
0.696872156505914,0.736890532571737,1089,202,35,56,15,14,20,42
0.780197907188353,0.827272935341733,1067,224,35,61,19,21,16,40
0.686248727519511,0.72579581424366,1097,194,28,51,11,17,17,34
0.764535941765241,0.815268896416073,1066,225,35,52,20,16,15,36
0.682684670373312,0.726420002652069,1072,219,32,62,13,14,19,48
0.711280975219824,0.760235521577597,1064,227,40,61,18,17,22,44
0.779742948134668,0.814107273017992,1064,227,35,52,21,18,14,34
0.6177909858445,0.679900284355061,1072,219,38,59,14,14,24,45
0.675118858954041,0.701853300124838,1060,231,29,52,9,15,20,37
0.751439246635403,0.795648318773214,1076,215,42,53,16,11,26,42
0.72792937399679,0.773531143091529,1090,201,45,55,17,17,28,38
0.732676648997213,0.788518183604277,1076,215,29,47,17,11,12,36
0.706483166515014,0.735391931587243,1082,209,35,52,13,14,22,38
0.771671410499684,0.822864591063438,1067,224,51,61,28,22,23,39
0.740687788325899,0.798542908989608,1088,203,42,72,18,20,24,52
0.688556067588326,0.742751364818454,1090,201,31,48,10,10,21,38
0.777645186953063,0.810112361954485,1049,242,34,62,18,16,16,46
0.731971205655416,0.753871693901089,1079,212,37,54,15,17,22,37
0.673777425323817,0.734437763623978,1106,185,30,46,7,5,23,41
0.699749305003971,0.735271629666402,1070,221,32,60,12,15,20,45
0.716705069124424,0.74933702855237,1064,227,31,57,15,16,16,41
0.759852118305356,0.793476171405749,1061,230,40,63,19,13,21,50
0.693211928506046,0.716437263274324,1084,207,33,58,7,12,26,46
0.695515354211006,0.772262261691793,1080,211,26,50,13,11,13,39
0.731036305314573,0.770312205217348,1065,226,44,61,21,21,23,40
0.750663414634146,0.799379639244914,1087,204,41,62,22,20,19,42
0.758141831671243,0.811132224656887,1053,238,33,68,18,21,15,47
0.763800354138999,0.800397066328593,1064,227,36,50,18,12,18,38
0.76071662900051,0.813995404656517,1064,227,44,60,24,23,20,37
0.739152350149116,0.779331250185136,1053,238,38,63,18,15,20,48
0.765687804878049,0.82248659505682,1073,218,41,70,23,18,18,52
0.712162716159809,0.746096111482106,1080,211,43,70,19,13,24,57
0.759791877438936,0.828356156763397,1087,204,33,54,18,11,15,43
0.779327435078234,0.825280076846795,1077,214,39,59,21,20,18,39
0.721013189448441,0.764290660234867,1069,222,40,59,18,19,22,40
0.717056769688349,0.785694733346577,1074,217,37,54,18,14,19,40
0.720959167514987,0.763184567181731,1077,214,28,53,12,15,16,38
0.728464419475655,0.777445388269697,1059,232,45,64,18,16,27,48
0.729989299090423,0.7676178730182,1066,225,45,60,20,17,25,43
0.702722443559097,0.751645552356986,1082,209,36,53,13,10,23,43
0.738911159963792,0.78409321944879,1073,218,37,57,17,17,20,40
0.696066283026001,0.733458203718587,1053,238,38,61,14,15,24,46
0.7250143360367,0.758760508757177,1062,229,39,54,18,15,21,39
0.718039126478617,0.766729951229269,1056,235,35,62,16,22,19,40
0.825520193331695,0.86324783657483,1057,234,39,63,25,20,14,43
0.728477690288714,0.744354268806216,1072,219,21,59,8,10,13,49
0.680965028773794,0.724519855817537,1095,196,36,60,15,13,21,47
0.772273425499232,0.824305171790029,1084,207,31,54,19,23,12,31
0.692409114183308,0.717644015698835,1086,205,31,63,11,18,20,45
0.804794648181276,0.831413648237697,1058,233,43,71,23,26,20,45
0.760958598093725,0.795185489758793,1077,214,32,52,13,13,19,39
0.697336585365854,0.745505537132945,1084,207,41,58,16,13,25,45
0.658758013945435,0.702215355375195,1059,232,34,52,11,9,23,43
0.761405790817556,0.820139256577552,1072,219,33,54,20,12,13,42
0.702888989990901,0.746671093902819,1056,235,35,57,14,14,21,43
0.768987534204925,0.801181582228249,1057,234,26,53,12,14,14,39
0.830234809372518,0.871956494607576,1064,227,32,47,25,16,7,31
0.756627440837967,0.792840769858987,1057,234,37,72,19,26,18,46
0.729440670617141,0.777054453545582,1065,226,33,60,15,14,18,46
0.723933001803377,0.788771302080667,1060,231,29,57,13,18,16,39
0.754536585365854,0.787615303104757,1059,232,41,65,18,22,23,43
0.743522785458269,0.797147479959927,1076,215,31,48,16,15,15,33
0.722074976774687,0.771136571733436,1053,238,29,52,12,16,17,36
0.77503626749029,0.839773849481364,1071,220,34,51,20,19,14,32
0.725990344411397,0.775458307741179,1078,213,37,65,17,17,20,48
0.733009628972362,0.777118878728716,1068,223,49,64,20,10,29,54
0.671279851357998,0.712185872376053,1081,210,29,61,9,13,20,48
0.758056872037915,0.796444326719881,1071,220,25,45,11,13,14,32
0.798575258141382,0.844768000129912,1078,213,32,50,20,13,12,37
0.730221518987342,0.776298871648326,1059,232,27,65,14,13,13,52
0.786567133611862,0.8530477965731,1061,230,39,55,24,15,15,40
0.742575609756098,0.785307902023904,1061,230,41,65,21,17,20,48
0.730982484143319,0.778789302155117,1058,233,38,51,20,20,18,31
0.739108053722682,0.773662081392925,1069,222,34,60,17,12,17,48
0.774638758625948,0.810984119173547,1063,228,42,65,21,20,21,45
0.730373419582476,0.760004747721268,1054,237,38,58,16,17,22,41
0.739356097560976,0.773932639208322,1067,224,41,52,17,15,24,37
0.755492103393628,0.7974905306488,1069,222,29,64,14,11,15,53
0.71001180173092,0.739842424174742,1070,221,20,41,9,8,11,33
0.710317903995229,0.756720846489128,1083,208,43,62,17,14,26,48
0.718248397210913,0.791740927639802,1050,241,34,53,22,19,12,34
0.724310551558753,0.760153128165994,1081,210,40,51,17,15,23,36
0.77940069781761,0.813072352423035,1048,243,47,59,23,17,24,42
0.687886715195632,0.723098583892289,1048,243,35,54,14,11,21,43
0.757148530579825,0.800968381939965,1085,206,32,60,12,15,20,45
0.751157323029817,0.788393228924163,1089,202,44,61,18,14,26,47
0.762283368805108,0.837133738150478,1055,236,26,44,15,11,11,33
0.747242958941296,0.781430963714113,1068,223,28,51,13,12,15,39
0.743871287506195,0.793765077163991,1062,229,42,66,24,24,18,42
0.76740814519699,0.78172951206326,1052,239,36,59,21,17,15,42
0.810803891449053,0.861183322588529,1081,210,31,48,17,17,14,31
0.804515272244356,0.837086251525635,1064,227,36,62,22,21,14,41
0.768179662916505,0.819057853704944,1092,199,37,52,20,13,17,39
0.73746525019857,0.766294307131319,1066,225,32,57,16,15,16,42
0.760312944523471,0.808214070470622,1073,218,37,66,21,18,16,48
0.762708498808578,0.804620714538203,1070,221,32,58,18,16,14,42
0.684166871467191,0.722288691026647,1067,224,39,53,14,13,25,40
0.74877161055505,0.818785443724752,1080,211,35,57,17,15,18,42
0.702507993605116,0.754584628334702,1073,218,40,61,19,15,21,46
0.695326829268293,0.741135760805898,1054,237,41,63,17,18,24,45
0.727593266606005,0.758912354191865,1068,223,35,55,16,14,19,41
0.721658536585366,0.753773707940023,1072,219,41,62,18,20,23,42
0.723921289710763,0.758962812013141,1099,192,37,58,14,11,23,47
0.723747217205024,0.790129648790389,1061,230,38,55,19,20,19,35
0.729459681200188,0.773921816631794,1065,226,27,60,9,16,18,44
0.758291628753412,0.797060345473911,1073,218,35,56,18,9,17,47
0.787854467629749,0.83759896377506,1077,214,45,56,27,19,18,37
0.771640526804743,0.828066842356898,1083,208,29,62,14,16,15,46
0.745978951548848,0.795281324603371,1085,206,32,48,16,14,16,34
0.718771178883538,0.756775418892074,1068,223,45,57,19,15,26,42
0.741298908098271,0.767131258600773,1103,188,35,58,12,10,23,48
0.769510355232478,0.810345224947816,1075,216,23,55,10,6,13,49
0.789298561151079,0.826155934052263,1088,203,40,64,21,15,19,49
0.804360620652755,0.832495740151687,1057,234,45,62,27,24,18,38
0.69861237488626,0.736605270560725,1080,211,35,64,15,14,20,50
0.650238473767885,0.718018707376991,1055,236,33,58,14,15,19,43
0.727064377095163,0.775473313737699,1067,224,47,64,23,17,24,47
0.690582115980522,0.747513306715898,1070,221,36,59,15,20,21,39
0.756524780175859,0.783077628124272,1078,213,40,63,16,21,24,42
0.728587439113755,0.7692960240804,1048,243,37,58,19,19,18,39
0.79175242575713,0.819104345952434,1081,210,38,68,17,17,21,51
0.774647537728356,0.827611754760267,1091,200,32,48,18,17,14,31
0.755985932456521,0.811450524153721,1077,214,33,54,17,17,16,37
0.700404367918903,0.748760189613017,1068,223,43,49,19,13,24,36
0.766039426523297,0.81479506441998,1086,205,31,45,17,16,14,29
0.733034650516283,0.753218812395279,1058,233,32,51,14,14,18,37
0.782813914392862,0.807986297996999,1080,211,37,50,21,17,16,33
0.751444027759817,0.814176757202556,1065,226,37,49,19,17,18,32
0.715163430818383,0.761177889677935,1055,236,39,53,19,12,20,41
0.700676213206046,0.78349172127366,1089,202,34,51,13,15,21,36
0.744060995184591,0.806652152450206,1066,225,45,50,22,15,23,35
0.692966446721887,0.75515009714139,1044,247,34,56,16,18,18,38
0.784995527728086,0.839032312059954,1053,238,43,65,28,20,15,45
0.757985257985258,0.818794648170198,1036,255,37,63,23,18,14,45
0.731281224818695,0.786569895063742,1062,229,50,70,28,28,22,42
0.762749003984064,0.787604399381564,1062,229,36,55,18,12,18,43
0.756665150136488,0.796839797582175,1073,218,35,65,17,16,18,49
0.706090767592365,0.746734490993051,1088,203,39,68,15,20,24,48
0.748982015609094,0.793249716403502,1048,243,28,45,15,17,13,28
0.769263029471196,0.822323490343181,1071,220,42,60,24,24,18,36
0.74294674859191,0.79746299283259,1085,206,31,54,16,17,15,37
0.771236559139785,0.799822878437837,1059,232,31,49,13,12,18,37
0.682698366026799,0.737173165345454,1066,225,38,51,14,12,24,39
0.731112873380915,0.775789610971638,1061,230,30,47,16,14,14,33
0.74481854673548,0.776712325372286,1046,245,39,58,21,19,18,39
0.735045928410002,0.791893994498104,1055,236,44,58,23,20,21,38
0.791608952394839,0.832272110714119,1044,247,44,65,27,25,17,40
0.784217372452667,0.850863495593702,1064,227,33,57,18,12,15,45
0.768900834953677,0.820343798275042,1039,252,42,59,22,20,20,39
0.69564580403188,0.721209822938103,1048,243,27,46,11,12,16,34
0.702407573047108,0.748169113797196,1098,193,43,59,15,10,28,49
0.697260624679979,0.745141781691793,1070,221,31,45,11,14,20,31
0.767120407259849,0.820524767973176,1054,237,36,62,17,20,19,42
0.749518234812352,0.807800157791807,1079,212,33,61,14,17,19,44
0.745567760273643,0.800963154276096,1056,235,33,57,17,17,16,40
0.747497725204732,0.782552138427957,1072,219,35,54,18,17,17,37
0.729833939945405,0.790085718953359,1062,229,35,52,12,11,23,41
0.755027852871303,0.784133891205067,1057,234,39,58,21,16,18,42
0.668571261134552,0.718168448460431,1045,246,27,44,11,10,16,34
0.795798543596782,0.827839152710153,1068,223,42,55,23,18,19,37
0.683714815293763,0.725061177701519,1061,230,37,57,15,16,22,41
0.777921646746348,0.824004908954744,1074,217,36,51,19,19,17,32
0.76121351766513,0.79643731860755,1058,233,31,61,17,18,14,43
0.759892667787405,0.802481989643157,1056,235,37,52,19,21,18,31
0.728491810737034,0.78322400641542,1068,223,35,54,14,17,21,37
0.649023981089633,0.682772538774523,1055,236,42,60,15,12,27,48
0.749411449973248,0.79739620534822,1053,238,45,54,24,15,21,39
0.694300575475874,0.765756075524019,1056,235,36,52,15,17,21,35
0.720376359894149,0.777453017201194,1076,215,38,55,18,15,20,40
0.721898544620712,0.776027236040443,1087,204,34,53,13,17,21,36
0.675718849840256,0.724232596012657,1079,212,39,68,16,18,23,50
0.63569756097561,0.674891885270234,1076,215,41,59,12,17,29,42
0.690380925639946,0.730781084775022,1071,220,34,54,14,15,20,39
0.705952548083673,0.743630639246969,1061,230,34,56,15,16,19,40
0.769074098021467,0.820151301317962,1080,211,37,50,22,12,15,38
0.739499478234943,0.797473023762906,1066,225,43,56,25,22,18,34
0.75376713931396,0.791634445891437,1082,209,34,48,16,12,18,36
0.78863287250384,0.814940723977844,1049,242,31,53,18,15,13,38
0.784260745496701,0.823787032912005,1064,227,45,57,24,18,21,39
0.749143665607625,0.76975554893006,1072,219,32,56,11,10,21,46
0.750636583400483,0.795836177438806,1065,226,50,61,30,28,20,33
0.758026113671275,0.802820886299495,1072,219,31,51,15,15,16,36
0.728705189941145,0.77346885812712,1062,229,45,77,22,19,23,58
0.764397291499061,0.826871664940622,1061,230,48,69,27,23,21,46
0.716327519379845,0.751757689445541,1042,249,43,56,19,17,24,39
0.732749507909893,0.774727282682978,1057,234,44,62,19,21,25,41
0.753663125276671,0.791362487269254,1065,226,36,49,17,19,19,30
0.720515713134569,0.755379904486753,1042,249,50,71,23,20,27,51
0.792816547352314,0.845521876591327,1053,238,29,49,16,14,13,35
0.776898481215028,0.826697001188489,1063,228,40,59,19,18,21,41
0.713736100079428,0.752191533885836,1076,215,32,60,12,10,20,50
0.77663772691397,0.826332340705522,1098,193,24,54,11,14,13,40
0.775737733542867,0.814102876024395,1074,217,46,61,25,18,21,43
0.738172118489401,0.79304849768323,1076,215,34,66,18,19,16,47
0.737458997850922,0.784820674933603,1075,216,28,43,12,14,16,29
0.781316005000216,0.826198539273163,1086,205,37,51,21,14,16,37
0.785287061684577,0.816743828377164,1054,237,49,62,29,26,20,36
0.662318016378526,0.709484828746561,1060,231,35,65,12,22,23,43
0.741263547449114,0.790605653366798,1078,213,30,50,12,14,18,36
0.759119079238601,0.805679979935568,1042,249,36,60,20,20,16,40
0.762120303756994,0.784467550599683,1081,210,40,61,18,16,22,45
0.716341429173101,0.749640208245153,1054,237,34,60,10,15,24,45
0.659102717825739,0.699492660350078,1081,210,40,71,13,11,27,60
0.754435131831675,0.795957706399803,1068,223,46,53,21,13,25,40
0.71678599840891,0.751431753784735,1082,209,34,54,11,11,23,43
0.704533034592054,0.756173567006553,1089,202,29,47,11,10,18,37
0.755039367208573,0.798293824125411,1061,230,44,71,23,23,21,48
0.766449052739375,0.807796912042188,1051,240,31,55,17,17,14,38
0.752897681854516,0.786760150754413,1084,207,40,54,15,12,25,42
0.77718726959941,0.827844512741198,1074,217,39,63,24,18,15,45
0.756574482524601,0.778637771930451,1068,223,28,57,14,12,14,45
0.724013120687705,0.780036765313142,1081,210,28,50,12,12,16,38
0.791202967673556,0.804853458824749,1077,214,33,52,17,16,16,36
0.716575412981422,0.75490421194397,1064,227,34,47,18,17,16,30
0.757651270532079,0.779597824074318,1056,235,34,58,14,17,20,41
0.730033886213661,0.792978975481796,1086,205,45,71,22,21,23,50
0.746326164874552,0.795793167702875,1073,218,31,48,15,18,16,30
0.740285776773347,0.781281664824648,1066,225,44,64,22,20,22,44
0.761356097560976,0.79852174007414,1052,239,41,67,22,17,19,50
0.798712195121951,0.850922653553718,1070,221,41,65,25,25,16,40
0.732962109575013,0.791439196494029,1061,230,31,53,15,14,16,39
0.660372502222846,0.704023328909767,1085,206,34,44,12,9,22,35
0.690582347588717,0.726793255333162,1058,233,35,55,13,7,22,48
0.763169544046038,0.804676574252699,1090,201,36,63,17,17,19,46
0.703888098624941,0.745364788939754,1039,252,37,58,17,10,20,48
0.739654726496832,0.779336313302832,1057,234,37,62,15,13,22,49
0.729299046862589,0.760595365245154,1071,220,32,51,10,15,22,36
0.660442754919499,0.718827252041872,1045,246,43,52,19,17,24,35
0.703337330135891,0.750826729801094,1049,242,40,67,20,22,20,45
0.752058432934927,0.779100017997766,1078,213,36,66,14,18,22,48
0.73103943053071,0.773650915655731,1078,213,43,55,21,13,22,42
0.72177921049655,0.759366170715344,1072,219,28,52,11,15,17,37
0.784737916454035,0.826646376571522,1058,233,44,47,27,20,17,27
0.74108521690299,0.796615859177054,1047,244,34,55,16,15,18,40
0.684846329583172,0.746444699931162,1057,234,37,55,15,13,22,42
0.78558827235687,0.838023490633802,1075,216,38,62,21,18,17,44
0.72115980522355,0.753013597913092,1082,209,36,66,11,16,25,50
0.784949092518814,0.829414028574263,1056,235,36,57,22,22,14,35
0.774413902399038,0.826748827441331,1060,231,29,48,17,17,12,31
0.70330548046203,0.758092171217449,1081,210,39,68,18,19,21,49
0.767112537899055,0.803671028074945,1058,233,45,51,22,18,23,33
0.806153023006956,0.830468049837596,1058,233,45,55,29,24,16,31
0.758554670208057,0.782790363726609,1071,220,36,48,21,19,15,29
0.744698494335122,0.781866546891339,1073,218,43,62,17,16,26,46
0.749490925188136,0.793000115256055,1078,213,36,65,17,14,19,51
0.733415233415233,0.769050432711031,1060,231,33,47,15,9,18,38
0.641230664240218,0.683486726906824,1057,234,35,59,14,12,21,47
0.776840131270511,0.805110949616665,1082,209,27,57,14,17,13,40
0.769084874348032,0.814419528985457,1066,225,37,74,22,21,15,53
0.760550750871547,0.798952579842721,1046,245,48,63,28,24,20,39
0.756376541115258,0.824583652275068,1042,249,28,54,13,18,15,36
0.772761790567546,0.801996518428078,1083,208,40,49,19,15,21,34
0.798284690220174,0.840826985028579,1059,232,31,59,18,17,13,42
0.719904076738609,0.7754450779563,1054,237,40,60,21,17,19,43
0.76348000698446,0.797844263991497,1070,221,46,61,24,17,22,44
0.714738510301109,0.778450978207529,1078,213,29,54,12,17,17,37
0.678220121318105,0.714915841740803,1076,215,29,53,9,9,20,44
0.768145444335252,0.811137689639976,1059,232,34,52,21,20,13,32
0.695610463755908,0.742940642739307,1064,227,34,50,16,19,18,31
0.649601593625498,0.685104140339952,1074,217,36,55,11,10,25,45
0.711266382049246,0.762945431502901,1057,234,32,50,14,12,18,38
0.73472149467435,0.791080813191475,1045,246,46,67,28,18,18,49
0.740385702974777,0.790113947539303,1071,220,28,46,8,8,20,38
0.706505914467698,0.757785665390162,1057,234,35,56,13,9,22,47
0.718448589626934,0.744261776871091,1080,211,35,52,14,12,21,40
0.729380449968685,0.770184611487845,1066,225,33,55,16,14,17,41
0.705383737092931,0.754704204522062,1072,219,32,56,12,13,20,43
0.727598788721207,0.767639335631796,1062,229,32,51,13,16,19,35
0.80350251123447,0.839159000931325,1105,186,30,67,18,17,12,50
0.748484476120259,0.777934188275541,1064,227,39,61,19,18,20,43
0.771415770609319,0.810816777001407,1074,217,31,66,17,18,14,48
0.710270030987162,0.750599329226016,1077,214,36,50,16,15,20,35
0.752324037184595,0.785473968901607,1063,228,36,61,17,15,19,46
0.767386091127098,0.793180659287315,1048,243,40,53,19,12,21,41
0.75436018957346,0.792064145585698,1061,230,25,52,14,13,11,39
0.699636650868878,0.732500166043962,1069,222,25,60,9,11,16,49
0.741353746978244,0.793139247684593,1035,256,50,63,29,17,21,46
0.757758587822639,0.808261863416796,1071,220,42,68,22,31,20,37
0.745096484271742,0.772370308745358,1067,224,30,57,11,15,19,42
0.752761008938181,0.803094837018396,1081,210,34,52,15,17,19,35
0.700403242743731,0.755399312777971,1074,217,38,60,16,16,22,44
0.741107008907642,0.772671394531731,1053,238,27,57,13,16,14,41
0.745980487804878,0.791409986686565,1060,231,41,65,19,17,22,48
0.707666060054595,0.748723195894588,1076,215,35,61,12,13,23,48
0.770573541167066,0.822516666467454,1082,209,40,64,24,20,16,44
0.780894274793128,0.811350726628716,1087,204,38,48,20,14,18,34
0.81264650726676,0.851204475087985,1078,213,27,51,17,17,10,34
0.756041772982431,0.790212874166533,1080,211,44,52,21,16,23,36
0.772363203806503,0.826835813136432,1063,228,30,52,14,18,16,34
0.792926189891046,0.822316314440481,1044,247,39,53,23,19,16,34
0.753875968992248,0.813784080359834,1071,220,43,65,22,16,21,49
0.725199203187251,0.749820204413825,1078,213,36,43,13,9,23,34
0.776438848920863,0.830890135854914,1038,253,40,65,24,30,16,35
0.715170955748341,0.765021802337765,1031,260,44,63,21,23,23,40
0.730830039525692,0.778735973916847,1089,202,26,53,11,11,15,42
0.744380440348182,0.785454473100654,1093,198,31,43,13,14,18,29
0.72799135577798,0.763716806497203,1090,201,35,50,11,10,24,40
0.753297362110312,0.800085727822686,1059,232,40,54,22,17,18,37
0.657016378928729,0.706618223985888,1060,231,36,61,15,14,21,47
0.739039841981018,0.798148046513159,1056,235,33,46,18,16,15,30
0.748660421374936,0.784199976608391,1060,231,44,56,20,21,24,35
0.726815050344462,0.786134547438319,1071,220,33,51,16,15,17,36
0.740400363967243,0.768771281946428,1084,207,35,50,14,13,21,37
0.793463342102253,0.82546522030848,1088,203,42,53,21,14,21,39
0.749548452135926,0.807372100784235,1072,219,38,54,16,11,22,43
0.717842173724526,0.777865476689735,1049,242,33,56,15,18,18,38
0.757595599790466,0.809291451752118,1062,229,46,64,25,21,21,43
0.75996015936255,0.801789735896787,1093,198,36,60,15,13,21,47
0.762604878048781,0.83433191184483,1070,221,41,58,23,20,18,38
0.716336958303732,0.794921407118248,1082,209,29,49,17,13,12,36
0.715239878723025,0.746813279361169,1046,245,45,68,18,15,27,53
0.728161802355351,0.78967014647815,1056,235,31,59,16,16,15,43
0.780217884255151,0.812151631875107,1064,227,49,67,29,18,20,49
0.826661329063251,0.858424496953206,1045,246,42,69,28,21,14,48
0.743619199272066,0.773879634168365,1100,191,35,65,14,16,21,49
0.809750552961416,0.834145158006902,1058,233,39,67,24,25,15,42
0.700686772797917,0.751010356762588,1054,237,38,61,18,18,20,43
0.735746341463415,0.774250714699514,1072,219,41,66,17,20,24,46
0.757127047366091,0.782310761034468,1080,211,36,68,15,15,21,53
0.733253588516746,0.775965939499284,1038,253,37,47,19,13,18,34
0.710448345259392,0.765362721023523,1080,211,43,54,20,20,23,34
0.710843588371678,0.751564279722073,1054,237,45,60,20,16,25,44
0.749000337235632,0.784427038287206,1066,225,33,51,18,15,15,36
0.675819344524381,0.714165287247344,1065,226,40,55,14,15,26,40
0.735676481707061,0.789910658752443,1104,187,38,64,16,13,22,51
0.753982284756142,0.796030470862609,1091,200,44,61,23,19,21,42
0.678509849562481,0.735417536289792,1075,216,37,65,14,14,23,51
0.712111903006472,0.761250630463353,1068,223,39,57,16,15,23,42
0.715082926829268,0.773925948025664,1040,251,41,51,19,15,22,36
0.751427622841966,0.788194498249484,1071,220,36,67,15,16,21,51
0.675114177918983,0.743410080776991,1072,219,32,53,12,11,20,42
0.74247042766151,0.782282401276237,1075,216,35,53,17,14,18,39
0.749886890623233,0.809926130191391,1084,207,28,57,15,17,13,40
0.797185266084194,0.834557599543653,1081,210,32,59,19,15,13,44
0.726967799642218,0.759563649077476,1088,203,43,59,16,13,27,46
0.710201838529177,0.773397940174169,1057,234,40,55,18,17,22,38
0.825588957941899,0.865390324316419,1048,243,33,62,21,20,12,42
0.686117936117936,0.720351501662962,1051,240,37,57,13,15,24,42
0.724558587479936,0.783849988394265,1079,212,45,50,22,13,23,37
0.746919431279621,0.777074985646057,1063,228,25,62,13,16,12,46
0.722398030942335,0.766952593438604,1067,224,27,46,12,18,15,28
0.790455800458608,0.850081787916239,1073,218,34,59,22,16,12,43
0.762517326836645,0.796277914181541,1036,255,38,58,22,18,16,40
0.685891594371947,0.731626890416235,1071,220,44,51,16,15,28,36
0.733750670421025,0.799322787158972,1060,231,48,67,24,22,24,45
0.745432756771252,0.795720376181119,1049,242,48,69,27,22,21,47
0.719660837307896,0.78143382686563,1079,212,33,53,15,19,18,34
0.721847690387016,0.758687523282628,1041,250,45,68,20,22,25,46
0.736923161041044,0.772224337296791,1031,260,44,58,25,21,19,37
0.794424801341401,0.835135896734614,1055,236,44,63,27,22,17,41
0.767596281540505,0.817035154495995,1056,235,36,57,16,15,20,42
0.70884224811643,0.768867447322636,1082,209,34,52,16,14,18,38
0.726601619167954,0.771650612738295,1042,249,34,64,20,19,14,45
0.709297685554669,0.754395823362566,1085,206,38,63,17,19,21,44
0.689678974214984,0.751714405913628,1090,201,34,58,13,13,21,45
0.731649873023675,0.767162050819291,1060,231,39,59,17,15,22,44
0.70532276562628,0.747698621823484,1071,220,39,62,15,19,24,43
0.775403119217552,0.811805664008494,1103,188,30,54,10,12,20,42
0.808181387128756,0.850503071151495,1062,229,37,64,22,16,15,48
0.825007898894155,0.846665402193113,1044,247,25,47,15,19,10,28
0.763675158412001,0.818476362040273,1054,237,37,57,14,11,23,46
0.760878048780488,0.799130839201845,1068,223,41,62,23,19,18,43
0.638863744126902,0.688458689584073,1061,230,37,68,13,14,24,54
0.802493159014898,0.835437044367441,1070,221,26,49,15,17,11,32
0.676030485986881,0.718929490335348,1045,246,43,69,16,24,27,45
0.803967843441528,0.852761853567035,1042,249,37,57,27,22,10,35
0.798568444335217,0.827673619120236,1050,241,39,61,22,21,17,40
0.723745897796531,0.780143781398473,1084,207,27,61,14,13,13,48
0.739413721207307,0.789259533690162,1066,225,32,43,16,11,16,32
0.742686533212011,0.801625173707056,1062,229,35,55,18,14,17,41
0.765878070973612,0.814461073301151,1064,227,35,43,17,15,18,28
0.722622120730739,0.776775256787305,1073,218,32,51,16,13,16,38
0.741840635107321,0.798736046710759,1073,218,38,65,19,10,19,55
0.788808081810961,0.813651873594248,1075,216,32,50,17,18,15,32
0.738954527402701,0.79850544688916,1061,230,32,63,15,22,17,41
0.710575899074302,0.760888716054568,1050,241,39,53,19,16,20,37
0.749257503949447,0.798477324965628,1085,206,25,46,12,10,13,36
0.815702409229725,0.855321607197861,1084,207,28,40,17,16,11,24
0.761832886106142,0.802996152773976,1054,237,43,53,21,15,22,38
0.729131734344244,0.779302956174247,1060,231,44,56,20,21,24,35
0.762506434554729,0.813154834446746,1071,220,34,50,20,10,14,40
0.740745940380926,0.785714088539844,1076,215,34,48,13,11,21,37
0.712289829936889,0.752044811153412,1077,214,33,49,14,15,19,34
0.746323945255062,0.790924669306907,1074,217,28,45,13,12,15,33
0.785459789616559,0.838730580141071,1073,218,28,56,17,17,11,39
0.754029268292683,0.812693222414199,1081,210,41,54,23,14,18,40
0.759622985709942,0.794202216911759,1062,229,26,54,12,17,14,37
0.742379435850773,0.797725334113724,1063,228,35,62,18,18,17,44
0.794214000096353,0.837998217278313,1053,238,33,51,21,12,12,39
0.823377322289298,0.849982021225638,1067,224,34,56,23,17,11,39
0.749936748893106,0.795466382940887,1048,243,51,70,26,23,25,47
0.702875123927756,0.752966412257937,1087,204,37,61,17,15,20,46
0.704846557787734,0.726380076588222,1077,214,33,60,11,12,22,48
0.685334145419415,0.727468339433231,1083,208,38,57,16,18,22,39
0.7926435877262,0.820271337773767,1074,217,20,48,10,11,10,37
0.734117073170732,0.774489508738309,1067,224,41,70,21,21,20,49
0.734303912647862,0.808860300193006,1084,207,35,48,15,14,20,34
0.693286001788909,0.747007993272411,1060,231,43,63,19,17,24,46
0.703996802557954,0.770136656277844,1082,209,40,59,18,17,22,42
0.730016408813877,0.793730685316185,1057,234,27,45,12,9,15,36
0.71873616644533,0.785204317772748,1061,230,36,58,21,22,15,36
0.699221949221949,0.737171658694339,1076,215,33,64,13,13,20,51
0.746396649351865,0.79198224883445,1045,246,34,58,15,23,19,35
0.685032801719263,0.725663522718116,1056,235,28,62,11,17,17,45
0.688536585365854,0.731581711148545,1061,230,41,57,15,15,26,42
0.705875299760192,0.735670610512667,1069,222,40,46,15,8,25,38
0.804879435850773,0.846958812036877,1075,216,35,56,18,14,17,42
0.7774468550194,0.823787363797869,1073,218,29,56,15,18,14,38
0.798040863830338,0.847732651004997,1080,211,37,66,20,17,17,49
0.817131707317073,0.859679100803933,1054,237,41,67,23,22,18,45
0.758149376644172,0.815175775878525,1042,249,42,47,25,17,17,30
0.780736758096358,0.814204350096341,1048,243,38,56,24,20,14,36
0.778083107030476,0.805947056116872,1092,199,37,55,19,12,18,43
0.814802025782689,0.858679690774135,1080,211,24,50,15,13,9,37
0.770605339677505,0.799596663412054,1088,203,30,55,14,19,16,36
0.701951219512195,0.744877251369672,1054,237,41,58,17,13,24,45
0.80499512195122,0.841932808584915,1074,217,41,53,24,18,17,35
0.667547308921111,0.714498650690474,1049,242,39,70,14,24,25,46
0.78425350484174,0.817212120254943,1062,229,33,55,16,13,17,42
0.743708290917317,0.795239511051161,1089,202,28,57,13,20,15,37
0.800002732389748,0.838025769410908,1063,228,29,67,18,14,11,53
0.792735811350919,0.82796196937424,1053,238,40,51,26,24,14,27
0.665777528195049,0.711637302605111,1062,229,34,61,14,18,20,43
0.770844709539211,0.811948191681376,1060,231,38,56,20,16,18,40
0.722022116903633,0.741027593164118,1059,232,25,46,10,11,15,35
0.737011776982707,0.793107183865257,1055,236,43,61,22,18,21,43
0.790559599636033,0.827401994229478,1061,230,35,58,22,16,13,42
0.791652369514659,0.83293692205721,1044,247,42,61,24,23,18,38
0.753442811082573,0.793735679122089,1053,238,29,45,13,11,16,34
0.745981264124809,0.793066083017346,1063,228,44,55,23,18,21,37
0.710820346956777,0.7634103800646,1055,236,38,61,19,20,19,41
0.6797363031234,0.719346827685769,1048,243,31,60,13,12,18,48
0.785806375996249,0.835904907767382,1073,218,27,53,14,14,13,39
0.811420982735724,0.853808105385911,1047,244,36,62,23,21,13,41
0.796833160281983,0.837467519007304,1086,205,29,54,14,13,15,41
0.706741083400375,0.742765833253998,1054,237,48,63,20,21,28,42
0.757930401111994,0.797883807600196,1059,232,32,53,14,16,18,37
0.763976981560045,0.826655410474152,1062,229,38,50,21,15,17,35
0.828768849498047,0.850312838332443,1048,243,38,59,24,22,14,37
0.708827146690519,0.741724460190071,1085,206,43,53,15,13,28,40
0.736173225998807,0.782567112070349,1070,221,43,66,21,17,22,49
0.72822045636801,0.766363373774914,1050,241,44,69,22,19,22,50
0.714149671823722,0.768873921930755,1073,218,27,45,10,11,17,34
0.736068292682927,0.782839516511493,1049,242,41,67,21,26,20,41
0.771107237367161,0.804976242241507,1073,218,38,53,18,18,20,35
0.779481346678799,0.820123689899881,1056,235,35,65,20,18,15,47
0.708877641029949,0.768565756242923,1084,207,38,63,17,18,21,45
0.779856115107914,0.820612572254441,1068,223,40,70,25,24,15,46
0.732054794520548,0.774384176597587,1051,240,50,66,24,20,26,46
0.662636320531057,0.70825232287248,1053,238,37,43,11,11,26,32
0.776637892872952,0.808623828319818,1083,208,36,51,15,10,21,41
0.767006311123958,0.818560432554398,1070,221,33,60,18,14,15,46
0.768681198512794,0.831086221379891,1059,232,44,55,25,21,19,34
0.809352291342882,0.839675689371155,1061,230,38,67,22,20,16,47
0.746303055828537,0.796752777126086,1071,220,34,80,15,18,19,62
0.723457907668434,0.759594219256427,1079,212,37,57,17,16,20,41
0.751816860465116,0.814663435211192,1081,210,43,56,24,19,19,37
0.786831240809863,0.801519068612726,1066,225,28,57,15,16,13,41
0.689512478986163,0.731316815901588,1062,229,37,68,14,12,23,56
0.732930298719772,0.774112597623544,1055,236,37,59,15,15,22,44
0.703370834949782,0.751600743229153,1054,237,37,68,17,16,20,52
0.739761414709959,0.803171278878171,1057,234,38,74,19,16,19,58
0.733385365853658,0.776288457544539,1061,230,41,60,21,19,20,41
0.748979368666618,0.804111322801985,1093,198,44,67,21,18,23,49
0.719731598687295,0.786897771295983,1055,236,27,47,13,9,14,38
0.772542343286188,0.811122005251672,1050,241,46,63,25,19,21,44
0.777866242038217,0.834799689214363,1055,236,35,56,21,14,14,42
0.790256914221536,0.831028068846643,1076,215,34,40,21,12,13,28
0.695364780757172,0.744528660900828,1058,233,34,51,14,12,20,39
0.691279620853081,0.74781152104366,1087,204,25,53,11,14,14,39
0.760910480023852,0.803311919456325,1076,215,43,57,23,17,20,40
0.737147406733394,0.777950211422362,1078,213,35,58,16,16,19,42
0.736474894201075,0.791091175402931,1069,222,42,60,17,13,25,47
0.710316346108849,0.756430353890378,1074,217,34,48,15,12,19,36
0.782629042070289,0.817572416133611,1092,199,34,44,17,8,17,36
0.703973621203848,0.754910432562611,1045,246,38,65,17,16,21,49
0.78347414234511,0.832249353996771,1083,208,31,64,18,15,13,49
0.742761478055596,0.801503996792608,1075,216,33,56,16,14,17,42
0.645462594068172,0.704285764292677,1062,229,36,56,17,17,19,39
0.806460418562329,0.847836445473978,1080,211,35,43,22,15,13,28
0.743767060964513,0.779879326033425,1044,247,35,48,16,15,19,33
0.664568345323741,0.70657006232246,1087,204,40,64,16,12,24,52
0.765271377368152,0.800168233639417,1064,227,31,57,16,16,15,41
0.708399523431295,0.793148310489877,1087,204,32,53,15,10,17,43
0.722409756097561,0.765774167586757,1077,214,41,68,16,17,25,51
0.766177058353317,0.817470179114272,1074,217,40,61,22,21,18,40
0.760472570065593,0.806565693126254,1047,244,43,57,22,19,21,38
0.679496402877698,0.707174925585786,1101,190,40,55,12,8,28,47
0.748841780148814,0.779864455682207,1063,228,34,56,17,14,17,42
0.736713625521765,0.777619336204209,1076,215,43,52,19,13,24,39
0.801163098070314,0.819587489565911,1061,230,30,56,17,20,13,36
0.736751457339693,0.794062128898477,1065,226,33,57,17,20,16,37
0.76203832406672,0.816994569571844,1087,204,32,55,15,10,17,45
0.721685366354245,0.769422481087525,1071,220,47,72,23,23,24,49
0.743983614951357,0.783238800511317,1060,231,31,60,13,16,18,44
0.698122763912238,0.743337194279425,1066,225,37,53,13,17,24,36
0.740454488175747,0.79284247793657,1049,242,38,68,17,16,21,52
0.758410138248848,0.81113593506811,1082,209,31,51,18,12,13,39
0.78196981731533,0.841298493175838,1062,229,32,53,21,16,11,37
0.741118160190325,0.776192248321494,1047,244,30,59,15,16,15,43
0.76510243902439,0.808503471783687,1074,217,41,50,15,12,26,38
0.708271893176047,0.741181056574808,1094,197,39,68,14,16,25,52
0.766227018385292,0.803035124578512,1042,249,40,67,23,27,17,40
0.768515007898894,0.819510397252416,1070,221,25,56,13,18,12,38
0.707222474977252,0.743179524320792,1046,245,35,53,18,17,17,36
0.778461672778069,0.811741283600117,1055,236,46,64,25,19,21,45
0.829577045274027,0.867624193131483,1085,206,32,36,21,11,11,25
0.752448657187994,0.79474923539039,1059,232,25,66,12,13,13,53
0.726295321971863,0.762150716875904,1051,240,42,58,19,16,23,42
0.771606455312526,0.821672907233142,1063,228,39,63,24,19,15,44
0.741573173153296,0.789252983515559,1067,224,32,48,14,16,18,32
0.733220810166799,0.775885958863674,1086,205,32,53,8,10,24,43
0.69817562149158,0.76172553466401,1068,223,44,64,17,22,27,42
0.734558040468584,0.783419655224559,1070,221,39,68,18,17,21,51
0.779668271803103,0.828268018621359,1070,221,45,63,27,22,18,41
0.744144858577848,0.794089915950232,1052,239,30,54,16,18,14,36
0.804634146341463,0.824201723720083,1067,224,41,60,24,22,17,38
0.77678625722104,0.793888658190807,1053,238,26,48,13,15,13,33
0.790502729754322,0.829601381201286,1042,249,35,58,22,22,13,36
0.818651539239775,0.855603590537546,1069,222,33,42,22,13,11,29
0.715821812596006,0.767199963165905,1074,217,31,51,11,11,20,40
0.718909952606635,0.750584064979569,1042,249,25,61,10,14,15,47
0.738920291635947,0.774032444691862,1070,221,39,54,19,18,20,36
0.719918054454137,0.751313040898144,1067,224,30,57,12,12,18,45
0.729966717869944,0.789745229941933,1071,220,31,67,15,16,16,51
0.775819252432156,0.819600455368517,1066,225,31,49,15,14,16,35
0.683931350864258,0.724555381499853,1073,218,39,51,15,11,24,40
0.709714512291832,0.756743413163406,1087,204,30,61,12,13,18,48
0.631794564348521,0.658833454380699,1081,210,40,66,11,12,29,54
0.67865833684309,0.723027600750688,1033,258,34,59,17,19,17,40
0.673671278934437,0.725866530711691,1081,210,37,51,14,13,23,38
0.784915891987605,0.822390898258713,1057,234,36,56,19,12,17,44
0.771739575653314,0.81226820060796,1073,218,39,49,17,16,22,33
0.823728298001778,0.856281466510888,1048,243,34,55,21,16,13,39
0.730054921231392,0.767952396515369,1080,211,33,41,14,12,19,29
0.71049481245012,0.762714080173372,1071,220,38,55,15,14,23,41
0.741595576619273,0.76800182964942,1060,231,25,48,14,16,11,32
0.776819836214741,0.831034692521947,1061,230,35,70,21,23,14,47
0.747365853658537,0.781796187524034,1049,242,41,60,19,16,22,44
0.732128514056225,0.785680493782647,1098,193,46,55,18,16,28,39
0.752593774940144,0.808804885002193,1044,247,38,54,21,19,17,35
0.724280575539568,0.763846560948698,1079,212,40,50,13,17,27,33
0.745816733067729,0.796034439113272,1075,216,36,75,14,16,22,59
0.772738049053838,0.806864113092916,1089,202,37,56,17,10,20,46
0.750312202175556,0.785477962695919,1064,227,49,64,23,21,26,43
0.780163785259327,0.818103425074093,1049,242,35,56,20,16,15,40
0.775511828935396,0.808893734120914,1066,225,35,55,17,15,18,40
0.785783109312521,0.824862884077145,1055,236,33,55,14,14,19,41
0.737113284804368,0.779660387724156,1079,212,35,56,14,13,21,43
0.737481866254855,0.783830683358826,1083,208,34,65,12,13,22,52
0.746227164416203,0.775801349933441,1075,216,32,63,13,16,19,47
0.673906365200295,0.718315294061373,1076,215,39,62,15,14,24,48
0.712519936204147,0.770230496722215,1067,224,37,51,17,11,20,40
0.755757093992388,0.793638971025126,1055,236,33,48,17,11,16,37
0.732385466034755,0.800196039636665,1081,210,25,35,12,9,13,26
0.764785567270131,0.833394980864689,1080,211,38,65,21,21,17,44
0.741766268260292,0.770732337236145,1070,221,36,65,13,13,23,52
0.700699527946911,0.729412055074724,1058,233,47,59,20,20,27,39
0.820628596724214,0.85156325809182,1084,207,36,63,18,15,18,48
0.683420993100328,0.718219201184293,1067,224,28,69,11,15,17,54
0.765434485896269,0.81596392364994,1082,209,35,69,18,20,17,49
0.800392875851231,0.837995808477123,1079,212,46,78,26,29,20,49
0.729796290665856,0.74630177964498,1064,227,26,50,10,13,16,37
0.69878645014842,0.740582596163717,1072,219,46,54,15,11,31,43
0.706984635327309,0.75623783588593,1086,205,42,62,18,13,24,49
0.7417130048709,0.776969179672616,1049,242,37,52,13,13,24,39
0.764478000226219,0.823221254935934,1058,233,28,52,15,13,13,39
0.717049830340463,0.763538188715814,1061,230,42,65,21,20,21,45
0.747250859106529,0.791399219479546,1073,218,30,52,12,13,18,39
0.770576846703733,0.826708175273555,1069,222,32,59,16,13,16,46
0.703110919963955,0.740662988153207,1069,222,39,62,16,18,23,44
0.721216431742748,0.753921292522899,1095,196,37,46,15,12,22,34
0.741843736166445,0.7793836494524,1083,208,36,56,15,12,21,44
0.687403993855607,0.727645431074283,1061,230,31,47,12,14,19,33
0.708948270721527,0.766495888484149,1067,224,43,61,20,14,23,47
0.750314537344161,0.7810700846163,1046,245,42,61,20,24,22,37
0.771374420890074,0.810540396664932,1061,230,34,68,20,19,14,49
0.722051231135822,0.779911346191164,1078,213,32,53,16,13,16,40
0.706595838866755,0.768371246483206,1067,224,36,66,17,20,19,46
0.770866072987603,0.79713380656643,1066,225,46,55,26,20,20,35
0.70348557113263,0.769955796840587,1050,241,33,58,19,13,14,45
0.697458438804132,0.736762045130884,1065,226,47,58,19,20,28,38
0.735151961989023,0.776372856345091,1077,214,39,66,15,13,24,53
0.67024567788899,0.734896012087242,1092,199,35,50,14,16,21,34
0.728468292682927,0.773337117373358,1044,247,41,52,21,14,20,38
0.72984511517077,0.767854940268717,1089,202,32,50,12,13,20,37
0.782931924305726,0.816497924593287,1054,237,39,54,21,19,18,35
0.740991623379662,0.798251261265523,1065,226,34,49,15,12,19,37
0.717487916769067,0.76515634593535,1080,211,39,54,18,14,21,40
0.686800559552358,0.742957779598022,1047,244,40,67,16,15,24,52
0.75810145911096,0.803423513717156,1064,227,28,50,14,13,14,37
0.780759046778464,0.82618768611717,1057,234,55,60,30,19,25,41
0.766080113667414,0.814224521299338,1069,222,29,44,16,15,13,29
0.756573696811862,0.800380670100019,1060,231,38,62,19,19,19,43
0.72902335158407,0.769294674598573,1052,239,34,45,17,22,17,23
0.760428231562252,0.782205320683347,1065,226,30,60,13,13,17,47
0.726756795835743,0.760881804981927,1067,224,56,69,26,21,30,48
0.698704051645228,0.731045032136041,1068,223,33,37,12,10,21,27
0.760111910471623,0.810827866227955,1066,225,40,76,24,26,16,50
0.723063302346171,0.765212911188733,1059,232,36,57,16,14,20,43
0.698096502877379,0.730051473278644,1083,208,36,47,15,11,21,36
0.738254689932006,0.794016802017624,1077,214,39,62,20,16,19,46
0.743883964544722,0.779348043820262,1037,254,50,66,26,19,24,47
0.713396524486572,0.764435708196355,1061,230,25,45,12,13,13,32
0.779751739405439,0.818026692016448,1045,246,51,58,30,22,21,36
0.671623012695871,0.689308009596046,1040,251,42,65,17,20,25,45
0.771041094570506,0.801050745011238,1070,221,33,66,18,22,15,44
0.732185748598879,0.775585034106039,1056,235,42,59,17,21,25,38
0.699605158146764,0.735042834670298,1080,211,38,59,13,15,25,44
0.766864951075477,0.805608833489923,1058,233,37,69,21,25,16,44
0.810960778352083,0.838004952982419,1075,216,26,54,18,17,8,37
0.74932326813832,0.797397767603325,1073,218,42,53,25,17,17,36
0.631849875988582,0.689548741117398,1060,231,34,55,10,8,24,47
0.733336585365854,0.776825589654036,1053,238,41,47,18,16,23,31
0.696575609756098,0.731440107017081,1066,225,41,67,16,18,25,49
0.732245222929936,0.775042221423019,1068,223,35,57,17,18,18,39
0.750987618634677,0.793127517746423,1073,218,33,75,17,21,16,54
0.753387290167866,0.800130141705305,1046,245,40,45,20,15,20,30
0.772875166002656,0.803728814618443,1073,218,36,64,21,24,15,40
0.700618050039714,0.739299750318399,1081,210,32,55,14,8,18,47
0.758988764044944,0.796125705778165,1061,230,45,65,27,16,18,49
0.699351265140739,0.750874018868374,1088,203,37,66,15,12,22,54
0.829629268292683,0.851656331507049,1077,214,41,60,24,14,17,46
0.705097485049562,0.762362821404848,1069,222,39,57,16,16,23,41
0.759102717825739,0.795387381872954,1088,203,40,46,20,12,20,34
0.761981013382134,0.796802375542643,1053,238,42,44,21,14,21,30
0.761294748914557,0.791055563070288,1077,214,39,57,16,16,23,41
0.694144858577848,0.734581326751196,1066,225,30,43,12,9,18,34
0.784355954055321,0.849484700560169,1067,224,27,53,17,17,10,36
0.788072417465389,0.827715271528986,1059,232,39,45,22,19,17,26
0.784108975285446,0.823188332023316,1064,227,33,66,18,19,15,47
0.692697907188353,0.753735798791477,1072,219,35,67,14,16,21,51
0.747330161247687,0.807833707069695,1073,218,30,54,17,16,13,38
0.74147494398601,0.780736045460111,1078,213,29,52,14,10,15,42
0.738705641492266,0.78994571502908,1049,242,35,50,16,19,19,31
0.720363709032774,0.775404980354223,1042,249,40,65,20,16,20,49
0.763719270420301,0.802159031874898,1060,231,30,66,16,16,14,50
0.752392390102558,0.794679726027988,1036,255,42,68,20,23,22,45
0.659927932987037,0.70708942611415,1078,213,34,42,14,15,20,27
0.726130498894077,0.776140226517153,1057,234,39,65,19,19,20,46
0.798935298935299,0.826313009637907,1081,210,37,53,17,19,20,34
0.760303231518371,0.80922145622761,1049,242,36,58,21,18,15,40
0.766129522651262,0.804267127038974,1063,228,26,53,14,17,12,36
0.744275643477786,0.805245516463396,1070,221,29,53,17,15,12,38
0.729068969461283,0.758020352773524,1089,202,42,64,17,20,25,44
0.697138663311602,0.7466482945853,1050,241,42,56,17,11,25,45
0.764900153609831,0.798423718728178,1085,206,31,47,17,13,14,34
0.738660145586897,0.789474029001828,1069,222,35,59,17,17,18,42
0.730825026908138,0.777623232580887,1052,239,34,59,16,15,18,44
0.69940714476343,0.752945706818473,1074,217,42,56,17,13,25,43
0.736734043979619,0.788354656656188,1072,219,48,59,24,22,24,37
0.774076933876176,0.825984418860671,1076,215,34,58,20,18,14,40
0.699161728573493,0.758058959324198,1058,233,33,42,15,14,18,28
0.825270552025417,0.864604406407422,1063,228,32,44,22,16,10,28
0.729277124013966,0.7849055234999,1053,238,37,67,20,16,17,51
0.760393626607684,0.795381753850497,1067,224,39,52,21,17,18,35
0.749247454625941,0.801271649149668,1069,222,36,57,18,15,18,42
0.737488882807689,0.783556954073783,1060,231,47,71,25,24,22,47
0.737048996209462,0.765720586264048,1078,213,34,52,16,13,18,39
0.782994497416726,0.834280727938534,1069,222,38,69,21,23,17,46
0.751459654723401,0.790844698129349,1049,242,38,54,19,12,19,42
0.695851862652183,0.756728388950941,1086,205,44,50,19,12,25,38
0.744296305398542,0.777248456789375,1067,224,39,64,14,11,25,53
0.679989078842357,0.718989216132104,1072,219,38,63,15,25,23,38
0.7209793525583,0.775859542177096,1075,216,37,60,14,18,23,42
0.668772339158062,0.713703967408454,1066,225,32,50,8,5,24,45
0.735463593504453,0.77729666796975,1074,217,46,63,22,13,24,50
0.80563236047107,0.829952784869895,1094,197,31,61,17,18,14,43
0.746138643964731,0.803732364841017,1075,216,26,65,11,15,15,50
0.750669464428457,0.775840157680307,1073,218,40,66,20,21,20,45
0.835804916732752,0.880296993070527,1071,220,30,59,19,16,11,43
0.656542426645519,0.697452023493588,1036,255,30,46,13,13,17,33
0.735196933650542,0.787900253455196,1087,204,30,48,14,12,16,36
0.737045570916539,0.779446157343018,1062,229,31,53,13,15,18,38
0.798136399682791,0.834699241444061,1059,232,30,53,18,19,12,34
0.744905956112853,0.78482317379886,1059,232,44,59,24,22,20,37
0.780444887118194,0.815348389212798,1081,210,36,51,20,18,16,33
0.768575407553043,0.80625774758681,1044,247,39,58,21,14,18,44
0.726486055433424,0.778253013664444,1054,237,37,61,19,18,18,43
0.72380275011854,0.784803915522969,1055,236,37,68,20,19,17,49
0.695223820943245,0.735987670893757,1059,232,40,52,19,15,21,37
0.682486314065262,0.727718772450792,1082,209,37,54,13,10,24,44
0.778078151880069,0.802814134953302,1069,222,39,62,18,20,21,42
0.722854474055435,0.772038354653338,1047,244,42,61,24,22,18,39
0.743934326543022,0.789222660516101,1071,220,26,52,9,10,17,42
0.767931707317073,0.804235925417985,1066,225,41,69,21,19,20,50
0.792307945277559,0.83079729954186,1071,220,24,56,15,17,9,39
0.702600175378398,0.775688721257561,1066,225,42,60,19,20,23,40
0.733925056499235,0.783022671859377,1066,225,44,56,22,15,22,41
0.759762190247802,0.806914489190729,1060,231,40,63,21,23,19,40
0.691214768765489,0.728182219624717,1074,217,38,65,14,21,24,44
0.699806000327887,0.729419802719232,1062,229,29,65,10,15,19,50
0.743141463414634,0.791452991850397,1071,220,41,66,20,20,21,46
0.640485241502683,0.674462957272308,1084,207,43,59,15,14,28,45
0.724413870560157,0.764580203549848,1085,206,34,62,13,19,21,43
0.717268292682927,0.761609411048886,1069,222,41,49,18,17,23,32
0.724663872882836,0.764032561116928,1054,237,46,54,23,18,23,36
0.759372156505914,0.802740811997681,1081,210,35,61,19,21,16,40
0.756279665644558,0.781373292626939,1043,248,38,67,17,18,21,49
0.746088309986073,0.770192623888005,1073,218,39,57,15,14,24,43
0.774870929308975,0.821597990615252,1050,241,32,61,20,23,12,38
0.718612998024763,0.76942051853318,1093,198,33,53,14,15,19,38
0.699930055955236,0.753230124459484,1077,214,40,68,20,21,20,47
0.694091149973503,0.734006940604119,1076,215,33,61,13,13,20,48
0.777468856416225,0.81204823491589,1069,222,37,53,21,16,16,37
0.746792538671519,0.792652237368183,1080,211,35,62,17,15,18,47
0.687443424285529,0.721859762160306,1067,224,37,59,12,17,25,42
0.703080568720379,0.717416090854287,1067,224,25,55,7,10,18,45
0.738879321208048,0.766125613197542,1056,235,38,71,17,18,21,53
0.734650662174177,0.779195340517756,1035,256,34,53,17,20,17,33
0.708992805755396,0.749858332147219,1057,234,40,57,17,21,23,36
0.76309139407553,0.812921792895154,1076,215,34,52,19,13,15,39
0.667529880478088,0.712916363188419,1089,202,36,55,10,10,26,45
0.757248807394156,0.804397862100458,1049,242,43,66,25,22,18,44
0.734772140587768,0.780159041161293,1071,220,32,63,15,13,17,50
0.722969618745036,0.771383200589046,1060,231,32,54,14,14,18,40
0.798805732484076,0.839794610297153,1050,241,35,62,18,20,17,42
0.765981094108288,0.788052171756408,1063,228,34,48,15,18,19,30
0.789647309212527,0.832982640090554,1075,216,26,49,14,10,12,39
0.599562481141429,0.647029871759132,1066,225,37,57,11,12,26,45
0.646223664066487,0.697317261953962,1060,231,44,72,13,14,31,58
0.662887804878049,0.725068813876412,1091,200,41,63,14,14,27,49
0.781185051958433,0.825801349699242,1088,203,40,51,21,13,19,38
0.761393074279672,0.787601540855228,1062,229,30,70,15,17,15,53
0.701882926829268,0.769264386514835,1060,231,41,60,21,15,20,45
0.761526232114467,0.808015197300936,1045,246,33,60,20,17,13,43
0.736974686655198,0.800525630569943,1073,218,39,56,20,20,19,36
0.696700663553699,0.742903075463645,1071,220,39,60,14,18,25,42
0.833909370199693,0.862769687295715,1045,246,31,51,22,15,9,36
0.713141942125129,0.745899541143729,1069,222,42,60,14,12,28,48
0.732126511538276,0.809408652968385,1087,204,33,67,17,16,16,51
0.715475689082316,0.749968014774894,1051,240,34,58,14,23,20,35
0.810429936305732,0.839209823065227,1091,200,35,61,19,19,16,42
0.795451527224436,0.830658141347615,1062,229,36,52,23,19,13,33
0.753007217321572,0.797097868939975,1086,205,44,64,18,14,26,50
0.741267766157147,0.772767392475139,1072,219,48,57,21,16,27,41
0.706461780929866,0.751427313706596,1078,213,22,51,11,14,11,37
0.73536169244768,0.780268091581279,1055,236,35,50,17,10,18,40
0.739266778740463,0.777356364246535,1058,233,37,64,14,18,23,46
0.803902213634645,0.843280458363809,1091,200,38,60,21,20,17,40
0.763663349048367,0.806091891695485,1045,246,46,51,25,17,21,34
0.695945945945946,0.726635960205234,1058,233,33,58,12,14,21,44
0.789532117367169,0.822283546967896,1066,225,30,53,19,18,11,35
0.702507993605116,0.758360630473665,1084,207,40,63,16,14,24,49
0.740007930214116,0.758310430041848,1069,222,30,51,13,15,17,36
0.691483816521048,0.742546456526175,1065,226,32,55,14,16,18,39
0.684330711886622,0.726884752408541,1067,224,39,58,16,15,23,43
0.819238979348689,0.858184831386751,1079,212,32,62,19,15,13,47
0.668950192512493,0.727122026248359,1070,221,39,61,12,12,27,49
0.724822930500221,0.767597980315846,1062,229,36,68,13,16,23,52
0.801801801801802,0.8321102895325,1054,237,37,66,19,19,18,47
0.739641995172969,0.773054489445636,1085,206,48,62,24,20,24,42
0.748339973439575,0.794478226385092,1054,237,36,63,18,15,18,48
0.745673323092678,0.778640820919202,1063,228,31,59,14,17,17,42
0.649050759392486,0.691785050387243,1063,228,40,55,14,14,26,41
0.753519256308101,0.795379380733671,1051,240,36,48,19,10,17,38
0.747208931419458,0.783878140845233,1056,235,37,60,17,11,20,49
0.707252534287418,0.765238954833818,1056,235,43,63,19,18,24,45
0.697565543071161,0.73540242364586,1038,253,45,58,19,14,26,44
0.781105115907274,0.814949197988271,1060,231,40,45,23,14,17,31
0.807770097286226,0.850820717715387,1049,242,31,46,20,16,11,30
0.777683519963805,0.828941502571547,1055,236,28,55,17,15,11,40
0.731490015360983,0.785135986633386,1086,205,31,52,15,20,16,32
0.738189837428009,0.783540146158025,1081,210,44,64,22,25,22,39
0.817435082140965,0.851733226331513,1088,203,33,47,18,12,15,35
0.724312783560181,0.771337225488019,1059,232,42,68,22,19,20,49
0.728905545998198,0.77920390324337,1081,210,39,56,17,15,22,41
0.731318947525343,0.788636428868471,1068,223,43,56,24,18,19,38
0.723664646002516,0.770834903731465,1060,231,42,71,19,20,23,51
0.750372319301032,0.788371211795114,1055,236,32,54,16,19,16,35
0.76510333863275,0.792806511236542,1055,236,33,46,14,12,19,34
0.774448780487805,0.814366853854009,1066,225,41,59,23,21,18,38
0.711365648517043,0.758976399919521,1034,257,36,55,17,17,19,38
0.709976723134618,0.731918464572919,1047,244,37,62,15,20,22,42
0.723334971737528,0.750701598198604,1063,228,39,62,17,18,22,44
0.749418450964843,0.783589292705051,1069,222,30,56,14,13,16,43
0.713490482514387,0.753711586794276,1043,248,36,52,14,12,22,40
0.749723519292209,0.80224416290484,1046,245,39,60,22,18,17,42
0.704968329374505,0.746033775998356,1069,222,28,39,11,13,17,26
0.708428116469518,0.758308331320596,1082,209,35,66,16,14,19,52
0.758463913988334,0.803186440913592,1039,252,42,54,21,15,21,39
0.741310282074613,0.780652338657364,1075,216,35,57,14,19,21,38
0.713872039503764,0.750139920984107,1035,256,53,69,26,21,27,48
0.742628992628993,0.789001220653862,1044,247,37,66,15,18,22,48
0.757323693200431,0.798371662471342,1082,209,34,69,18,25,16,44
0.751102646351243,0.807334654814084,1066,225,44,59,24,14,20,45
0.689526424820542,0.748660240363474,1084,207,33,47,14,13,19,34
0.713576016207595,0.741342724342839,1067,224,37,63,16,18,21,45
0.694381255686988,0.754827841296032,1069,222,35,56,18,16,17,40
0.726099120703437,0.799051231895021,1075,216,40,54,20,17,20,37
0.730121392867644,0.761142295846658,1064,227,38,47,17,14,21,33
0.760474589421958,0.802609758420148,1051,240,37,51,17,16,20,35
0.829621095750128,0.881971777283525,1071,220,31,55,19,17,12,38
0.796338204232941,0.837997421108693,1055,236,37,55,22,19,15,36
0.741645002394472,0.796968189921917,1070,221,47,71,27,22,20,49
0.808938145353455,0.855123077447606,1077,214,32,55,22,20,10,35
0.739839250564992,0.79754034720656,1056,235,44,66,24,23,20,43
0.720008820935019,0.774278914366545,1072,219,38,58,16,11,22,47
0.739719384456226,0.797107877779749,1054,237,37,64,18,17,19,47
0.724752718727799,0.774960165598946,1069,222,29,54,12,8,17,46
0.743581042868454,0.814668787700091,1075,216,28,57,15,21,13,36
0.70095630389748,0.751432071739407,1077,214,33,48,16,10,17,38
0.782385466034755,0.791179676365665,1057,234,25,55,10,12,15,43
0.731784360522252,0.785812601485529,1049,242,34,47,16,15,18,32
0.770679770679771,0.820739370348782,1054,237,37,52,25,21,12,31
0.739019100386382,0.785536066061592,1059,232,44,58,23,19,21,39
0.746377115974293,0.769106190170564,1065,226,38,62,17,14,21,48
0.810239665502824,0.850029974232242,1054,237,37,58,29,20,8,38
0.768851767275616,0.815024278763323,1067,224,32,62,15,20,17,42
0.689385365853659,0.729075225814868,1056,235,41,53,17,16,24,37
0.742761478055596,0.803413404120598,1057,234,33,62,15,12,18,50
0.731210191082802,0.774525947980291,1050,241,35,45,18,15,17,30
0.73839031858278,0.789392440737164,1088,203,44,61,21,25,23,36
0.710388580491673,0.741723864503266,1077,214,30,51,12,16,18,35
0.746994371277119,0.785244792987771,1086,205,29,49,13,14,16,35
0.664209060375195,0.689585275429743,1071,220,39,63,12,18,27,45
0.739459029435163,0.810732523536538,1069,222,34,61,16,9,18,52
0.761339417454506,0.797219949290073,1047,244,29,47,12,14,17,33
0.745916742493176,0.797097466593545,1053,238,35,61,18,20,17,41
0.695439035486806,0.730475427477334,1057,234,35,57,13,14,22,43
0.757411674347158,0.783382776544853,1071,220,31,47,13,8,18,39
0.778099392016918,0.815173059068227,1062,229,30,50,16,15,14,35
0.767718016821602,0.812298892416612,1077,214,36,67,17,22,19,45
0.725724179886752,0.777518573953688,1076,215,34,70,16,19,18,51
0.724610974610975,0.767763646098922,1062,229,33,56,14,14,19,42
0.692689698867024,0.738845160808914,1069,222,43,64,17,16,26,48
0.698261015667661,0.752616856302812,1058,233,38,61,18,14,20,47
0.700727465433348,0.747324892809619,1079,212,33,55,16,16,17,39
0.747366091190792,0.797438508008849,1064,227,36,68,20,21,16,47
0.759598017389843,0.787810545090755,1079,212,38,49,19,14,19,35
0.779747766089809,0.856788015561186,1051,240,28,66,15,20,13,46
0.801203277009729,0.833971327924278,1068,223,31,61,16,14,15,47
0.747766084193805,0.7690848855506,1056,235,32,46,15,12,17,34
0.713858912869704,0.750010939885473,1051,240,40,57,18,15,22,42
0.715362766403599,0.786597283944362,1051,240,42,57,17,14,25,43
0.700245726046961,0.743817071904447,1053,238,38,56,16,15,22,41
0.64112813059034,0.674815423100837,1060,231,43,76,11,13,32,63
0.816537761601456,0.86133594997992,1064,227,35,48,20,15,15,33
0.756670554786032,0.793256639248479,1056,235,44,68,21,20,23,48
0.739029455161484,0.776258681651712,1065,226,29,54,13,9,16,45
0.747964542082189,0.773830924268568,1063,228,33,52,17,15,16,37
0.730556097560976,0.762283083126248,1083,208,41,47,17,8,24,39
0.766957364341085,0.796262118631271,1045,246,43,65,24,24,19,41
0.769101372288623,0.791725733055106,1073,218,36,53,20,19,16,34
0.772565320665083,0.812889231964727,1069,222,28,53,16,18,12,35
0.67931387608807,0.735926134386191,1059,232,31,64,13,19,18,45
0.775750349279761,0.819421763306175,1057,234,33,55,20,21,13,34
0.785402833111996,0.834272924599664,1078,213,36,54,22,16,14,38
0.754919499105546,0.80440990268942,1076,215,43,62,19,19,24,43
0.792677931387609,0.837022544326303,1063,228,31,56,17,14,14,42
0.703876898481215,0.725901972760852,1089,202,40,53,13,12,27,41
0.721216431742748,0.743796570214935,1061,230,37,62,16,18,21,44
0.694050069307347,0.727190750677799,1082,209,38,57,15,12,23,45
0.781833268675374,0.832049172791513,1080,211,37,50,19,16,18,34
0.745083932853717,0.785893727220878,1092,199,40,65,14,14,26,51
0.742227820103219,0.807084875740637,1064,227,39,49,23,12,16,37
0.760441310282075,0.810751756590133,1062,229,35,65,20,21,15,44
0.783708286464192,0.82616061721592,1072,219,21,46,12,10,9,36
0.736570743405276,0.789677122428202,1087,204,40,64,21,21,19,43
0.729083257506824,0.766805672932989,1069,222,35,45,15,8,20,37
0.748087327176348,0.804555002812447,1082,209,29,46,14,13,15,33
0.709847532652057,0.765822439382723,1064,227,29,51,13,14,16,37
0.76468253968254,0.811278651400793,1050,241,31,57,17,18,14,39
0.739794818742187,0.812719553576898,1064,227,37,55,22,13,15,42
0.691124391323594,0.74477351379789,1054,237,36,54,15,13,21,41
0.784938330170778,0.820871525188741,1067,224,51,64,28,23,23,41
0.710751046261735,0.751149054013236,1069,222,28,44,11,13,17,31
0.777937666713463,0.814701709296018,1076,215,34,53,17,19,17,34
0.7212656529517,0.754739808654778,1072,219,43,63,16,16,27,47
0.716876936697654,0.759535385519928,1060,231,36,60,15,13,21,47
0.809962030375699,0.849321401582351,1055,236,40,52,24,17,16,35
0.710978921505237,0.751299484937511,1073,218,37,75,15,12,22,63
0.814755018952688,0.851516795867264,1044,247,34,63,19,20,15,43
0.716413902053712,0.771867398536245,1043,248,25,56,8,10,17,46
0.723417441345728,0.769811606603705,1053,238,36,58,17,19,19,39
0.706966324613383,0.731797868146956,1079,212,33,64,13,19,20,45
0.716105550500455,0.758283671452678,1046,245,35,62,14,15,21,47
0.785518138459315,0.818822715778313,1069,222,33,43,18,13,15,30
0.684976247030879,0.748456304691344,1067,224,28,51,11,12,17,39
0.742939353696326,0.800404666263342,1077,214,36,60,20,22,16,38
0.726938630526258,0.762329762589788,1052,239,29,52,14,16,15,36
0.776146341463415,0.811152249880333,1063,228,41,64,24,25,17,39
0.729286845379482,0.77679918631553,1086,205,28,53,14,13,14,40
0.743017377567141,0.804257009395231,1090,201,25,47,13,14,12,33
0.768586297609516,0.81201163658249,1083,208,42,56,20,17,22,39
0.717174704276615,0.750409338994539,1061,230,35,53,12,10,23,43
0.814006270766063,0.855746002900837,1063,228,34,61,21,20,13,41
0.808881754949171,0.840666140212806,1053,238,45,53,27,22,18,31
0.733511586452763,0.775454615651805,1054,237,33,51,16,20,17,31
0.701794963921075,0.744131850132209,1066,225,54,62,22,17,32,45
0.70668202764977,0.761634501696397,1075,216,31,55,11,12,20,43
0.772017876362956,0.831284481782897,1045,246,34,53,16,16,18,37
0.753365853658537,0.788957018181472,1068,223,41,68,18,20,23,48
0.749116341221604,0.784896836926111,1059,232,37,60,19,14,18,46
0.734492866071813,0.761526964089528,1079,212,37,46,15,8,22,38
0.765715040972773,0.797083540731538,1097,194,30,51,15,16,15,35
0.716986155484558,0.757618081565503,1078,213,39,53,14,16,25,37
0.705146082337317,0.766534445628904,1077,214,36,55,17,17,19,38
0.710924704010483,0.744625448242245,1071,220,34,45,8,9,26,36
0.758528709813281,0.803183301062206,1073,218,34,54,15,9,19,45
0.770420902443374,0.813869240460239,1052,239,45,62,25,21,20,41
0.709070615220775,0.753731265792059,1071,220,39,53,19,12,20,41
0.732229837492995,0.786830152296437,1055,236,37,69,19,21,18,48
0.79691259021652,0.840381025551578,1066,225,44,67,27,24,17,43
0.757526419267633,0.801670747047911,1071,220,39,62,18,18,21,44
0.779219058630823,0.834649891841316,1034,257,33,46,19,12,14,34
0.749088025376685,0.823724067781251,1059,232,30,51,16,11,14,40
0.755007253498058,0.795962138282793,1070,221,34,57,15,15,19,42
0.778313672483002,0.822368708295227,1069,222,39,52,22,15,17,37
0.782218030182685,0.824939564699669,1072,219,32,55,19,19,13,36
0.754946024278574,0.793382247579348,1075,216,38,62,13,15,25,47
0.739477726574501,0.798580757794728,1071,220,31,52,14,13,17,39
0.665182509345991,0.703822845236936,1070,221,38,71,13,9,25,62
0.677960544292038,0.742400061061926,1084,207,29,52,11,10,18,42
0.709856915739269,0.752392377636318,1053,238,33,47,15,13,18,34
0.73430243902439,0.803875491185521,1073,218,41,75,21,24,20,51
0.767482926829269,0.800435937106692,1053,238,41,59,22,15,19,44
0.728312823256643,0.752793480226049,1046,245,45,85,20,25,25,60
0.759139843707306,0.819136620916169,1064,227,29,50,17,15,12,35
0.781777803194937,0.810129824416136,1091,200,42,68,19,18,23,50
0.760916418811156,0.812625645820852,1062,229,37,61,21,21,16,40
0.750023398380832,0.830346985961581,1043,248,34,38,23,16,11,22
0.712649402390438,0.759034091124021,1044,247,36,58,13,14,23,44
0.688733923158843,0.730704389477686,1070,221,39,66,19,19,20,47
0.807290718835305,0.856155592011494,1050,241,35,57,22,20,13,37
0.861372206131483,0.867192205162457,1063,228,29,61,16,16,13,45
0.826205641492266,0.855253082129624,1049,242,35,58,23,19,12,39
0.660380699424524,0.708170530397713,1052,239,36,58,16,17,20,41
0.746074544012688,0.792010497414235,1076,215,30,49,12,16,18,33
0.708563748079877,0.749189505002037,1062,229,31,60,11,10,20,50
0.778126829268293,0.805330182843097,1078,213,41,54,23,17,18,37
0.759394421159127,0.817552744033688,1056,235,33,52,19,10,14,42
0.691904823483771,0.718359976248945,1072,219,37,54,10,10,27,44
0.703766986410871,0.763727629738846,1081,210,40,51,16,6,24,45
0.811987078749782,0.830075085965867,1063,228,46,60,26,20,20,40
0.824644549763033,0.842468629097707,1068,223,25,50,13,11,12,39
0.771369863013699,0.795285448681683,1068,223,50,58,24,18,26,40
0.793871964060087,0.838327938577703,1069,222,34,54,21,19,13,35
0.783448540706605,0.794649366369747,1094,197,31,49,13,10,18,39
0.799143921484347,0.841248799822349,1053,238,22,52,14,15,8,37
0.780372894947875,0.843451058035684,1068,223,44,60,29,16,15,44
0.670340212457298,0.726978769561478,1076,215,34,57,15,18,19,39
0.771485539654144,0.816453916996887,1053,238,43,69,24,26,19,43
0.715895552025417,0.749788718234079,1047,244,32,66,15,21,17,45
0.715662186250422,0.776707769145115,1080,211,33,45,14,15,19,30
0.78569756097561,0.819057751254716,1079,212,41,53,25,22,16,31
0.744716146473335,0.814058396518411,1047,244,39,62,23,21,16,41
0.697222222222222,0.740535131846009,1059,232,40,58,18,15,22,43
0.706125099920064,0.750236333837906,1109,182,40,69,15,21,25,48
0.717931707317073,0.762773274282395,1081,210,41,60,17,14,24,46
0.7739597166888,0.812035222778146,1069,222,36,59,18,18,18,41
0.779450315392807,0.819111036271588,1065,226,39,57,23,16,16,41
0.725803145497913,0.768474895534677,1064,227,43,61,21,19,22,42
0.79008637807784,0.845085916351909,1081,210,32,54,17,17,15,37
0.744770461884038,0.780491056620184,1072,219,34,55,16,17,18,38
0.751519957705525,0.813982910567786,1092,199,30,69,17,19,13,50
0.798967627914996,0.846611771269937,1046,245,37,55,20,20,17,35
0.729696243005595,0.773635202754786,1063,228,40,51,16,7,24,44
0.752607871028924,0.799709054506818,1073,218,37,57,15,12,22,45
0.767418735427239,0.796874276389746,1053,238,23,46,11,14,12,32
0.757691677140827,0.768770206804842,1059,232,29,49,15,19,14,30
0.740734866508062,0.777898727009745,1080,211,30,64,15,17,15,47
0.761542718016822,0.809803253741199,1066,225,36,55,20,17,16,38
0.693740095087163,0.750204478133539,1075,216,29,78,9,18,20,60
0.808322859172632,0.857616252194188,1072,219,29,44,18,13,11,31
0.768909018006853,0.814342015343706,1067,224,44,66,24,19,20,47
0.757165605095541,0.801333891637725,1081,210,35,58,15,16,20,42
0.740769521569286,0.812322777371691,1096,195,38,57,19,14,19,43
0.777434705621957,0.816753889544095,1084,207,36,46,22,15,14,31
0.749124203821656,0.815121905889265,1077,214,35,60,20,21,15,39
0.729795472597299,0.785430077740481,1071,220,32,42,15,12,17,30
0.671205952548084,0.711449479223421,1057,234,34,67,14,16,20,51
0.716467463479416,0.763867949868014,1084,207,36,51,15,7,21,44
0.801956119481893,0.829310669864081,1093,198,30,41,15,11,15,30
0.756652504472272,0.814440416081421,1066,225,43,54,21,13,22,41
0.756938125568699,0.795525546940612,1080,211,35,55,18,16,17,39
0.789366160293347,0.830925026718187,1067,224,46,50,24,13,22,37
0.711852653397141,0.749130520739963,1056,235,53,61,23,16,30,45
0.685983102918587,0.717257181634102,1090,201,31,46,9,10,22,36
0.761197828299966,0.802918985370986,1078,213,28,48,15,16,13,32
0.698860115095175,0.756783616300094,1073,218,36,50,16,14,20,36
0.742520595461772,0.784102915269799,1085,206,33,61,13,8,20,53
0.664348521183053,0.700696916077823,1067,224,40,56,14,15,26,41
0.749540367705835,0.804187891525932,1076,215,40,56,21,20,19,36
0.806695509724031,0.829935370735166,1063,228,38,62,22,21,16,41
0.748000698445958,0.7786925160704,1076,215,46,60,18,17,28,43
0.737589214908802,0.73882696428934,1072,219,30,56,12,16,18,40
0.742163330300273,0.78069060735257,1077,214,35,48,16,16,19,32
0.767660345512311,0.806016733325592,1054,237,32,57,17,19,15,38
0.815561022508766,0.863159759428559,1091,200,28,39,17,7,11,32
0.724818804606831,0.778155508868737,1080,211,32,41,15,8,17,33
0.738921809779368,0.783943406083026,1059,232,43,64,22,27,21,37
0.740125720272394,0.795554443497446,1085,206,46,79,25,22,21,57
0.730079388415172,0.777822913431908,1067,224,38,58,18,22,20,36
0.704256594724221,0.753614039263513,1059,232,40,51,17,14,23,37
0.722931654676259,0.754562253811442,1076,215,40,67,16,19,24,48
0.721502797761791,0.781527171897361,1068,223,40,73,18,16,22,57
0.745262876968241,0.786651602311214,1072,219,42,57,21,18,21,39
0.827176026535514,0.86015667633289,1035,256,42,47,29,21,13,26
0.745238095238095,0.797916042485038,1069,222,31,60,11,14,20,46
0.784042415621363,0.834809106016241,1067,224,37,50,19,12,18,38
0.676024065540195,0.754297431881153,1050,241,31,64,14,15,17,49
0.711939102564102,0.761755593763982,1064,227,43,63,17,19,26,44
0.69909263330316,0.749290105674887,1083,208,37,66,17,20,20,46
0.712634570195093,0.726926630025235,1050,241,29,46,13,15,16,31
0.726878497202238,0.759911439616661,1043,248,40,62,21,26,19,36
0.682906169736051,0.719688655204227,1091,200,29,53,9,12,20,41
0.76758212501024,0.835081833263003,1046,245,39,68,19,26,20,42
0.824234092694423,0.854501496429834,1081,210,18,50,12,15,6,35
0.76853517186251,0.810589409296512,1057,234,40,56,22,18,18,38
0.760996290408055,0.808889069506847,1079,212,33,48,14,15,19,33
0.747531470822219,0.827540025730609,1052,239,34,56,19,19,15,37
0.711482334869432,0.762205821414638,1064,227,31,65,13,12,18,53
0.708614510656144,0.746569173615941,1057,234,42,62,18,16,24,46
0.710712195121951,0.765353337861139,1068,223,41,52,20,14,21,38
0.726493362831858,0.753440413649759,1063,228,48,63,17,17,31,46
0.765903054448871,0.796664394014731,1064,227,36,54,21,18,15,36
0.712817873346296,0.76238838387005,1067,224,42,59,17,18,25,41
0.777268292682927,0.81636424184774,1072,219,41,60,23,21,18,39
0.749139297229357,0.797418385374379,1071,220,29,54,17,17,12,37
0.774193925780336,0.796595132830316,1067,224,34,56,16,14,18,42
0.761223068731056,0.785572343958317,1067,224,39,60,20,17,19,43
0.804066746602718,0.838417399879069,1093,198,40,53,19,16,21,37
0.824526399798379,0.850599717760704,1073,218,38,61,21,20,17,41
0.722886762360447,0.770421057518542,1056,235,37,60,17,12,20,48
0.769385054815811,0.807569729754855,1086,205,38,59,16,14,22,45
0.728797935103245,0.762925863457802,1072,219,48,65,22,16,26,49
0.719842212419409,0.770069657932069,1089,202,28,63,11,16,17,47
0.693469511909776,0.755473179158101,1058,233,34,55,15,17,19,38
0.617902638762511,0.662407549324734,1105,186,35,59,10,9,25,50
0.725091359684126,0.796009361098397,1087,204,38,61,18,20,20,41
0.760269510355232,0.795788596600384,1077,214,23,61,9,13,14,48
0.716706634692246,0.762495518654816,1035,256,40,66,21,21,19,45
0.780790243902439,0.822294557579935,1076,215,41,48,22,21,19,27
0.721829687884001,0.75973564508641,1091,200,39,52,17,11,22,41
0.717110651321177,0.766282684591389,1064,227,37,59,15,13,22,46
0.743753200204813,0.790886957526607,1074,217,31,51,15,17,16,34
0.728577865159335,0.764023121350429,1084,207,39,56,13,8,26,48
0.775023693227382,0.812054282758072,1049,242,44,54,26,20,18,34
0.8056,0.841327529734537,1055,236,41,68,25,21,16,47
0.680843293492696,0.724543427965432,1078,213,36,54,15,15,21,39
0.727434679334917,0.763399370110984,1066,225,28,62,13,14,15,48
0.764272764589177,0.795873057146386,1073,218,47,58,18,14,29,44
0.698143881208397,0.746103348991867,1084,207,31,55,12,13,19,42
0.724385408406027,0.76765259705688,1038,253,30,51,14,10,16,41
