"ROC_observed_outcome","ROC_observed_corrected","sum_low_risk","sum_high_risk","sum_outcome_observed","sum_outcome_true","sum_high_risk_observed","sum_high_risk_true","sum_low_risk_observed","sum_low_risk_true"
0.756838849135361,0.803949399147755,1093,198,43,93,19,21,24,72
0.724542561654733,0.759586362862844,1054,237,34,59,15,13,19,46
0.739962372731297,0.780729201744069,1078,213,36,53,16,7,20,46
0.760715265395693,0.831116912037883,1062,229,23,85,13,18,10,67
0.71169685057794,0.783539160723012,1077,214,34,56,16,16,18,40
0.771980536686419,0.810323330571591,1048,243,33,33,20,16,13,17
0.725197716318031,0.781564348545903,1066,225,34,31,15,8,19,23
0.75647007363126,0.801619413842441,1084,207,44,153,19,32,25,121
0.803944967008283,0.834976152517817,1076,215,34,53,18,14,16,39
0.675301521574813,0.715467562022972,1062,229,49,93,18,16,31,77
0.78430243902439,0.839106518639435,1064,227,41,122,25,31,16,91
0.714264712059478,0.766818177481544,1071,220,38,55,15,10,23,45
0.752406554019457,0.792509213585889,1090,201,31,46,13,8,18,38
0.780855872275279,0.78917332034279,1074,217,44,21,27,13,17,8
0.783432958274731,0.85195484193753,1076,215,27,77,14,14,13,63
0.760941765241128,0.805506963650768,1078,213,35,44,19,17,16,27
0.746840640922499,0.802350891409322,1087,204,48,109,22,31,26,78
0.740429268292683,0.782526872680383,1060,231,41,101,18,26,23,75
0.692858536585366,0.718614061958517,1070,221,41,26,15,7,26,19
0.750774679061532,0.789435855489672,1083,208,36,26,19,8,17,18
0.778272712378144,0.821036896013845,1055,236,39,81,25,28,14,53
0.800031314737197,0.839741954845437,1078,213,33,31,21,12,12,19
0.736591669200365,0.801510944688774,1067,224,26,61,12,10,14,51
0.747513525329253,0.822299385199982,1087,204,29,75,16,13,13,62
0.768467614533965,0.820526704393662,1067,224,25,51,11,17,14,34
0.776174046862589,0.822347080213589,1073,218,32,54,19,19,13,35
0.764817328356521,0.803659413989924,1077,214,28,49,12,13,16,36
0.746892752297076,0.799583067172875,1055,236,42,93,24,23,18,70
0.70738297555158,0.756701922908355,1058,233,43,47,16,12,27,35
0.758888567712097,0.794164598929764,1062,229,33,78,15,20,18,58
0.75112027979671,0.778608458090449,1064,227,29,72,12,15,17,57
0.728474988933156,0.721383035651535,1066,225,36,17,15,7,21,10
0.70773714891362,0.778831361771158,1061,230,33,117,16,29,17,88
0.744185824850356,0.781212742768271,1083,208,42,76,19,16,23,60
0.690774091627172,0.763022428210525,1084,207,25,53,10,15,15,38
0.718239630004336,0.754656792257338,1050,241,33,38,15,7,18,31
0.720499597099114,0.771271467126121,1050,241,50,117,25,26,25,91
0.743402347452067,0.804219400370246,1077,214,44,97,19,24,25,73
0.754515272244356,0.814578117623919,1079,212,36,81,19,21,17,60
0.696768683607094,0.751121304554077,1046,245,34,46,16,9,18,37
0.770949178843916,0.833245994077542,1086,205,37,80,22,21,15,59
0.791976538291279,0.831816157263806,1071,220,36,63,22,19,14,44
0.710708630245447,0.712396911504091,1046,245,28,17,11,6,17,11
0.814927367558947,0.84095483453438,1082,209,37,68,22,16,15,52
0.675602307431286,0.715557416588306,1081,210,28,90,11,20,17,70
0.721442734600629,0.758199590568563,1049,242,37,76,18,20,19,56
0.792238045007032,0.821759401207587,1072,219,27,73,14,21,13,52
0.74926225476802,0.800600466076726,1078,213,29,89,12,15,17,74
0.665258576548899,0.743415805876138,1083,208,31,95,14,26,17,69
0.761874678272264,0.80808529751927,1074,217,34,114,18,26,16,88
0.780887804878049,0.823091653476276,1084,207,41,66,21,18,20,48
0.707711555959964,0.771458628831545,1070,221,35,77,13,19,22,58
0.721531676022454,0.774024874618384,1041,250,44,73,23,19,21,54
0.756925720327782,0.797279607713684,1058,233,30,25,17,8,13,17
0.713324479858344,0.759342654560566,1065,226,36,99,12,21,24,78
0.773835332658862,0.805424379475666,1061,230,33,26,18,10,15,16
0.75007325363338,0.786360895426233,1085,206,27,38,14,10,13,28
0.741445329791943,0.77672860035128,1071,220,36,80,14,19,22,61
0.71173835125448,0.760473323430104,1049,242,31,68,16,17,15,51
0.772886497720568,0.815947523927639,1053,238,48,62,25,22,23,40
0.732699563145353,0.779335273409226,1056,235,32,78,17,18,15,60
0.730726270849881,0.834715763124299,1067,224,32,124,20,34,12,90
0.779570731707317,0.829644126780381,1069,222,41,53,23,16,18,37
0.787970017203244,0.810929682727316,1063,228,39,59,23,21,16,38
0.724087804878049,0.755983613948094,1073,218,41,108,16,22,25,86
0.717077409162717,0.775592334878594,1093,198,25,99,12,20,13,79
0.734215944183919,0.76577225143206,1059,232,42,23,19,7,23,16
0.655544488711819,0.688967345687477,1076,215,36,34,13,10,23,24
0.834490740740741,0.846847186473021,1077,214,27,35,17,13,10,22
0.813472563472563,0.859127354405153,1046,245,33,84,21,21,12,63
0.742142540947322,0.785778405090786,1058,233,36,58,18,18,18,40
0.741726829268293,0.799145872228456,1057,234,41,86,20,20,21,66
0.710509332803813,0.759520897850524,1087,204,32,116,12,17,20,99
0.766539253160835,0.793197744977169,1078,213,38,19,19,8,19,11
0.744124423963134,0.799356754498925,1081,210,31,38,17,18,14,20
0.754095004095004,0.816469340703506,1074,217,33,119,17,32,16,87
0.714907317073171,0.767798049667923,1052,239,41,72,19,25,22,47
0.707484076433121,0.755984725569618,1068,223,35,65,17,16,18,49
0.789387398218482,0.838558984585426,1082,209,29,87,17,22,12,65
0.758998232682443,0.79455041344022,1067,224,37,46,16,17,21,29
0.740360779105799,0.746477170264363,1062,229,36,14,17,6,19,8
0.734537560416155,0.753428678333033,1070,221,39,72,19,16,20,56
0.734158551639007,0.764683931378064,1069,222,23,49,11,8,12,41
0.701870296591412,0.734792423405879,1076,215,36,28,15,10,21,18
0.713197345785205,0.755905645486225,1053,238,39,125,13,27,26,98
0.776849338310146,0.775535966379341,1070,221,28,13,15,8,13,5
0.748555828861061,0.795411021127801,1058,233,43,44,24,15,19,29
0.693812917090827,0.75054493555047,1083,208,28,62,13,14,15,48
0.723051690985183,0.792978177529881,1095,196,28,55,14,17,14,38
0.740539887187752,0.771102583291314,1071,220,50,85,19,21,31,64
0.719573947965776,0.769315742359346,1053,238,46,62,21,20,25,42
0.710655631708263,0.751880023431026,1081,210,37,38,16,14,21,24
0.73223007946344,0.731419540717,1063,228,44,20,20,8,24,12
0.736276153677918,0.765453142961577,1067,224,44,68,19,17,25,51
0.78721198156682,0.803666167982134,1082,209,31,18,17,10,14,8
0.687587319940261,0.751392300213431,1091,200,33,92,15,18,18,74
0.783956205008837,0.810950961227253,1058,233,37,40,18,11,19,29
0.762184293606946,0.804886422469764,1084,207,24,88,11,20,13,68
0.712886331307384,0.767817849825847,1050,241,37,35,16,9,21,26
0.759566514050489,0.805528231852006,1075,216,38,91,16,22,22,69
0.649247454625941,0.682298343619572,1073,218,36,66,13,10,23,56
0.741219512195122,0.78531137995793,1081,210,41,37,19,12,22,25
0.780195095313741,0.776809689875941,1082,209,32,17,15,10,17,7
0.668958498808578,0.734449956293093,1072,219,32,47,13,11,19,36
0.820842201276984,0.835822714387921,1071,220,26,34,15,11,11,23
0.774581570017919,0.806416811764027,1061,230,42,83,22,24,20,59
0.717089511488218,0.735509248904599,1069,222,38,22,19,11,19,11
0.733499542323072,0.734755668040112,1070,221,33,14,15,8,18,6
0.735164394546913,0.790627527247734,1076,215,44,120,21,31,23,89
0.690570973612375,0.736188440450356,1066,225,35,86,13,19,22,67
0.736716091905742,0.764295061115594,1063,228,38,81,13,17,25,64
0.760532302092812,0.792935257085451,1025,266,35,39,16,14,19,25
0.692652429934407,0.731163115440063,1076,215,43,130,16,22,27,108
0.772377872054438,0.806678994302814,1063,228,38,87,19,23,19,64
0.81941884280594,0.820805241539905,1065,226,31,16,17,10,14,6
0.765762170790104,0.799321167980495,1019,272,38,70,23,25,15,45
0.78906935071867,0.847839677174601,1072,219,42,159,24,37,18,122
0.716547901821061,0.767944891887949,1089,202,28,40,11,10,17,30
0.730014534883721,0.754503008218942,1046,245,43,53,21,21,22,32
0.722686604780107,0.763326096123222,1067,224,38,66,18,15,20,51
0.754618251822725,0.7810680381628,1086,205,39,23,17,8,22,15
0.739698241406875,0.747272993016618,1054,237,40,24,19,10,21,14
0.736032757051865,0.78000207885176,1072,219,35,32,17,11,18,21
0.709692246203038,0.709256651944528,1056,235,40,20,20,9,20,11
0.757910906298003,0.763844458333813,1042,249,31,16,14,6,17,10
0.71426116838488,0.759646252576706,1056,235,30,58,16,22,14,36
0.71958210491834,0.76755651176014,1074,217,34,133,15,32,19,101
0.814143426294821,0.858446262577891,1094,197,36,64,18,21,18,43
0.790314237682659,0.835028250366645,1054,237,37,85,20,25,17,60
0.706326922176985,0.759155250698014,1078,213,34,32,16,9,18,23
0.828244779275707,0.84420379355402,1073,218,30,34,18,14,12,20
0.827515962298571,0.844577836577241,1079,212,26,30,15,13,11,17
0.720455709165386,0.757725814658646,1060,231,31,88,11,13,20,75
0.802018596136243,0.831849123661279,1070,221,33,65,20,19,13,46
0.848912827640985,0.878600116124903,1070,221,32,31,25,19,7,12
0.742939353696326,0.743916286293515,1032,259,36,17,17,8,19,9
0.698741007194245,0.75731553221085,1076,215,40,71,17,16,23,55
0.713798153296267,0.793817758104867,1047,244,32,91,21,25,11,66
0.683587352138308,0.719268772755537,1101,190,35,30,13,6,22,24
0.665667466027178,0.702805447774803,1045,246,40,23,17,9,23,14
0.776229584912724,0.838369569560988,1074,217,34,35,21,14,13,21
0.718811694039568,0.761626498245256,1047,244,38,90,17,22,21,68
0.740424916895505,0.777787367945103,1103,188,33,50,13,10,20,40
0.748920863309352,0.804360370845625,1056,235,40,96,20,26,20,70
0.782927661510464,0.813988658650687,1055,236,35,75,18,24,17,51
0.667965276802845,0.704479495350912,1057,234,34,43,11,10,23,33
0.762634408602151,0.799371748904477,1044,247,31,59,19,17,12,42
0.77110243902439,0.825118020850164,1050,241,41,71,21,25,20,46
0.751129368546466,0.789940000515672,1059,232,32,87,16,22,16,65
0.771500789889416,0.809034608926158,1049,242,25,61,15,28,10,33
0.74433575978162,0.789952783211109,1091,200,35,51,16,16,19,35
0.669483621474067,0.709152324511516,1063,228,35,48,14,10,21,38
0.747018485390578,0.795773223929908,1057,234,43,71,24,19,19,52
0.652351110018842,0.696869643650557,1083,208,39,61,11,10,28,51
0.670143312101911,0.718060667157318,1077,214,35,108,14,19,21,89
0.678143572464785,0.68056739023488,1064,227,34,11,12,5,22,6
0.707346341463415,0.762200013801971,1067,224,41,91,21,23,20,68
0.744579507737402,0.747705779869123,1052,239,37,24,17,13,20,11
0.759661835748792,0.812668286341944,1076,215,49,112,26,35,23,77
0.752076616208536,0.791098717677503,1077,214,29,105,16,24,13,81
0.73074143662379,0.735749961857215,1087,204,33,20,16,11,17,9
0.732623900879296,0.780057388311981,1074,217,40,46,21,17,19,29
0.723099074141576,0.752580680146706,1075,216,44,38,18,8,26,30
0.787382286781806,0.813143111651491,1042,249,42,39,24,18,18,21
0.670094786729858,0.731688058832019,1073,218,25,89,9,17,16,72
0.713877807530466,0.762346265055877,1082,209,29,74,13,13,16,61
0.800079302141158,0.794328038865661,1070,221,30,15,14,7,16,8
0.823190135242641,0.821733872338826,1078,213,34,15,22,12,12,3
0.726991116702886,0.781144556128077,1050,241,42,100,21,29,21,71
0.7850432211101,0.783009379335769,1072,219,35,15,17,7,18,8
0.729669449845591,0.789952403633893,1071,220,42,104,20,23,22,81
0.719648562300319,0.752667820732107,1053,238,39,33,19,13,20,20
0.75279610650943,0.789771458345298,1075,216,34,46,16,19,18,27
0.779651956323931,0.824617774819072,1079,212,35,48,16,19,19,29
0.681323604710702,0.724758924626797,1078,213,31,96,12,14,19,82
0.75015751669677,0.79987564215713,1051,240,38,107,22,26,16,81
0.732449637389202,0.764189084029617,1075,216,50,34,25,8,25,26
0.714351219512195,0.771198255017619,1061,230,41,47,19,12,22,35
0.795611119140531,0.824342580350565,1069,222,33,52,17,14,16,38
0.739615169739393,0.784345650363441,1052,239,49,78,24,19,25,59
0.755152429934407,0.796048096244988,1045,246,43,88,21,23,22,65
0.697158339941845,0.765989285896239,1048,243,30,59,14,10,16,49
0.706841663807236,0.736875890548305,1036,255,42,62,18,15,24,47
0.723964544721998,0.77606541024323,1062,229,50,97,23,27,27,70
0.796985910469056,0.850545785959758,1070,221,45,92,21,24,24,68
0.775975476568705,0.840437781898825,1062,229,32,82,19,26,13,56
0.719200235224934,0.726855245992747,1064,227,38,22,22,11,16,11
0.750477707006369,0.796990527121558,1073,218,35,110,18,34,17,76
0.686460637339231,0.741866256721314,1061,230,39,120,14,22,25,98
0.775619512195122,0.828850662986583,1050,241,41,41,23,18,18,23
0.753187450039968,0.792232174771781,1042,249,40,53,19,18,21,35
0.779959293089754,0.815785689488045,1086,205,32,74,14,18,18,56
0.782102676839519,0.832262040121603,1076,215,37,66,22,20,15,46
0.738751974723539,0.788456584704466,1042,249,25,107,13,20,12,87
0.73670243902439,0.74204527387304,1063,228,41,15,18,4,23,11
0.680203981322192,0.712909708608757,1063,228,39,31,14,9,25,22
0.77309420188123,0.832335482978129,1054,237,34,90,18,23,16,67
0.754293602882681,0.750652274547183,1088,203,34,18,16,10,18,8
0.734752198241407,0.801909597656823,1078,213,40,107,17,26,23,81
0.71170616113744,0.756462645656076,1071,220,25,33,11,7,14,26
0.704150853889943,0.742176898110274,1070,221,51,147,22,36,29,111
0.704003639672429,0.737542601088803,1066,225,35,74,11,14,24,60
0.713849501614488,0.713943673369106,1057,234,34,14,15,7,19,7
0.778097696584591,0.823122376949444,1069,222,32,84,14,17,18,67
0.739667188431723,0.806134309630746,1068,223,43,50,22,13,21,37
0.745916742493176,0.745533027116793,1088,203,35,19,19,9,16,10
0.819808452417148,0.868436008197604,1073,218,26,56,16,20,10,36
0.763732959101844,0.798847903362982,1040,251,44,68,20,19,24,49
0.685366353607632,0.734625056553671,1065,226,43,74,17,19,26,55
0.811490944826618,0.843063395686234,1052,239,34,66,20,23,14,43
0.706684373616645,0.744584013561763,1044,247,36,37,17,16,19,21
0.726865310077519,0.759682435205555,1079,212,43,72,18,18,25,54
0.726239763421292,0.729348899188591,1050,241,35,17,19,9,16,8
0.753911690013926,0.79903954592709,1071,220,39,27,20,9,19,18
0.738769878135417,0.787734848202149,1083,208,29,38,13,11,16,27
0.720248480042295,0.766381989993508,1085,206,30,67,13,19,17,48
0.73606620975042,0.786640514198749,1062,229,37,73,16,21,21,52
0.771196854263947,0.81513741368401,1037,254,39,78,19,17,20,61
0.761392970611596,0.809338648600523,1062,229,32,39,18,8,14,31
0.769681799478809,0.771617206922487,1097,194,23,10,10,6,13,4
0.790791544092495,0.80974864682075,1081,210,47,41,22,11,25,30
0.742135659867289,0.791873317517934,1074,217,39,53,21,16,18,37
0.710798308220989,0.78637458674698,1079,212,30,71,12,14,18,57
0.762789768185452,0.820994024937811,1041,250,40,116,25,37,15,79
0.678553250097308,0.681088064896034,1060,231,54,22,19,9,35,13
0.63680832226649,0.66902274243147,1059,232,36,60,12,9,24,51
0.765525714853058,0.800976168413409,1086,205,32,37,15,15,17,22
0.780634146341463,0.806695859601991,1075,216,41,47,25,20,16,27
0.750575475874281,0.784967879143662,1059,232,36,34,14,6,22,28
0.764319809069212,0.786649752980565,1070,221,34,34,18,11,16,23
0.692990904226859,0.75024274953054,1070,221,45,92,20,17,25,75
0.733005451980632,0.777831884612554,1043,248,42,42,18,14,24,28
0.710709513341092,0.756914878606028,1073,218,37,136,16,27,21,109
0.732208284839864,0.771527362969407,1059,232,37,38,18,16,19,22
0.77820796460177,0.796327197423526,1062,229,48,36,27,18,21,18
0.732939035486806,0.737243125976652,1074,217,35,17,16,8,19,9
0.691960316346109,0.736502176706521,1049,242,34,16,17,7,17,9
0.749921951219512,0.788814233416845,1060,231,41,72,18,14,23,58
0.661109551219056,0.70928738148813,1055,236,34,69,14,17,20,52
0.755054921033936,0.785488944352116,1061,230,29,89,14,14,15,75
0.759877197783403,0.795039097582428,1063,228,47,65,22,21,25,44
0.757642089093702,0.776461782057701,1076,215,31,43,15,12,16,31
0.794303462860164,0.834606691410201,1056,235,30,53,20,19,10,34
0.805770040713183,0.807444478568075,1063,228,34,11,22,6,12,5
0.718735349273324,0.764979702387727,1058,233,27,18,13,7,14,11
0.745453658536585,0.774161247376106,1078,213,41,44,14,15,27,29
0.716037250222284,0.770445539117786,1061,230,34,77,14,20,20,57
0.746014914141068,0.787294024795061,1059,232,47,27,24,13,23,14
0.714231141920096,0.771886015481753,1053,238,43,75,23,20,20,55
0.755376043530113,0.814626535170467,1038,253,43,37,24,13,19,24
0.720219123505976,0.716969759842296,1065,226,36,20,15,8,21,12
0.71503984063745,0.77437300841302,1060,231,36,57,19,14,17,43
0.697077460235355,0.732301783929011,1073,218,37,38,14,15,23,23
0.723274076215253,0.763406928358089,1060,231,33,59,12,9,21,50
0.764575545007771,0.788663115752534,1074,217,38,38,21,15,17,23
0.685034146341463,0.730302612900282,1059,232,41,67,13,16,28,51
0.791395717684377,0.835153852405266,1051,240,30,61,18,18,12,43
0.732674741858618,0.808038298013129,1064,227,32,76,15,13,17,63
0.685782241014799,0.716196160898393,1060,231,44,44,19,16,25,28
0.705287804878049,0.778518326872119,1065,226,41,88,19,21,22,67
0.721583146620034,0.762054288670376,1063,228,29,145,13,33,16,112
0.697145122918319,0.750837402742993,1054,237,30,42,11,8,19,34
0.680775316455696,0.70868715339462,1071,220,27,87,8,17,19,70
0.758614951356887,0.776717253790113,1085,206,31,22,13,9,18,13
0.705128205128205,0.72640747302056,1073,218,39,18,20,9,19,9
0.700138050446909,0.736519291075657,1079,212,34,72,14,14,20,58
0.757665384994577,0.802809774871431,1055,236,49,81,23,20,26,61
0.714350805569731,0.756898034588396,1050,241,44,93,22,31,22,62
0.792611736089997,0.808751761352476,1073,218,26,16,12,3,14,13
0.701367805186591,0.776595549687917,1058,233,51,159,21,37,30,122
0.690526781761842,0.719235394836761,1069,222,36,67,14,14,22,53
0.68082347588717,0.681588185725315,1097,194,35,17,12,8,23,9
0.698075848696967,0.701606961533001,1055,236,49,25,18,10,31,15
0.783043565147882,0.821626852037274,1045,246,40,52,23,18,17,34
0.62836896862456,0.661969263182958,1070,221,39,31,13,11,26,20
0.658724513987672,0.702734489846076,1071,220,37,81,11,14,26,67
0.717718016821603,0.714481867283652,1080,211,36,20,14,6,22,14
0.734576427255985,0.819343948334185,1060,231,24,180,14,44,10,136
0.647804878048781,0.652907740328676,1088,203,41,18,14,7,27,11
0.766468411313772,0.807849880273659,1076,215,30,36,12,10,18,26
0.675807552320291,0.706808984018679,1062,229,35,78,12,25,23,53
0.767343546755311,0.783873330760413,1071,220,33,18,17,7,16,11
0.812879865511444,0.857650861324679,1039,252,37,67,27,30,10,37
0.747983786281346,0.807609822028471,1059,232,38,86,20,22,18,64
0.784301681360505,0.817564919669542,1055,236,33,77,17,14,16,63
0.738301030207788,0.787605101752781,1058,233,46,95,26,27,20,68
0.721373965640358,0.770687653193315,1056,235,38,32,20,12,18,20
0.750805716023107,0.815113160765042,1068,223,26,47,15,12,11,35
0.726224390243903,0.76076879603803,1061,230,41,50,16,12,25,38
0.692277287929462,0.730623948206704,1039,252,26,62,9,9,17,53
0.771795591745051,0.808732075688435,1072,219,34,88,17,23,17,65
0.815718799368089,0.855600392161679,1079,212,25,30,18,13,7,17
0.802662570404506,0.846232288536522,1070,221,31,49,20,16,11,33
0.742704426914953,0.746794188556015,1045,246,37,20,17,9,20,11
0.772655007949126,0.804048588299044,1063,228,33,32,17,9,16,23
0.823039383888063,0.85646384887812,1072,219,42,51,26,18,16,33
0.749375745378652,0.800690592537772,1057,234,43,105,20,29,23,76
0.744867662029182,0.778227354690343,1053,238,28,94,14,26,14,68
0.711385365853659,0.748479514700991,1070,221,41,92,18,22,23,70
0.722951868919611,0.769377681251903,1074,217,31,77,15,19,16,58
0.809088500264971,0.812172312230069,1063,228,33,18,21,14,12,4
0.730184331797235,0.756077570553158,1060,231,31,47,13,9,18,38
0.760094253572514,0.807401214714098,1058,233,26,93,15,22,11,71
0.774615096635313,0.826570512060722,1056,235,34,83,20,23,14,60
0.812217795484728,0.844961766205038,1058,233,36,118,23,32,13,86
0.705573248407643,0.699670902445903,1068,223,35,16,14,5,21,11
0.784318815235805,0.811832447728756,1088,203,29,71,14,18,15,53
0.820166060054595,0.85163909551831,1100,191,35,66,21,16,14,50
0.757739524953296,0.809219138066724,1081,210,42,83,22,27,20,56
0.778213005632361,0.827619918151678,1051,240,31,50,17,15,14,35
0.724867042707494,0.750026023850023,1046,245,50,50,20,18,30,32
0.775115330359526,0.829798008000756,1038,253,42,104,22,18,20,86
0.714078048780488,0.745584106230104,1047,244,41,106,15,25,26,81
0.688479216626699,0.716236802145676,1064,227,40,100,16,26,24,74
0.696293009957606,0.72664499139858,1074,217,49,77,21,22,28,55
0.793613968395945,0.79480008422332,1069,222,43,19,27,11,16,8
0.749398361495136,0.780596217546656,1063,228,31,42,15,12,16,30
0.736010164489863,0.784330330446098,1075,216,29,82,12,16,17,66
0.758215651662254,0.801736306644332,1066,225,55,79,29,25,26,54
0.771867553613979,0.816606696612036,1075,216,32,75,14,20,18,55
0.711517737833527,0.757034238766294,1084,207,37,24,20,10,17,14
0.782344883158743,0.836101262969933,1066,225,50,114,29,39,21,75
0.837536346814697,0.863054317680291,1100,191,30,64,18,19,12,45
0.713239452550616,0.749040599652219,1062,229,28,38,11,9,17,29
0.789955062120011,0.804320535062891,1083,208,30,29,14,9,16,20
0.7105042188908,0.742015520834298,1051,240,39,80,17,13,22,67
0.799180058496829,0.80977791590955,1053,238,49,26,31,12,18,14
0.72699571228983,0.804447624190497,1084,207,33,76,18,23,15,53
0.654634635864668,0.729945030051216,1066,225,39,92,18,26,21,66
0.769278889899909,0.804245999035484,1068,223,35,86,16,21,19,65
0.735867640548916,0.783619943481191,1077,214,36,108,19,33,17,75
0.718997145397538,0.720089698862787,1054,237,34,18,14,6,20,12
0.727713042257476,0.751487679624002,1076,215,34,31,15,6,19,25
0.730226403998824,0.792657074368968,1050,241,38,132,20,24,18,108
0.648614678397727,0.664487485685393,1077,214,29,20,9,6,20,14
0.749871308905424,0.808305107851814,1069,222,34,106,16,22,18,84
0.731572481572482,0.763770150743614,1080,211,33,46,12,12,21,34
0.747629567116759,0.79457907027606,1063,228,32,91,17,20,15,71
0.740802165541957,0.771082542560191,1071,220,42,43,14,10,28,33
0.746327516513852,0.776866037149002,1034,257,49,28,28,11,21,17
0.756652504472272,0.809903175021585,1069,222,43,67,18,16,25,51
0.773133952198933,0.807789879070141,1065,226,38,32,20,14,18,18
0.707356097560976,0.754398673554633,1043,248,41,54,19,15,22,39
0.76662089897384,0.79955668534045,1066,225,33,74,17,19,16,55
0.77798760991207,0.812436639645071,1050,241,40,96,22,29,18,67
0.729175441059479,0.734577161186008,1052,239,34,14,15,5,19,9
0.730754831765642,0.767907476534517,1071,220,34,16,18,6,16,10
0.822332938700342,0.822049167096683,1090,201,24,18,14,10,10,8
0.714794789874662,0.754760355613174,1077,214,39,86,15,20,24,66
0.748578252957234,0.811239935885741,1041,250,35,76,20,22,15,54
0.716856112355867,0.76502290158061,1066,225,29,56,9,10,20,46
0.695473660911908,0.737176031801118,1060,231,36,53,10,12,26,41
0.755069177429426,0.803010442896476,1060,231,49,74,27,28,22,46
0.773374295954941,0.804977576625126,1080,211,31,131,17,31,14,100
0.681741461477363,0.682497647833948,1088,203,32,12,12,3,20,9
0.713430676137858,0.756834085692795,1069,222,24,82,12,22,12,60
0.739797747055811,0.781498354449231,1056,235,31,66,16,20,15,46
0.789219300401409,0.824690567459413,1055,236,39,45,23,20,16,25
0.746428571428571,0.807186299220024,1069,222,31,79,12,15,19,64
0.734402951699463,0.769899832195082,1071,220,43,68,22,13,21,55
0.753900080580177,0.75682393023503,1062,229,50,26,25,12,25,14
0.706787919519469,0.770003930731307,1062,229,38,82,17,18,21,64
0.757696198872669,0.785957605057395,1045,246,33,22,15,5,18,17
0.748341532498509,0.799081033556378,1082,209,43,76,21,17,22,59
0.641589861751152,0.670650871312497,1057,234,31,18,11,5,20,13
0.743965891024715,0.744231592728715,1066,225,33,13,14,6,19,7
0.757629639208587,0.831422433573279,1069,222,37,56,23,19,14,37
0.772791930686668,0.768004038214316,1084,207,37,9,18,2,19,7
0.79562101910828,0.801007135740489,1073,218,35,22,20,14,15,8
0.706612909375119,0.748152559307504,1043,248,42,121,19,29,23,92
0.771758416742493,0.769255872976314,1068,223,35,17,19,6,16,11
0.758377184273233,0.787300878003558,1079,212,32,83,16,24,16,59
0.807229903273403,0.806397611597786,1064,227,29,11,17,7,12,4
0.771902131018153,0.819215908947954,1080,211,24,51,10,11,14,40
0.779552154990875,0.803287255459139,1065,226,34,74,12,13,22,61
0.766886503728609,0.803808278724006,1072,219,37,75,18,14,19,61
0.755194631895993,0.804712852895261,1063,228,42,40,22,12,20,28
0.807486631016043,0.85286540091213,1060,231,33,45,22,19,11,26
0.761008028180552,0.762171012387617,1065,226,39,17,20,8,19,9
0.739728110814732,0.770088385611359,1065,226,34,37,14,10,20,27
0.728408587870739,0.787852791537229,1082,209,36,94,16,15,20,79
0.730029268292683,0.764703409765069,1050,241,41,53,17,16,24,37
0.689398193645,0.742119091147943,1057,234,34,62,15,18,19,44
0.753078653398909,0.810358418408414,1062,229,42,70,26,21,16,49
0.773961120028536,0.828651437112121,1070,221,45,65,28,22,17,43
0.735403682212193,0.778374714661696,1065,226,22,73,9,16,13,57
0.691531707317073,0.72266944441984,1050,241,41,58,16,15,25,43
0.692611231842617,0.75226167745818,1084,207,42,59,15,18,27,41
0.744303514694202,0.793379537617765,1071,220,32,54,14,17,18,37
0.764308426073132,0.790182418070187,1052,239,33,80,17,18,16,62
0.719279921356599,0.766243208771242,1046,245,39,90,20,22,19,68
0.738988490482514,0.770612678536897,1047,244,36,55,17,13,19,42
0.714451609377562,0.750185530006438,1059,232,29,137,12,36,17,101
0.718341990734241,0.769389968871798,1074,217,34,44,15,11,19,33
0.811963258078796,0.828240180923208,1048,243,36,25,20,12,16,13
0.733211661753007,0.806109216371251,1050,241,34,91,16,26,18,65
0.725984668252709,0.759162242308111,1084,207,30,86,10,11,20,75
0.758942125237192,0.784118413560812,1080,211,51,37,23,12,28,25
0.773912195121951,0.805611646382416,1077,214,41,71,19,21,22,50
0.74535540325014,0.791760440224942,1076,215,37,33,19,14,18,19
0.693827650013217,0.728580097500669,1098,193,30,94,11,16,19,78
0.704581586934528,0.753432682390716,1073,218,33,30,16,7,17,23
0.78643204957946,0.828371695423618,1057,234,36,56,21,19,15,37
0.685743835504219,0.726596650394934,1050,241,39,76,16,20,23,56
0.746152851416009,0.778709652859135,1085,206,37,50,16,12,21,38
0.778417333520521,0.818887724898566,1052,239,34,93,18,21,16,72
0.80973003989289,0.804531331052877,1083,208,29,11,13,6,16,5
0.728094678035872,0.771627403349914,1042,249,38,125,16,29,22,96
0.769670869737887,0.814093077795409,1056,235,32,33,19,16,13,17
0.781860377199983,0.839771659332197,1075,216,38,84,18,27,20,57
0.81384593149299,0.850531001910181,1072,219,33,67,22,18,11,49
0.738811003516886,0.780834896059002,1056,235,33,64,20,12,13,52
0.758519108280255,0.763337492523528,1084,207,35,21,17,8,18,13
0.75417944302096,0.771357830363338,1047,244,38,19,22,8,16,11
0.687990927038266,0.728398207913613,1070,221,38,70,14,18,24,52
0.749099162337966,0.78798759612756,1069,222,34,48,15,12,19,36
0.663239803419163,0.723857643480723,1078,213,38,87,15,13,23,74
0.747878775150166,0.751309937761685,1075,216,38,11,19,8,19,3
0.706488875743534,0.730712180474564,1084,207,49,35,18,10,31,25
0.774697180301827,0.830159771640924,1065,226,32,41,15,14,17,27
0.782553117553614,0.811460030025582,1058,233,32,68,19,18,13,50
0.755238405662135,0.794531460478384,1077,214,52,44,28,16,24,28
0.742629482071713,0.737630197195215,1067,224,36,18,17,9,19,9
0.795185922974768,0.862907741867083,1075,216,36,104,23,19,13,85
0.693934557063049,0.735483352575765,1085,206,38,56,17,13,21,43
0.719607602195461,0.759953884010783,1057,234,39,89,17,24,22,65
0.775209559479222,0.798566754016308,1054,237,45,32,25,16,20,16
0.803917050691244,0.833973616106378,1078,213,31,40,18,13,13,27
0.708553230209281,0.778967928977428,1068,223,35,69,20,17,15,52
0.635857782916606,0.673859800928196,1050,241,33,68,12,16,21,52
0.758949880668258,0.7896902070335,1072,219,34,88,17,22,17,66
0.764208006048641,0.789960753607667,1063,228,38,49,15,13,23,36
0.731665150136488,0.751150874817071,1056,235,35,19,17,7,18,12
0.683519108280255,0.728008636993803,1069,222,35,33,15,7,20,26
0.712517073170732,0.768069243014944,1093,198,41,58,17,14,24,44
0.730595996360328,0.78232677913245,1062,229,35,67,18,18,17,49
0.742321951219512,0.792602488175313,1073,218,41,68,20,15,21,53
0.729198668714798,0.762316989901535,1067,224,31,130,14,25,17,105
0.72257806244996,0.71893172461467,1074,217,42,20,15,6,27,14
0.811658749010293,0.860031233109443,1043,248,28,92,19,31,9,61
0.82556600999706,0.861378016513269,1070,221,38,67,22,18,16,49
0.739761219221604,0.815371148088439,1064,227,32,75,18,20,14,55
0.796504281903692,0.843856582239031,1081,210,34,89,19,27,15,62
0.759141494435612,0.795383164821554,1067,224,33,58,13,12,20,46
0.757882165605096,0.75707621200958,1051,240,35,20,16,9,19,11
0.756245003996803,0.782684420616464,1063,228,40,23,24,15,16,8
0.738628386915625,0.802300433931554,1050,241,34,72,18,18,16,54
0.670410407599794,0.713694481644346,1052,239,34,51,12,17,22,34
0.663341674249318,0.72237746900694,1085,206,35,100,16,16,19,84
0.691476991116703,0.693094777216062,1047,244,42,22,19,11,23,11
0.738027501185396,0.804164841508383,1050,241,37,83,19,19,18,64
0.756714158061954,0.79026053760499,1066,225,32,99,17,23,15,76
0.752842240975152,0.782452128249068,1052,239,27,111,15,24,12,87
0.694161821705426,0.707004500084836,1055,236,43,27,19,9,24,18
0.680174636661979,0.728659691185668,1082,209,27,59,8,12,19,47
0.770462594068172,0.816240113202949,1090,201,36,33,19,13,17,20
0.722079622839183,0.777847732302684,1041,250,46,67,25,20,21,47
0.706857499554129,0.745980761232682,1057,234,45,76,21,17,24,59
0.734188840349484,0.78683723030563,1067,224,32,62,16,13,16,49
0.697611464968153,0.737010372188737,1076,215,35,62,13,11,22,51
0.806294678316124,0.84298058827375,1054,237,32,44,19,12,13,32
0.785666628540928,0.810987837406708,1067,224,42,38,22,17,20,21
0.742099219946052,0.745224035254158,1070,221,44,24,20,10,24,14
0.727454982867974,0.764043880336649,1057,234,44,110,20,32,24,78
0.737803741800835,0.776977260531196,1074,217,43,49,20,13,23,36
0.746146091485697,0.79394240550162,1081,210,38,43,18,20,20,23
0.814580403187998,0.828643372410297,1073,218,27,27,16,12,11,15
0.735326829268293,0.833098967491382,1096,195,41,142,19,31,22,111
0.757527733755943,0.793104670255641,1082,209,29,54,11,11,18,43
0.781494308051022,0.787717483783309,1070,221,23,7,15,6,8,1
0.747177954847278,0.800940981896604,1033,258,36,66,20,20,16,46
0.740915409054805,0.781184556434986,1068,223,32,45,14,12,18,33
0.785919098822325,0.804660104155649,1089,202,31,64,14,13,17,51
0.743814634146341,0.797261672760593,1063,228,41,85,19,19,22,66
0.744377978554408,0.767209763801901,1089,202,32,71,13,14,19,57
0.730810190874089,0.77407842610391,1065,226,39,114,18,22,21,92
0.729056232581015,0.739542658547436,1096,195,29,11,12,2,17,9
0.741928531402216,0.778288918282983,1070,221,37,77,15,19,22,58
0.710031720856463,0.732327337549532,1079,212,30,17,11,8,19,9
0.768380345768881,0.789973010971289,1060,231,35,43,19,11,16,32
0.73747233289066,0.784453714878441,1057,234,36,49,17,16,19,33
0.690356891701828,0.691520348435927,1050,241,27,13,10,6,17,7
0.761279620853081,0.802088927503481,1093,198,25,53,10,11,15,42
0.745530909261079,0.791986023056735,1067,224,34,61,18,16,16,45
0.755594952152198,0.778417613939284,1079,212,42,26,18,13,24,13
0.772565853658537,0.790156969392137,1041,250,41,30,25,14,16,16
0.725361241374052,0.787883698787963,1097,194,42,90,19,15,23,75
0.724992101105845,0.77963094297265,1083,208,25,36,10,9,15,27
0.716060648603117,0.786288462685879,1077,214,34,79,14,20,20,59
0.794486571879937,0.816027285944816,1039,252,25,13,17,6,8,7
0.734242910647405,0.775011030748324,1060,231,45,53,20,15,25,38
0.716697981403864,0.716975211067216,1102,189,33,16,11,5,22,11
0.718618503743374,0.759479137783395,1067,224,29,112,11,26,18,86
0.760312944523471,0.804013580349887,1075,216,37,81,17,13,20,68
0.766381309077938,0.770990406480771,1056,235,45,18,24,10,21,8
0.767303998603108,0.815133867431727,1062,229,46,72,25,22,21,50
0.685803541873552,0.737837669137526,1096,195,19,42,7,9,12,33
0.788539085143025,0.834229923360948,1066,225,38,33,23,13,15,20
0.739180487804878,0.785248526546174,1044,247,41,50,21,17,20,33
0.743092512940147,0.783786834453891,1076,215,44,94,15,22,29,72
0.770520379989705,0.818352190758006,1056,235,34,68,19,25,15,43
0.689393939393939,0.750426908603969,1080,211,37,49,13,13,24,36
0.77495780381255,0.811833988416257,1051,240,32,67,18,17,14,50
0.776697548515003,0.800833655811912,1053,238,42,71,23,19,19,52
0.78420487804878,0.82337116107157,1034,257,41,155,24,33,17,122
0.780747184231698,0.784635373837123,1069,222,48,16,27,10,21,6
0.625153600393217,0.658307925524102,1091,200,39,46,10,8,29,38
0.769863414634146,0.770543802726712,1093,198,41,21,22,9,19,12
0.707555091341034,0.711295364244258,1093,198,39,11,16,4,23,7
0.782816000874365,0.786075905514238,1064,227,29,12,16,5,13,7
0.753891156958519,0.799580339256478,1056,235,44,113,21,30,23,83
0.577670598836733,0.602695378700679,1059,232,39,61,12,10,27,51
0.780724574842222,0.779621445319004,1076,215,33,11,15,9,18,2
0.694642418284591,0.742661059780793,1075,216,39,73,14,15,25,58
0.754570606463037,0.798266050532223,1063,228,36,55,19,21,17,34
0.722429481346679,0.723126247930608,1093,198,35,19,17,8,18,11
0.717324276147806,0.750778402978644,1072,219,33,40,12,9,21,31
0.645736585365854,0.693565502378447,1087,204,41,108,13,22,28,86
0.716066350710901,0.719109368509389,1070,221,25,9,7,3,18,6
0.760226370135028,0.813045821609937,1065,226,32,85,18,22,14,63
0.680478750640041,0.743431272911611,1041,250,31,96,12,26,19,70
0.762447823494335,0.808899973406765,1046,245,43,62,25,22,18,40
0.813179456434852,0.829444306500446,1047,244,40,18,26,10,14,8
0.715255591054313,0.762990251596277,1063,228,39,89,20,24,19,65
0.743835304822566,0.747014464260758,1074,217,35,13,15,5,20,8
0.718372115430939,0.78493706742005,1092,199,33,146,17,24,16,122
0.706385418129065,0.715423997850714,1075,216,34,24,9,8,25,16
0.779134749722985,0.796842869397132,1078,213,33,20,19,12,14,8
0.753017371438424,0.805400386475816,1073,218,37,149,16,26,21,123
0.767774195311219,0.764937754706119,1063,228,29,11,13,7,16,4
0.724819024997172,0.769924640988069,1075,216,28,107,15,28,13,79
0.765428530134413,0.806308055521353,1046,245,33,116,18,30,15,86
0.681231563421829,0.735383322487798,1077,214,48,58,20,14,28,44
0.731548393313099,0.751778948207219,1042,249,33,45,16,16,17,29
0.760574745868864,0.802171586114694,1057,234,33,117,17,29,16,88
0.744802867383512,0.792354786459543,1083,208,31,54,13,8,18,46
0.801746366619784,0.831899718570531,1094,197,27,57,14,18,13,39
0.757852789498359,0.763081681544562,1069,222,27,13,12,4,15,9
0.728530323151837,0.769991338072222,1065,226,36,48,16,15,20,33
0.749264789051012,0.785094326025667,1064,227,28,30,15,12,13,18
0.739918931406729,0.742300333913329,1058,233,38,13,18,6,20,7
0.723707117255504,0.767211213436693,1062,229,31,38,13,9,18,29
0.768019528920692,0.784760868573279,1059,232,43,24,24,11,19,13
0.691669976171565,0.697151591635782,1072,219,32,12,10,4,22,8
0.700079554494829,0.729984640343913,1052,239,34,72,13,18,21,54
0.722045574986751,0.790974084742648,1085,206,33,101,15,14,18,87
0.771883530482256,0.838078536228307,1070,221,35,143,20,42,15,101
0.708775687589247,0.741951242103486,1066,225,52,29,22,10,30,19
0.630815902386699,0.640806760598506,1084,207,48,28,15,9,33,19
0.71470243902439,0.741179810282376,1065,226,41,26,20,13,21,13
0.736118386589838,0.784744270886956,1069,222,46,38,27,12,19,26
0.751139272913466,0.798994289311528,1065,226,31,46,13,10,18,36
0.732755795854838,0.73582112387807,1060,231,39,20,20,10,19,10
0.765687450039968,0.812877672822757,1085,206,40,43,23,17,17,26
0.71253996802558,0.764000673458983,1072,219,40,52,16,14,24,38
0.740355187723609,0.795399866468882,1048,243,37,75,15,19,22,56
0.724530795664816,0.726818277721868,1083,208,30,13,11,5,19,8
0.780799764775066,0.820191515056669,1081,210,38,71,20,15,18,56
0.698997293072553,0.731113710275271,1069,222,42,57,15,11,27,46
0.734812150279776,0.770653494784134,1056,235,40,53,18,13,22,40
0.790666385886097,0.838013304796856,1089,202,34,123,17,28,17,95
0.758723839854413,0.812515015587075,1077,214,35,119,16,25,19,94
0.734702238209432,0.754324573255199,1062,229,40,24,23,14,17,10
0.706396335256193,0.775802411330326,1048,243,28,131,10,28,18,103
0.739431164231961,0.774034487215566,1064,227,36,51,18,13,18,38
0.727808617499339,0.799465193427746,1062,229,30,54,16,17,14,37
0.75393672085733,0.787871937179697,1062,229,44,51,22,15,22,36
0.745073950956304,0.817666192731586,1063,228,33,95,17,28,16,67
0.712127697520956,0.762954987109498,1059,232,45,66,24,18,21,48
0.692885469201259,0.727456817068186,1071,220,37,128,15,23,22,105
0.760844207917183,0.808289262850544,1078,213,44,163,23,37,21,126
0.751792828685259,0.818924922790257,1041,250,36,78,21,25,15,53
0.668482626156801,0.704870809290991,1080,211,46,83,14,14,32,69
0.719239024390244,0.723113685054642,1090,201,41,19,19,6,22,13
0.745872666925299,0.826330887833112,1043,248,37,74,22,21,15,53
0.77128197716433,0.81394837978998,1051,240,33,52,18,18,15,34
0.77527025129861,0.799862829305541,1066,225,34,18,18,8,16,10
0.709622302158273,0.767320222696243,1074,217,40,110,17,23,23,87
0.727834146341463,0.794298788414176,1064,227,41,127,24,35,17,92
0.693235528101455,0.745743462058002,1034,257,34,94,14,20,20,74
0.772906938641763,0.829354266612385,1044,247,39,63,24,18,15,45
0.789589952343129,0.831075521387659,1076,215,32,99,16,24,16,75
0.724297827239004,0.757771105444873,1053,238,33,53,15,9,18,44
0.688938723683133,0.768747640950829,1071,220,39,111,20,30,19,81
0.722234146341463,0.772144775223573,1084,207,41,66,13,10,28,56
0.76703737230053,0.80529635720598,1083,208,37,45,18,12,19,33
0.731264187183517,0.784699204123548,1099,192,46,47,22,14,24,33
0.749657111507338,0.78349427050629,1075,216,23,28,8,8,15,20
0.738731135822081,0.739048856974986,1064,227,32,16,17,7,15,9
0.70142089093702,0.749003325889692,1050,241,31,34,12,10,19,24
0.727065131056394,0.787270201655917,1074,217,32,108,14,22,18,86
0.777089695735777,0.813962978544562,1050,241,28,42,13,11,15,31
0.740923466160658,0.75671315461593,1066,225,51,34,22,14,29,20
0.750499600319744,0.798292416275576,1079,212,40,139,20,32,20,107
0.729302306044441,0.778632591452368,1056,235,38,76,17,19,21,57
0.726311828692618,0.772222886370626,1079,212,47,99,20,19,27,80
0.803838527522738,0.840023321147713,1070,221,37,50,20,17,17,33
0.749395648670427,0.75155340761271,1072,219,50,16,21,5,29,11
0.797084318360914,0.839818109392448,1046,245,22,90,14,25,8,65
0.688213614684203,0.717133390933977,1040,251,33,37,13,13,20,24
0.753707056338635,0.790179224614283,1060,231,37,97,18,24,19,73
0.706065147881695,0.781115058613443,1066,225,40,48,19,15,21,33
0.788689048760991,0.790880838872174,1046,245,40,24,18,12,22,12
0.731901519119958,0.738684007354334,1069,222,46,15,23,8,23,7
0.725153609831029,0.782675498504542,1051,240,31,101,15,29,16,72
0.690670650730412,0.741839304909417,1066,225,36,66,14,13,22,53
0.70687450039968,0.758570343847275,1054,237,40,106,18,25,22,81
0.767727009832273,0.770167920780749,1064,227,56,30,28,13,28,17
0.651395289298515,0.725022788347627,1065,226,31,68,11,9,20,59
0.816069199215267,0.858785113338495,1081,210,45,100,22,27,23,73
0.773029009871115,0.814592222515048,1067,224,37,83,19,25,18,58
0.718662442346653,0.771076692832704,1061,230,37,85,19,18,18,67
0.70273166800967,0.738163125494757,1074,217,50,46,20,10,30,36
0.759139843707306,0.777892303851297,1044,247,29,21,16,9,13,12
0.705203799897047,0.747603287382219,1075,216,34,66,16,19,18,47
0.725665683934672,0.765029534554369,1070,221,34,49,19,17,15,32
0.746120522436312,0.747647422764482,1068,223,37,20,16,7,21,13
0.733544755744109,0.786489079798726,1080,211,38,86,14,22,24,64
0.700570891747362,0.70422307321127,1062,229,33,14,11,7,22,7
0.72367342477731,0.803768192480944,1049,242,29,68,16,18,13,50
0.749695467719578,0.785984476568852,1078,213,38,40,15,15,23,25
0.725073521094899,0.775375380400033,1080,211,28,44,11,12,17,32
0.771541463414634,0.810948195033346,1079,212,41,60,22,17,19,43
0.734130146082337,0.773361559061898,1054,237,36,36,15,13,21,23
0.75979381443299,0.809622417237702,1050,241,30,57,15,13,15,44
0.739219512195122,0.790008013792,1035,256,41,35,23,14,18,21
0.78632712170064,0.836640424646119,1057,234,29,53,14,13,15,40
0.680493327552151,0.763959715846812,1055,236,33,129,11,30,22,99
0.741174659642882,0.779068683094322,1074,217,47,99,22,25,25,74
0.723468495546205,0.776274554771395,1086,205,29,39,15,12,14,27
0.735194102462272,0.773898955017976,1040,251,32,108,17,27,15,81
0.790087929656275,0.814349898390352,1082,209,40,24,22,12,18,12
0.687462768069897,0.727664166533227,1064,227,32,70,9,13,23,57
0.773158260524226,0.832966129827237,1079,212,32,88,20,29,12,59
0.722068292682927,0.770695846195788,1077,214,41,37,21,15,20,22
0.771522808586762,0.814677316903684,1061,230,43,74,24,21,19,53
0.706882429537531,0.749038741517509,1071,220,38,47,13,12,25,35
0.809907834101383,0.85358095426821,1066,225,31,45,18,19,13,26
0.761078063709643,0.795950163135798,1080,211,37,54,18,15,19,39
0.76595973964395,0.807025297364082,1060,231,37,140,14,28,23,112
0.734191128927971,0.776612080926082,1080,211,37,46,18,14,19,32
0.737154288923206,0.790005352705584,1050,241,34,82,15,19,19,63
0.75861298649722,0.791852530887707,1066,225,32,91,14,18,18,73
0.7602952875661,0.797319112605782,1057,234,34,76,16,17,18,59
0.672644459888801,0.717792776562626,1078,213,32,42,13,11,19,31
0.735421623050489,0.775095636292726,1056,235,30,83,14,19,16,64
0.682180306381584,0.720508396439538,1048,243,39,25,15,8,24,17
0.737318077589031,0.760529313476299,1098,193,34,70,11,14,23,56
0.741990243902439,0.741697757454709,1054,237,41,16,21,8,20,8
0.66160809371672,0.708278574498006,1069,222,39,52,11,12,28,40
0.790825253335277,0.823401347517133,1062,229,44,88,24,26,20,62
0.79309981749263,0.840178615442352,1096,195,34,132,19,29,15,103
0.742012657745244,0.792736847134089,1068,223,42,65,23,17,19,48
0.68899648311413,0.748557053156664,1048,243,33,76,14,16,19,60
0.780277525022748,0.796781316685008,1047,244,35,23,15,10,20,13
0.716140781930256,0.736702259163767,1086,205,37,45,12,10,25,35
0.723693372655034,0.796793592787665,1036,255,39,107,21,34,18,73
0.797249120778532,0.839564092817413,1075,216,33,79,19,21,14,58
0.72718209600477,0.767535468280556,1089,202,43,46,20,11,23,35
0.723230728755591,0.772998985586905,1087,204,24,71,9,18,15,53
0.77192456350793,0.773350124209563,1048,243,61,29,36,15,25,14
0.782875794281176,0.785278383794659,1022,269,32,20,18,13,14,7
0.76120681096108,0.79183526210564,1062,229,32,39,18,17,14,22
0.776768410852713,0.821340776958123,1057,234,43,77,25,25,18,52
0.796141060846943,0.831637550881778,1035,256,33,78,20,24,13,54
0.762969588550984,0.810514122757177,1061,230,43,101,21,27,22,74
0.706785662668015,0.737046699640746,1082,209,33,68,13,19,20,49
0.65900350639068,0.703196017046685,1050,241,28,102,12,24,16,78
0.820070492454329,0.821640919678507,1069,222,32,23,20,13,12,10
0.682432432432432,0.684685214453111,1065,226,37,23,16,12,21,11
0.823024225575854,0.861407030023444,1072,219,32,47,16,8,16,39
0.768830128205128,0.794065653832773,1064,227,43,29,22,15,21,14
0.73013589128697,0.780464682273355,1085,206,40,71,17,19,23,52
0.79661444113076,0.831667481458062,1094,197,38,28,25,11,13,17
0.764401997788707,0.764011940712637,1031,260,42,30,21,14,21,16
0.786943164362519,0.831658531382581,1083,208,31,121,17,25,14,96
0.726798561151079,0.782541966827793,1052,239,40,74,21,25,19,49
0.782032647584973,0.831179304860936,1063,228,43,64,23,17,20,47
0.725113670244484,0.784916378674661,1071,220,43,56,22,19,21,37
0.701853958143767,0.755736251376449,1062,229,35,85,17,22,18,63
0.694954523901892,0.724308354799033,1061,230,37,33,14,9,23,24
0.780688442453148,0.815788195141836,1059,232,33,130,18,26,15,104
0.745261827881511,0.78395212928702,1050,241,34,44,18,17,16,27
0.683499335989376,0.734454013863039,1086,205,36,72,14,10,22,62
0.715920373312153,0.718326854171077,1053,238,32,11,16,6,16,5
0.826315093840867,0.88718088019142,1056,235,30,131,21,38,9,93
0.745332023024007,0.793513718308693,1068,223,34,58,14,19,20,39
0.747496373250971,0.754999906604139,1074,217,34,18,18,7,16,11
0.768298461762776,0.798233297371931,1071,220,44,76,21,18,23,58
0.742454328832407,0.785403019410052,1065,226,32,51,16,16,16,35
0.739780453837962,0.765783267112524,1060,231,39,34,19,15,20,19
0.70784301047459,0.759897688687057,1070,221,37,91,17,28,20,63
0.746582207762332,0.826438792890925,1041,250,49,105,29,32,20,73
0.697924940428912,0.749831057591074,1069,222,32,88,13,19,19,69
0.729040962724591,0.772031310378359,1068,223,48,52,22,14,26,38
0.760629746185948,0.78687162110071,1093,198,47,91,17,17,30,74
0.716902731608614,0.718149788721042,1054,237,33,12,15,5,18,7
0.698111100079428,0.742326285263596,1068,223,32,51,12,14,20,37
0.800545007032349,0.803051794620431,1075,216,27,16,15,6,12,10
0.742012779552716,0.742247031572008,1075,216,39,15,16,6,23,9
0.727709320695103,0.724652464922756,1085,206,25,12,12,5,13,7
0.811360911270983,0.834861610562585,1080,211,40,56,26,16,14,40
0.804612741210679,0.805277919617578,1092,199,30,15,15,7,15,8
0.709326829268293,0.746566006042474,1062,229,41,84,17,20,24,64
0.772501998401279,0.799098950981124,1073,218,40,26,20,9,20,17
0.736366045189575,0.736822495925292,1080,211,33,17,13,7,20,10
0.726429638194344,0.729422153688111,1046,245,33,13,13,6,20,7
0.721970774602354,0.726396832646066,1054,237,37,15,18,7,19,8
0.678214731585518,0.729129301649195,1066,225,45,49,20,14,25,35
0.701306338471878,0.744387041142357,1064,227,38,49,17,13,21,36
0.764276796861067,0.799970474294846,1067,224,45,65,21,24,24,41
0.72115980522355,0.774262707250575,1060,231,36,58,16,19,20,39
0.756896849002112,0.79471962730216,1046,245,37,91,20,22,17,69
0.79529376498801,0.824887738351263,1062,229,40,28,23,12,17,16
0.74226427622842,0.784595684951122,1063,228,36,83,16,20,20,63
0.700198255352894,0.775486289024323,1067,224,30,82,16,24,14,58
0.762848780487805,0.798088289986378,1062,229,41,47,18,10,23,37
0.660502434705622,0.693508766906757,1051,240,36,33,13,14,23,19
0.825754567116759,0.844981028173456,1085,206,32,55,18,18,14,37
0.714606741573034,0.743820008886903,1076,215,45,52,18,13,27,39
0.728068292682927,0.792957889351587,1072,219,41,79,22,28,19,51
0.64930618744313,0.702963483576664,1062,229,35,52,12,10,23,42
0.745517048148627,0.779296830906026,1052,239,37,49,20,23,17,26
0.648805222334634,0.689085608036695,1105,186,33,73,10,14,23,59
0.727969790066564,0.774921067267683,1079,212,31,41,14,10,17,31
0.777925967523047,0.80062556604827,1077,214,34,24,13,6,21,18
0.716787989080983,0.758018553582641,1068,223,35,153,16,41,19,112
0.752345611596505,0.787548178705021,1071,220,32,34,18,17,14,17
0.674754269261319,0.674778578417376,1057,234,32,18,11,7,21,11
0.762439132359451,0.816909471594819,1076,215,36,73,19,20,17,53
0.812609912070344,0.84504002497878,1092,199,40,92,21,19,19,73
0.722304367606915,0.761061081760948,1062,229,35,37,16,9,19,28
0.796390168970814,0.83010000166248,1080,211,31,105,16,26,15,79
0.714493149324861,0.782672835754087,1091,200,32,143,14,21,18,122
0.674867799148299,0.705916934218946,1056,235,34,39,11,9,23,30
0.71642920969023,0.757459940036113,1076,215,32,109,12,15,20,94
0.733764513176278,0.778463434559559,1093,198,33,68,14,15,19,53
0.726038338658147,0.741122386727427,1058,233,39,28,20,12,19,16
0.700022133687472,0.734709071289245,1070,221,36,34,16,11,20,23
0.806750774679061,0.812259108323407,1090,201,36,11,19,6,17,5
0.821555819477435,0.81566666808214,1070,221,28,18,18,10,10,8
0.721022708600348,0.745056291218184,1055,236,49,39,22,14,27,25
0.776328467504938,0.832901403689285,1084,207,33,142,18,29,15,113
0.730205835331735,0.776380512987251,1059,232,40,38,21,20,19,18
0.684202919497037,0.706833472416603,1077,214,33,85,9,15,24,70
0.756096449661005,0.810056665621119,1082,209,44,82,20,25,24,57
0.793040111199365,0.79566444304112,1079,212,32,12,15,6,17,6
0.66422044053623,0.699269023916541,1062,229,37,31,11,9,26,22
0.790963431786217,0.845012852810467,1077,214,27,76,16,18,11,58
0.729441568856164,0.766243490146482,1043,248,44,25,22,16,22,9
0.681171102246024,0.681004168392447,1062,229,29,9,8,2,21,7
0.702045018484721,0.762284740957739,1095,196,34,36,16,9,18,27
0.766133183583696,0.8319645232855,1078,213,34,44,20,12,14,32
0.717205023732516,0.758609297358261,1067,224,38,133,14,33,24,100
0.739130806595061,0.77000456866411,1068,223,47,53,24,13,23,40
0.684536082474227,0.74276359432246,1083,208,30,81,14,15,16,66
0.735354338295515,0.794348968696458,1076,215,33,76,17,23,16,53
0.745883563657748,0.777114029455265,1069,222,38,43,16,13,22,30
0.78819133870006,0.789593639568208,1051,240,43,18,22,9,21,9
0.748110077307245,0.791312632174432,1060,231,47,89,24,28,23,61
0.674642218246869,0.733422571039898,1074,217,43,59,15,15,28,44
0.767737245572297,0.802563971193513,1051,240,30,42,14,12,16,30
0.818614431164232,0.848747722357558,1046,245,36,95,21,25,15,70
0.804006656426011,0.85091427480672,1048,243,31,46,21,18,10,28
0.702131264490815,0.772925553432757,1055,236,45,70,23,22,22,48
0.839568487727633,0.856359136976428,1046,245,28,68,19,17,9,51
0.795302523563393,0.833349120934567,1037,254,26,37,18,16,8,21
0.672963700752545,0.740585058493599,1067,224,36,70,14,16,22,54
0.680409455943898,0.721678885786047,1095,196,28,24,9,6,19,18
0.73742803766823,0.779261560828934,1076,215,42,43,17,19,25,24
0.68398546368654,0.745621626628634,1075,216,29,59,12,10,17,49
0.749918105667088,0.781641255645093,1082,209,34,67,15,19,19,48
0.753918495297806,0.793298625352008,1072,219,44,42,22,12,22,30
0.673970731707317,0.713908957866872,1062,229,41,44,18,11,23,33
0.719157041042025,0.767502810680526,1077,214,39,34,22,18,17,16
0.754145154884829,0.796235201935502,1046,245,32,76,16,21,16,55
0.70705368289638,0.740179102719096,1055,236,45,62,20,20,25,42
0.748685288158972,0.799131274181323,1087,204,37,55,19,18,18,37
0.715565833212892,0.751973966031946,1065,226,33,52,14,11,19,41
0.68434940855323,0.687102812404904,1089,202,35,19,11,8,24,11
0.693445692883895,0.73540405923779,1091,200,45,47,17,13,28,34
0.758226140579082,0.761807374329002,1066,225,33,15,15,8,18,7
0.778995130588756,0.801615730028775,1050,241,36,34,20,17,16,17
0.734288125496426,0.782247766189149,1049,242,32,44,16,10,16,34
0.750887804878049,0.784983713804259,1059,232,41,62,23,17,18,45
0.72203448840829,0.769275357339545,1078,213,39,79,15,15,24,64
0.72820487804878,0.773206021400223,1057,234,41,84,20,27,21,57
0.732513877874703,0.770851662495721,1068,223,30,33,12,4,18,29
0.716227018385292,0.76671964044314,1048,243,40,97,17,22,23,75
0.683343325339728,0.723953163413501,1054,237,40,35,14,12,26,23
0.723399795873733,0.783089848470876,1053,238,44,136,21,32,23,104
0.67731129499727,0.732622593776987,1060,231,38,95,15,20,23,75
0.760839399454049,0.831121851075617,1070,221,35,121,21,25,14,96
0.756401137980085,0.817205718892936,1067,224,37,70,19,21,18,49
0.757308774730121,0.795368522100444,1088,203,38,37,19,13,19,24
0.688705641492266,0.742277839928135,1084,207,35,29,16,9,19,20
0.721119444803655,0.773298749116615,1063,228,37,93,16,29,21,64
0.771560105227039,0.8069667458664,1079,212,42,47,20,11,22,36
0.731394884092726,0.767090446804527,1079,212,40,40,16,10,24,30
0.690172998038166,0.769961987822417,1054,237,45,149,20,31,25,118
0.785722888664065,0.818875677584397,1059,232,33,69,20,19,13,50
0.726106684373617,0.774376001901388,1063,228,36,70,14,18,22,52
0.718848780487805,0.774030000661039,1052,239,41,61,18,19,23,42
0.719199272065514,0.757114523783462,1063,228,35,112,14,26,21,86
0.632352109489877,0.669563910585389,1059,232,28,53,9,14,19,39
0.823487361317625,0.874367002994851,1068,223,42,95,28,29,14,66
0.730910054439466,0.793784672461061,1060,231,33,101,17,22,16,79
0.701970750847155,0.702101803551541,1058,233,45,22,17,12,28,10
0.740958662011294,0.766154158644507,1028,263,37,29,17,7,20,22
0.754355908726398,0.782231537415943,1075,216,44,38,20,14,24,24
0.83946370911133,0.847273441837174,1054,237,34,19,21,10,13,9
0.743158934335405,0.786758622478078,1063,228,33,87,15,24,18,63
0.730615630376014,0.775345906111875,1081,210,39,48,20,15,19,33
0.697361237488626,0.699831270142694,1071,220,35,15,14,4,21,11
0.681016833484986,0.71038937982947,1077,214,35,88,12,12,23,76
0.732114579798665,0.796479487840552,1059,232,28,78,14,20,14,58
0.726556097560976,0.794063696447346,1085,206,41,62,23,22,18,40
0.821970731707317,0.842468436793339,1056,235,41,42,21,17,20,25
0.787315518783542,0.836388256027269,1046,245,43,93,21,27,22,66
0.69479606188467,0.699524491134841,1081,210,27,11,12,4,15,7
0.735293387609214,0.771562138114224,1085,206,32,47,14,13,18,34
0.761007252215955,0.785509649128982,1054,237,50,30,25,19,25,11
0.765485581275055,0.783821083982655,1066,225,37,40,14,10,23,30
0.825619504396483,0.879599902628018,1079,212,40,55,29,22,11,33
0.721326205641492,0.795143122987693,1079,212,35,58,18,19,17,39
0.691721625932152,0.742485101217875,1083,208,37,55,14,14,23,41
0.663125276671093,0.715141782635237,1063,228,36,54,18,14,18,40
0.679750259577026,0.731957597252643,1082,209,29,73,10,16,19,57
0.768429805401112,0.774801299315362,1072,219,32,9,17,5,15,4
0.747695852534562,0.790135171735323,1045,246,31,57,14,19,17,38
0.739547315741583,0.772265219283328,1073,218,35,37,18,16,17,21
0.711852589641434,0.712952210528955,1064,227,36,17,14,6,22,11
0.690775452210503,0.757453263717378,1055,236,29,65,14,20,15,45
0.803821656050955,0.834696641170336,1073,218,35,95,18,27,17,68
0.736667039355993,0.788206584130873,1072,219,43,145,19,40,24,105
0.751980487804878,0.804117511181374,1068,223,41,64,24,18,17,46
0.776876158455106,0.785522024566588,1086,205,37,11,21,6,16,5
0.829504094631483,0.865409427371135,1066,225,35,76,19,18,16,58
0.70489029699556,0.756372368054682,1077,214,37,84,14,21,23,63
0.767293906810036,0.852165244097139,1050,241,31,137,18,38,13,99
0.72222474977252,0.720069954127364,1067,224,35,20,16,9,19,11
0.761498166579361,0.805524921548099,1064,227,46,89,26,29,20,60
0.706736818025849,0.729422140347215,1042,249,42,24,19,10,23,14
0.71678901850362,0.759205894682576,1069,222,48,46,24,12,24,34
0.766396018858041,0.806241070652924,1074,217,46,96,23,28,23,68
0.727969790066564,0.788549486792275,1079,212,31,78,14,22,17,56
0.725352593266606,0.758979055905106,1065,226,35,42,16,13,19,29
0.768083886294749,0.817511882993582,1061,230,39,73,18,22,21,51
0.748143881208397,0.75243416989558,1060,231,31,13,15,4,16,9
0.744956679167206,0.793226718223523,1061,230,37,37,19,13,18,24
0.806842525307683,0.804166157739655,1062,229,38,22,22,8,16,14
0.725122987477639,0.757174597146157,1065,226,43,66,18,20,25,46
0.779084187374234,0.803457815177834,1073,218,34,37,19,13,15,24
0.739239010255824,0.793347513418854,1058,233,42,91,23,30,19,61
0.724048780487805,0.786212265446028,1068,223,41,146,16,35,25,111
0.745167562621526,0.786395281003766,1047,244,42,81,24,26,18,55
0.754624945801416,0.782005589006921,1073,218,33,61,17,20,16,41
0.709254709254709,0.762043777500407,1074,217,37,67,19,20,18,47
0.736033643204958,0.764510492677129,1074,217,36,25,16,14,20,11
0.761914217633042,0.813180375454729,1078,213,32,50,18,17,14,33
0.774557229711869,0.790511584255271,1071,220,30,54,16,14,14,40
0.777887919640497,0.845453879630846,1067,224,30,45,20,15,10,30
0.770739991328227,0.780247978888388,1080,211,33,17,14,7,19,10
0.754116556748136,0.781937010457981,1079,212,37,56,16,15,21,41
0.763600317208565,0.816872807144224,1080,211,30,80,19,28,11,52
0.814900684030518,0.840135164343989,1071,220,24,42,12,10,12,32
0.776198868149325,0.827121719553001,1077,214,32,101,15,27,17,74
0.747009912345376,0.780357891208395,1076,215,39,30,19,15,20,15
0.731189071844024,0.787163616413278,1064,227,39,69,18,19,21,50
0.692817618415228,0.731790602783338,1078,213,36,59,19,16,17,43
0.722720046249458,0.767557110216915,1082,209,33,35,19,11,14,24
0.777393343246025,0.806224540680188,1057,234,42,87,25,29,17,58
0.725848888006354,0.771386989302339,1070,221,32,36,19,21,13,15
0.772408325435591,0.825068428558837,1055,236,44,55,23,17,21,38
0.756208524320996,0.758024297911761,1077,214,47,17,23,8,24,9
0.720873301358913,0.784028175569613,1061,230,40,51,24,17,16,34
0.717102828443035,0.736707635681153,1055,236,30,41,12,10,18,31
0.719725290880833,0.758782653883662,1057,234,38,83,19,22,19,61
0.724408097906897,0.771445433360747,1069,222,42,49,16,12,26,37
0.774659817476365,0.805989026240587,1055,236,29,30,17,12,12,18
0.833859510655091,0.843522290564761,1080,211,24,24,9,6,15,18
0.70744798583444,0.734441543067465,1051,240,36,24,16,11,20,13
0.781976744186046,0.833874351353794,1068,223,43,104,23,28,20,76
0.791608391608392,0.825925926268349,1065,226,26,46,10,12,16,34
0.74069181617105,0.762024936259687,1055,236,39,19,16,6,23,13
0.739378805500445,0.775120628718677,1058,233,47,45,22,14,25,31
0.679325046972106,0.734506437523875,1065,226,33,91,12,26,21,65
0.725238853503185,0.727940481779617,1075,216,35,15,16,7,19,8
0.770058976820738,0.799838621421344,1077,214,23,55,10,14,13,41
0.723416401906275,0.771987336097989,1097,194,32,76,14,13,18,63
0.757841958576971,0.806252693346977,1049,242,29,113,17,26,12,87
0.7152394106814,0.765692937863343,1051,240,24,15,12,3,12,12
0.771447543160691,0.823453442005727,1076,215,36,82,19,18,17,64
0.709234678875961,0.762183699980297,1069,222,38,129,18,30,20,99
0.719881335478681,0.722633117538723,1062,229,48,17,15,3,33,14
0.701027188918527,0.702776008559908,1073,218,34,17,17,9,17,8
0.721575853928795,0.76312371540597,1081,210,33,109,13,16,20,93
0.785157282579963,0.834076191143842,1073,218,30,66,15,19,15,47
0.692705546638131,0.74153948386849,1058,233,45,59,20,13,25,46
0.753039915411049,0.797399084649815,1068,223,30,120,17,24,13,96
0.80170429393537,0.829229395751913,1053,238,36,111,24,40,12,71
0.769733899821109,0.802747064065812,1055,236,43,23,25,12,18,11
0.698768622681666,0.70126036776942,1056,235,26,8,8,2,18,6
0.766608854844149,0.818053931249927,1084,207,33,59,19,19,14,40
0.759506418769367,0.798472549719353,1057,234,36,87,17,26,19,61
0.793485890776358,0.828513232468991,1042,249,34,109,20,31,14,78
0.769847103793002,0.79901042780409,1073,218,38,50,20,12,18,38
0.741882639559793,0.776114790757197,1044,247,38,19,19,8,19,11
0.773589626933576,0.817917700410238,1076,215,35,63,20,15,15,48
0.669438125568699,0.695358777602143,1090,201,35,15,8,3,27,12
0.742019154030327,0.803157516787376,1064,227,38,68,19,21,19,47
0.667965276802845,0.703867057815005,1080,211,34,92,14,24,20,68
0.720386654597181,0.765805553898542,1060,231,37,112,13,25,24,87
0.815787370103917,0.826814964448223,1082,209,40,37,22,13,18,24
0.736722711502535,0.773002634773227,1069,222,42,35,18,13,24,22
0.701369345150586,0.714767865568651,1057,234,38,16,17,6,21,10
0.804829268292683,0.845264698465125,1044,247,41,134,28,36,13,98
0.751899010874911,0.823304507353088,1079,212,29,43,18,11,11,32
0.700663410366698,0.75719900999421,1076,215,44,101,23,32,21,69
0.762313773183338,0.825657264769288,1078,213,26,103,13,20,13,83
0.753993250843645,0.791694532479693,1087,204,21,24,8,7,13,17
0.760927043848565,0.799438752537747,1068,223,34,34,18,8,16,26
0.757546920433518,0.814369318373944,1074,217,30,81,14,14,16,67
0.775773111176838,0.808000661802608,1042,249,49,80,28,26,21,54
0.771892317164945,0.829825298431947,1049,242,47,59,32,20,15,39
0.799592446956664,0.830798106984063,1093,198,39,41,21,14,18,27
0.803766822982195,0.841382339064773,1061,230,42,114,28,32,14,82
0.778857058848238,0.811009338685716,1074,217,38,80,18,17,20,63
0.75940899735372,0.753931989576595,1088,203,38,17,14,5,24,12
0.723726829268293,0.782798642074402,1069,222,41,63,19,21,22,42
0.685274847039553,0.690301915258836,1054,237,33,16,16,10,17,6
0.725534906048553,0.794108860480249,1046,245,23,141,12,26,11,115
0.802496159754224,0.806203347981587,1066,225,31,13,15,6,16,7
0.710223888006354,0.716798565983091,1072,219,32,18,15,9,17,9
0.766899996713661,0.827806007486641,1088,203,49,90,24,26,25,64
0.782532448439535,0.833625756451754,1063,228,38,80,26,22,12,58
0.731949499545041,0.766205078592617,1066,225,35,38,18,11,17,27
0.779414634146342,0.812578031931429,1075,216,41,77,24,21,17,56
0.676818545163869,0.729821939213735,1075,216,40,66,18,14,22,52
0.735026560424967,0.736633536868655,1065,226,36,22,19,11,17,11
0.78614431164232,0.814574521825616,1073,218,36,53,18,19,18,34
0.784180488674871,0.81471264970556,1055,236,45,34,25,14,20,20
0.787020092264287,0.851258707897765,1068,223,42,74,26,23,16,51
0.701177675371224,0.736592032619147,1074,217,31,52,14,14,17,38
0.730128453812664,0.75968389541131,1046,245,37,30,20,14,17,16
0.79825258141382,0.834343352121094,1063,228,32,49,18,11,14,38
0.76409756097561,0.805903210952394,1054,237,41,68,21,16,20,52
0.77528715424285,0.819367512333233,1064,227,27,81,13,19,14,62
0.753221624918983,0.791074328638844,1050,241,42,53,16,12,26,41
0.780679110405083,0.850273420760077,1051,240,32,107,14,28,18,79
0.733296274695633,0.789040827074455,1061,230,44,77,22,16,22,61
0.716914689503486,0.766930921756089,1072,219,34,57,12,15,22,42
0.737138527074629,0.776028922694255,1056,235,39,57,19,15,20,42
0.772686656076251,0.812551744117255,1053,238,32,65,18,17,14,48
0.778954087777617,0.781710316623305,1081,210,33,15,16,8,17,7
0.761110177678834,0.801725384323023,1082,209,38,71,20,17,18,54
0.745783532536521,0.789371997379402,1079,212,36,35,15,9,21,26
0.730754831765642,0.733306842826248,1059,232,34,16,16,8,18,8
0.754788444040036,0.791206115540991,1068,223,35,42,15,14,20,28
0.756096077835208,0.809156789119957,1091,200,26,55,16,18,10,37
0.712817873346296,0.78381137627189,1063,228,42,68,21,14,21,54
0.74439262966333,0.783715773767795,1070,221,35,21,19,8,16,13
0.765146708961142,0.765396922488394,1051,240,30,14,14,6,16,8
0.787324895551733,0.820929317792365,1058,233,39,97,20,25,19,72
0.724273738979621,0.769583486578146,1058,233,33,64,16,11,17,53
0.796838034576888,0.842211281074171,1079,212,35,66,20,22,15,44
0.687870739265162,0.733787201597562,1057,234,36,112,14,32,22,80
0.737571009188303,0.774872825490314,1065,226,42,70,19,21,23,49
0.741529786138799,0.801112470665996,1081,210,34,77,17,18,17,59
0.684651573066745,0.738430482369979,1046,245,38,88,15,26,23,62
0.68863287250384,0.742315931933359,1083,208,31,48,11,10,20,38
0.795683383918678,0.825230785106163,1090,201,33,30,17,17,16,13
0.742243902439024,0.798396095066975,1086,205,41,80,23,22,18,58
0.679162875341219,0.710698197044745,1042,249,35,64,12,15,23,49
0.691750325534507,0.710526115689494,1063,228,38,24,18,10,20,14
0.756048481445084,0.80339962152957,1081,210,34,62,15,12,19,50
0.788717604066031,0.845894286517648,1037,254,38,139,27,43,11,96
0.758483997958738,0.760527300187153,1095,196,44,27,20,15,24,12
0.795404558004586,0.826611869793096,1045,246,34,56,21,23,13,33
0.750290088638195,0.800814728316524,1047,244,50,66,24,22,26,44
0.802844519459889,0.841885657843799,1072,219,32,97,16,27,16,70
0.811817414614774,0.860045143806363,1078,213,32,134,18,27,14,107
0.760026206186532,0.765004952044386,1071,220,34,15,17,7,17,8
0.748480880041907,0.753494050340734,1053,238,46,19,21,10,25,9
0.757667473769169,0.81292733026267,1052,239,52,96,28,29,24,67
0.727425039714059,0.780815000667527,1072,219,32,45,13,15,19,30
0.822341480236217,0.855234960691776,1075,216,37,41,21,14,16,27
0.730254777070064,0.788949489266471,1060,231,35,111,18,29,17,82
0.805912195121951,0.843381070211865,1060,231,41,72,25,17,16,55
0.717336954179059,0.757421171835042,1058,233,37,31,17,12,20,19
0.775798109505975,0.798759484904755,1082,209,45,21,21,8,24,13
0.71249756097561,0.776927441197045,1092,199,41,63,18,19,23,44
0.76388417599819,0.782522684194343,1081,210,28,82,10,14,18,68
0.732585365853659,0.795486496399263,1068,223,41,54,20,17,21,37
0.723304706115965,0.80239997021867,1067,224,32,116,14,21,18,95
0.679648780487805,0.688164820228421,1068,223,41,15,15,6,26,9
0.755652866242038,0.812883519242395,1073,218,35,84,19,24,16,60
0.765136327185244,0.769904294238098,1040,251,44,24,27,16,17,8
0.738475507543304,0.768099585484277,1060,231,52,52,22,16,30,36
0.749822972570066,0.801202443011219,1053,238,43,129,22,33,21,96
0.773075031422482,0.817920563872682,1059,232,29,113,16,22,13,91
0.740066807313643,0.748286660949761,1058,233,27,13,15,8,12,5
0.729094631483167,0.779868930439775,1058,233,35,92,18,25,17,67
0.763220085170106,0.800511492914924,1072,219,34,53,19,18,15,35
0.779724912077853,0.783114693361707,1065,226,33,15,19,10,14,5
0.804243394715773,0.829905175325083,1080,211,42,52,26,23,16,29
0.749789729969013,0.784792934579878,1063,228,36,87,17,23,19,64
0.747131905894793,0.816218377112679,1075,216,30,77,14,24,16,53
0.752560006553617,0.811422741370452,1077,214,39,62,22,20,17,42
0.718843405992564,0.721874871335532,1050,241,44,15,23,5,21,10
0.687717898097198,0.720616898081605,1072,219,38,33,16,12,22,21
0.78762548830176,0.834021690452571,1076,215,38,69,22,23,16,46
0.749117174959872,0.801886340716383,1071,220,45,131,23,31,22,100
0.770814698867024,0.817375843569079,1102,189,43,57,20,14,23,43
0.773843902439024,0.816304219371666,1070,221,41,62,20,17,21,45
0.742201956119482,0.807249409745519,1058,233,30,99,17,28,13,71
0.735598296597876,0.739516511856274,1064,227,34,14,20,7,14,7
0.739866588904279,0.795560123711881,1057,234,44,117,22,24,22,93
0.739749733759318,0.766479703541489,1049,242,39,28,18,11,21,17
0.743834526650756,0.787952528741928,1079,212,34,70,17,17,17,53
0.697643829349194,0.732107580130742,1060,231,42,52,18,12,24,40
0.762511373976342,0.802685687116494,1060,231,35,49,18,17,17,32
0.760851760851761,0.818720871064755,1101,190,33,87,17,21,16,66
0.659595148920992,0.693725036467823,1075,216,45,32,16,8,29,24
0.687429595494111,0.727124753451979,1073,218,31,115,15,24,16,91
0.811335345855695,0.847986550771504,1067,224,43,120,25,35,18,85
0.691446769790719,0.739897516200968,1065,226,35,48,14,11,21,37
0.620506912442396,0.664668640033718,1082,209,31,38,11,9,20,29
0.732029268292683,0.766531783713127,1068,223,41,40,19,14,22,26
0.771823963000434,0.804100673782599,1088,203,33,50,14,7,19,43
0.725131695970445,0.731679528798201,1051,240,47,25,22,11,25,14
0.762063145353455,0.801858536779344,1075,216,32,77,16,21,16,56
0.736165724584255,0.743932131227713,1092,199,39,14,18,5,21,9
0.774322616874912,0.815596840052864,1084,207,34,35,16,13,18,22
0.743378258224531,0.784913944777725,1066,225,34,82,14,17,20,65
0.751054904686259,0.809178080395975,1067,224,32,48,18,16,14,32
0.801297937581384,0.844577315274179,1073,218,38,34,25,16,13,18
0.717541463414634,0.756582702775991,1064,227,41,51,18,12,23,39
0.779288274449565,0.7801261588218,1087,204,31,19,13,8,18,11
0.760790172642762,0.818483462843565,1048,243,36,92,18,22,18,70
0.809237467132204,0.808009243189979,1079,212,37,21,19,13,18,8
0.782910901331954,0.812988590148594,1080,211,37,62,20,15,17,47
0.703548408313602,0.708636458269199,1055,236,24,12,10,7,14,5
0.711752988047809,0.757492579823009,1050,241,36,66,16,12,20,54
0.731509384086704,0.779754012712045,1045,246,30,47,15,13,15,34
0.669787939773405,0.699249010749655,1057,234,43,36,16,10,27,26
0.80572622265913,0.824398875524265,1074,217,39,79,14,23,25,56
0.809978598180845,0.845606546313635,1038,253,45,38,24,15,21,23
0.678214849921011,0.706317850253101,1093,198,25,106,7,21,18,85
0.772897426088857,0.816846972966187,1090,201,29,55,16,21,13,34
0.684447605500237,0.735604530981533,1092,199,37,70,16,12,21,58
0.758225628121545,0.800736262035962,1051,240,42,81,22,20,20,61
0.767591858313508,0.820375643499939,1076,215,30,53,16,12,14,41
0.803199628394994,0.840484938381654,1087,204,29,101,18,27,11,74
0.736885207543638,0.740978675471347,1074,217,34,22,14,10,20,12
0.690685882038965,0.730619119598757,1084,207,42,33,19,12,23,21
0.764251592356688,0.813227417976178,1076,215,35,77,16,17,19,60
0.707084050135168,0.709182078058418,1074,217,39,16,19,7,20,9
0.66879150066401,0.724005666826579,1067,224,36,82,13,21,23,61
0.759282573940847,0.826696797415707,1062,229,40,51,23,17,17,34
0.794631483166515,0.822438308737322,1095,196,35,118,15,22,20,96
0.713789287295263,0.758384769012147,1060,231,36,83,17,18,19,65
0.7651728844404,0.820319655983686,1059,232,35,89,20,23,15,66
0.666177636796193,0.712461327680076,1055,236,30,100,13,22,17,78
0.743802567507747,0.776928327320028,1089,202,36,35,16,13,20,22
0.751596169193934,0.787224584231776,1052,239,38,75,19,25,19,50
0.783383038602092,0.803961432830649,1083,208,38,50,19,17,19,33
0.759812238434566,0.793929830455168,1075,216,28,110,13,28,15,82
0.778050778050778,0.825005868259824,1057,234,37,69,24,17,13,52
0.750095314346716,0.778837744546942,1067,224,42,30,20,9,22,21
0.672951638689049,0.729309220879778,1067,224,40,61,16,19,24,42
0.752856011763375,0.80233508930858,1057,234,28,50,16,12,12,38
0.680644090305445,0.714950221795402,1056,235,36,80,14,22,22,58
0.750559552358113,0.781712135199718,1073,218,40,20,19,9,21,11
0.71676397698156,0.766334085813443,1058,233,38,46,19,14,19,32
0.706452889944576,0.764339965537397,1070,221,28,67,14,17,14,50
0.823975934459805,0.82145418930914,1061,230,31,16,19,10,12,6
0.721020725813058,0.756947915042839,1042,249,39,47,21,19,18,28
0.728474988933156,0.787103201332367,1064,227,36,75,20,18,16,57
0.810526707704527,0.830021313760168,1080,211,32,23,17,13,15,10
0.753563096887075,0.791519185385259,1061,230,44,32,25,8,19,24
0.770949166004766,0.794377125286194,1063,228,32,46,13,15,19,31
0.759459805427547,0.760831614284279,1064,227,31,21,14,11,17,10
0.728806994245241,0.772868232546947,1087,204,36,54,13,8,23,46
0.707631938125569,0.706570835368434,1095,196,35,27,15,12,20,15
0.775441818903892,0.829942694818915,1081,210,32,54,16,16,16,38
0.642624830361739,0.716598457679951,1078,213,34,164,12,33,22,131
0.682782374931743,0.751213571887743,1061,230,38,87,16,19,22,68
0.73686848436247,0.754921032698541,1063,228,44,35,23,16,21,19
0.793272535025112,0.789337032591,1064,227,30,14,18,9,12,5
0.712877624167947,0.745788993672128,1087,204,31,113,11,27,20,86
0.628946329913181,0.654750364066172,1088,203,24,95,6,8,18,87
0.755492123139182,0.809534412003076,1066,225,33,69,17,13,16,56
0.71223441223193,0.754814148518485,1051,240,32,59,14,19,18,40
0.792600086717734,0.829482591873938,1056,235,33,87,19,24,14,63
0.72777525022748,0.80531144639058,1064,227,35,73,21,21,14,52
0.771151219512195,0.808208354648985,1082,209,41,64,22,24,19,40
0.750563201441796,0.791578936702439,1062,229,39,52,21,16,18,36
0.649876933895921,0.679772094040383,1067,224,27,123,6,20,21,103
0.764979526842584,0.823536726487909,1098,193,35,57,18,10,17,47
0.731894643647631,0.781580300385022,1037,254,36,80,17,15,19,65
0.83054892601432,0.854100947953403,1059,232,34,79,21,27,13,52
0.746158831827367,0.784564491917117,1053,238,42,97,22,32,20,65
0.781925243215566,0.847459546776449,1057,234,31,106,17,25,14,81
0.780710067799081,0.783204397388309,1029,262,44,26,24,14,20,12
0.704349758996678,0.710716579173561,1097,194,34,17,13,8,21,9
0.725485150024782,0.777849864620975,1067,224,42,32,22,15,20,17
0.742432620627509,0.793435340484002,1074,217,39,65,20,23,19,42
0.724238382703917,0.771953635968104,1056,235,34,128,17,39,17,89
0.707712017473852,0.737959285923524,1052,239,38,25,16,11,22,14
0.770403352540597,0.820303610529548,1065,226,46,73,23,20,23,53
0.723395307658256,0.776504765986356,1069,222,36,58,15,17,21,41
0.65422197640118,0.654127491076991,1040,251,48,24,18,9,30,15
0.794632580787959,0.838381334137626,1073,218,36,108,19,28,17,80
0.688921747042766,0.733944454986096,1058,233,35,27,17,10,18,17
0.757204236610712,0.802456822342027,1055,236,40,65,21,19,19,46
0.708128597501053,0.754552183697935,1078,213,34,77,11,17,23,60
0.694975609756098,0.758484106896647,1080,211,41,103,15,21,26,82
0.712164818194581,0.773777087061657,1056,235,34,89,19,23,15,66
0.736684588566388,0.772934111070556,1057,234,38,59,19,17,19,42
0.758970262963873,0.800274144465989,1074,217,39,84,19,24,20,60
0.688878950506857,0.695625614790334,1077,214,43,15,21,4,22,11
0.740673339399454,0.785971432921553,1087,204,35,46,15,11,20,35
0.711737943585077,0.753520780238503,1071,220,35,75,16,24,19,51
0.692701786982895,0.722056833892076,1073,218,29,44,10,15,19,29
0.742144379474288,0.792683176272561,1076,215,29,128,13,21,16,107
0.739424390243902,0.780485685234989,1063,228,41,87,19,24,22,63
0.728309700968693,0.771430821054511,1069,222,34,69,18,26,16,43
0.709227027660572,0.713035251941624,1052,239,27,8,12,3,15,5
0.778234213661636,0.780215279643445,1034,257,32,20,17,13,15,7
0.761815291227056,0.832455863820389,1093,198,33,70,17,15,16,55
0.698860727086534,0.752133546742612,1083,208,31,38,10,8,21,30
0.771746627009785,0.814944283086269,1093,198,37,23,22,8,15,15
0.811775121735281,0.84718204969907,1059,232,36,137,19,31,17,106
0.708097021580168,0.757116667350446,1068,223,45,51,22,16,23,35
0.761333526039408,0.819499826251025,1053,238,33,58,17,16,16,42
0.741338324498607,0.781719861111247,1060,231,29,126,16,26,13,100
0.799978941457251,0.803204830647352,1070,221,34,22,18,11,16,11
0.737192902638762,0.741659731816287,1084,207,35,20,17,11,18,9
0.794624300559552,0.799019770227926,1061,230,40,22,25,15,15,7
0.725434146341463,0.777601320089783,1071,220,41,107,18,24,23,83
0.68198519693365,0.729678248965534,1071,220,30,54,12,11,18,43
0.758286361227538,0.797239494447724,1080,211,33,56,13,12,20,44
0.668572953600976,0.709839631651097,1047,244,42,61,18,21,24,40
0.738669082605242,0.789642345913195,1083,208,32,68,17,22,15,46
0.725271872779933,0.779553188436927,1067,224,29,73,13,20,16,53
0.741815316283401,0.80776844739821,1061,230,22,36,8,7,14,29
0.730921884882985,0.790372439849439,1074,217,51,52,26,21,25,31
0.765860307293454,0.794559816014977,1044,247,42,60,22,17,20,43
0.725147861692447,0.750929134591044,1053,238,35,23,16,10,19,13
0.714968025579536,0.718656965885774,1047,244,40,22,19,8,21,14
0.730970275087922,0.778186749410612,1072,219,33,50,15,14,18,36
0.686867057188245,0.735394386682718,1058,233,32,98,16,26,16,72
0.782595455118243,0.82461914534491,1077,214,38,70,21,15,17,55
0.72837317473026,0.775065100055388,1057,234,42,43,21,17,21,26
0.727713773681516,0.798340548627702,1055,236,31,99,17,35,14,64
0.667769483090148,0.71074848806098,1039,252,28,41,13,9,15,32
0.749289578665501,0.811555206021582,1071,220,29,57,16,14,13,43
0.795190243902439,0.836500413941893,1053,238,41,87,25,23,16,64
0.753939796370075,0.801606485868933,1057,234,36,102,19,23,17,79
0.705258646392367,0.735834912175596,1076,215,43,55,16,11,27,44
0.676106728738308,0.709877574746356,1062,229,37,48,14,11,23,37
0.760108100519444,0.802169969126403,1071,220,34,38,18,12,16,26
0.722052791153915,0.789863682260278,1056,235,45,64,24,19,21,45
0.804786171063149,0.838528977917759,1051,240,40,57,18,16,22,41
0.751397119044178,0.794317643010888,1081,210,33,80,16,19,17,61
0.705901177675371,0.784095964384554,1081,210,31,90,15,23,16,67
0.70662908898203,0.755709558570782,1077,214,33,89,16,27,17,62
0.681240063593005,0.727149785725465,1079,212,33,36,10,8,23,28
0.699291722000885,0.746051531234172,1084,207,36,49,18,15,18,34
0.79554763660195,0.833298785447013,1072,219,39,58,23,17,16,41
0.738249400479616,0.788988570473649,1079,212,40,41,19,14,21,27
0.806635780803968,0.864491191458055,1052,239,34,118,22,25,12,93
0.728823625788482,0.754979355019601,1062,229,39,22,17,7,22,15
0.761673629884492,0.796727388046389,1059,232,39,24,23,11,16,13
0.685848699962196,0.690739210983662,1063,228,38,17,14,3,24,14
0.732394924662966,0.787247080754058,1059,232,30,39,14,10,16,29
0.77120818225354,0.773545372744699,1048,243,47,32,26,16,21,16
0.733184913567313,0.732764656291211,1070,221,46,27,24,13,22,14
0.755834146341463,0.808442087359607,1065,226,41,58,17,15,24,43
0.764187003822405,0.803218388291665,1071,220,38,62,21,15,17,47
0.748338714960925,0.791455905883427,1045,246,34,78,18,27,16,51
0.755985634477255,0.794864185187458,1075,216,38,37,17,8,21,29
0.639865942497521,0.696372291338944,1064,227,37,45,13,13,24,32
0.737998469053,0.776166069918946,1048,243,44,54,20,13,24,41
0.694636456733231,0.722375415440871,1078,213,31,54,8,18,23,36
0.717516870639369,0.767467964424753,1058,233,42,40,23,18,19,22
0.740911418330773,0.770362499312091,1075,216,31,33,11,8,20,25
0.763745704467354,0.795521743108055,1080,211,30,19,15,4,15,15
0.802070063694267,0.81506294589725,1056,235,35,11,23,8,12,3
0.739431164231961,0.790062560053096,1069,222,36,71,14,23,22,48
0.752551770487672,0.791746111207137,1056,235,38,95,21,21,17,74
0.747204472843451,0.745780724438055,1061,230,39,11,18,6,21,5
0.77654686078253,0.8224534439398,1062,229,35,53,20,16,15,37
0.748443593076555,0.811365343168834,1069,222,47,64,25,22,22,42
0.713697651951107,0.755494981992942,1063,228,38,54,18,15,20,39
0.743650793650794,0.798397678331047,1074,217,31,149,14,27,17,122
0.766977108697237,0.799731759457172,1069,222,44,79,19,20,25,59
0.757769472856019,0.767873549909527,1063,228,20,15,12,10,8,5
0.701359587435537,0.736157041789291,1067,224,27,50,10,13,17,37
0.727022529441884,0.774187329934358,1066,225,31,30,15,8,16,22
0.738351254480287,0.763201475378144,1058,233,31,23,12,12,19,11
0.757891696481813,0.785887100486432,1054,237,43,56,20,18,23,38
0.751978417266187,0.807201230344401,1052,239,40,101,25,35,15,66
0.788259246691551,0.841037065100841,1087,204,28,44,14,12,14,32
0.804528139592038,0.843292085257933,1069,222,39,64,21,18,18,46
0.664457481015256,0.720745182979716,1070,221,47,100,16,23,31,77
0.70346392208942,0.739693040829116,1072,219,36,104,15,20,21,84
0.807156398104265,0.858732133685739,1059,232,25,83,15,24,10,59
0.795987957729172,0.832241511762271,1034,257,39,37,22,15,17,22
0.778291273943448,0.811152347205514,1079,212,26,97,14,13,12,84
0.658234570661896,0.699226209501032,1054,237,43,45,16,13,27,32
0.7228517186251,0.723571891122369,1075,216,40,16,20,7,20,9
0.797814591230287,0.834294325170201,1065,226,34,93,21,25,13,68
0.780615543773439,0.805190543688053,1056,235,37,41,22,18,15,23
0.767001302138027,0.80971561423551,1045,246,38,59,23,23,15,36
0.802879434458382,0.828087754245492,1057,234,37,41,23,16,14,25
0.737045570916539,0.780572429630574,1053,238,31,31,15,9,16,22
0.733685524746571,0.77286787492283,1068,223,43,73,22,21,21,52
0.760177108115253,0.791632816862922,1080,211,30,25,14,9,16,16
0.757463103756709,0.818481810128157,1074,217,43,86,23,18,20,68
0.770318725099602,0.797432128895174,1051,240,36,35,17,13,19,22
0.738444995261355,0.78085708878389,1056,235,44,56,21,23,23,33
0.746425222691045,0.761098010202567,1089,202,27,57,10,5,17,52
0.683296469238961,0.739114443162699,1076,215,39,80,13,18,26,62
0.755428424353035,0.757000725374187,1085,206,34,19,19,11,15,8
0.724843625893566,0.720259984507347,1068,223,32,15,15,8,17,7
0.697671862509992,0.734949069027239,1050,241,40,87,17,17,23,70
0.679080420766882,0.754077567911237,1067,224,28,62,13,19,15,43
0.716637963624144,0.780520306443306,1066,225,38,93,18,23,20,70
0.761506897153833,0.778850087685494,1068,223,46,29,22,11,24,18
0.734609313338595,0.736637438056278,1071,220,24,12,11,7,13,5
0.745174091141833,0.751680081452382,1087,204,31,17,14,7,17,10
0.794293134915064,0.846199941779985,1073,218,34,52,18,20,16,32
0.757955344585091,0.788830798533736,1081,210,27,32,13,10,14,22
0.722258871701547,0.772963685054627,1060,231,35,93,17,20,18,73
0.763619104716227,0.804234748876857,1073,218,40,32,21,13,19,19
0.778943797089241,0.777634229028364,1077,214,34,20,17,10,17,10
0.749087868653086,0.800541709775403,1072,219,26,64,14,18,12,46
0.710196779964222,0.715248475630557,1069,222,43,21,20,11,23,10
0.678917965304322,0.721497819645551,1070,221,38,84,12,19,26,65
0.789532117367169,0.813252697549016,1052,239,30,70,17,18,13,52
0.740587529976019,0.805916958203092,1068,223,40,107,21,24,19,83
0.740661965423112,0.777528680433953,1064,227,35,58,17,15,18,43
0.804433081810961,0.838956809427622,1058,233,32,66,19,20,13,46
0.743573988735279,0.778806979336243,1067,224,31,32,13,12,18,20
0.754838709677419,0.829137396209164,1110,181,31,105,15,22,16,83
0.770656305903399,0.770382038261376,1059,232,43,17,27,9,16,8
0.744664946342263,0.76139017985938,1092,199,39,26,21,12,18,14
0.762230215827338,0.814808371015491,1090,201,40,88,20,24,20,64
0.84638942617666,0.869623853431289,1088,203,22,26,14,12,8,14
0.73417569606364,0.755571808033923,1077,214,23,100,8,16,15,84
0.764586100044267,0.800417633501131,1040,251,36,53,19,18,17,35
0.74519708101668,0.788832946558856,1068,223,32,71,15,17,17,54
0.731024390243902,0.773327417856285,1076,215,41,43,17,16,24,27
0.729096262160778,0.736165539964614,1075,216,31,15,14,6,17,9
0.717607243319269,0.753781995163574,1071,220,27,26,10,8,17,18
0.819988437635496,0.838305419329445,1077,214,33,49,17,12,16,37
0.70815131056394,0.772070129378807,1067,224,32,112,13,14,19,98
0.708807937531342,0.775509158053749,1071,220,22,42,10,6,12,36
0.789331940689768,0.85157064347527,1045,246,39,100,24,25,15,75
0.744040036396724,0.786895574448263,1059,232,35,43,20,16,15,27
0.655082932049224,0.703067582250884,1056,235,45,131,16,29,29,102
0.696890216910137,0.740316919898295,1064,227,36,64,10,12,26,52
0.698241303504461,0.755238138869481,1077,214,37,70,16,19,21,51
0.73535233570863,0.739741884012134,1078,213,28,17,14,9,14,8
0.841307814992025,0.874627540416784,1055,236,37,77,26,27,11,50
0.68050462720447,0.723476995715234,1081,210,46,73,16,15,30,58
0.706701030927835,0.709880667345506,1099,192,30,8,11,3,19,5
0.775668023772755,0.807119782211845,1100,191,34,75,14,16,20,59
0.76017363904532,0.789154916057327,1050,241,48,36,21,14,27,22
0.741051211639447,0.796133740609138,1081,210,33,82,15,12,18,70
0.703643289348983,0.739526389827889,1094,197,44,61,16,17,28,44
0.782639591463121,0.781900559878767,1066,225,33,17,11,6,22,11
0.699185113622044,0.745325583939196,1085,206,38,32,17,10,21,22
0.768975873709293,0.80297393898722,1063,228,32,53,18,22,14,31
0.706438812083973,0.752001391272806,1072,219,31,35,13,9,18,26
0.708282130056324,0.763664507550147,1084,207,31,49,13,13,18,36
0.807768924302789,0.857455916290354,1099,192,36,114,26,29,10,85
0.814391785150079,0.852587755650238,1072,219,25,43,13,14,12,29
0.755837896017596,0.790319014691548,1072,219,34,27,18,10,16,17
0.739611431070934,0.742437517668193,1065,226,44,24,19,13,25,11
0.732114579798665,0.781455270922024,1076,215,28,48,15,11,13,37
0.731463414634146,0.782852893384237,1080,211,41,58,22,21,19,37
0.761066178479698,0.807353068464536,1101,190,29,52,11,14,18,38
0.779663330300273,0.802546347193184,1075,216,35,20,17,10,18,10
0.727492422380601,0.829699169639346,1068,223,39,162,21,36,18,126
0.748858569645087,0.787213446266861,1065,226,45,62,23,19,22,43
0.707878276409849,0.711213975883261,1063,228,32,13,17,7,15,6
0.812704736609119,0.847235388530058,1052,239,36,103,17,17,19,86
0.723220553137723,0.772024274555864,1071,220,34,111,16,24,18,87
0.721629463241144,0.783053921174629,1052,239,34,81,18,17,16,64
0.72197315986873,0.738973046192092,1060,231,27,58,10,16,17,42
0.721259537049011,0.713551189390584,1051,240,37,14,15,4,22,10
0.722574676182923,0.791118347133284,1054,237,30,61,18,21,12,40
0.69392486011191,0.743506705172656,1064,227,40,109,17,28,23,81
0.750235725510739,0.752457475917472,1076,215,46,24,26,16,20,8
0.696155709600477,0.727745384056587,1073,218,43,119,12,25,31,94
0.724876066195232,0.765855396643817,1083,208,44,61,18,15,26,46
0.701937296657793,0.728313753229256,1080,211,49,32,23,14,26,18
0.744700582935877,0.778327967884517,1060,231,33,56,15,14,18,42
0.735667485667486,0.738647067814737,1077,214,37,21,17,9,20,12
0.753747849594495,0.806505767040725,1060,231,39,106,19,29,20,77
0.761947177921049,0.764722112225058,1044,247,28,19,15,12,13,7
0.771838034576888,0.800904217128296,1092,199,35,24,16,12,19,12
0.750591446769791,0.804752818118402,1060,231,35,107,21,37,14,70
0.648136585365854,0.677569260409681,1043,248,41,52,12,12,29,40
0.757758955127376,0.790144255041403,1075,216,37,37,20,16,17,21
0.798461140566404,0.833939437442275,1088,203,37,38,20,13,17,25
0.801119104716227,0.809587777327675,1069,222,40,20,23,12,17,8
0.645042054006198,0.689145535465452,1070,221,36,44,14,13,22,31
0.777240673339399,0.812066150151438,1047,244,35,65,20,19,15,46
0.732641994633274,0.779167361471171,1058,233,43,99,21,22,22,77
0.803619596121601,0.828472657414219,1084,207,44,67,22,12,22,55
0.684162669864109,0.70068567262199,1062,229,40,81,14,18,26,63
0.761767748609854,0.794784524614347,1076,215,37,34,18,11,19,23
0.678286852589641,0.704941557735417,1058,233,36,52,11,16,25,36
0.777653321770969,0.797821309152526,1077,214,33,26,16,9,17,17
0.756363435148296,0.785651093143966,1069,222,36,35,19,15,17,20
0.781529437804338,0.810230553948466,1071,220,36,67,20,17,16,50
0.756859635210151,0.799730485473529,1072,219,30,87,15,25,15,62
0.754287710170063,0.75676663899424,1067,224,33,21,19,13,14,8
0.754211389385808,0.794878067270251,1069,222,43,83,20,20,23,63
0.740862932285086,0.739452177536572,1052,239,34,13,18,7,16,6
0.780471996644935,0.805212434664165,1034,257,42,46,25,25,17,21
0.751457339692634,0.820958007272037,1097,194,33,71,15,14,18,57
0.798323729701415,0.841491732157603,1064,227,46,63,21,16,25,47
0.792961487383798,0.829155359818873,1071,220,36,55,17,15,19,40
0.778527583971939,0.818633837484178,1066,225,42,68,24,23,18,45
0.709368711685151,0.743133679071353,1068,223,34,77,15,20,19,57
0.796897971184946,0.827818402029274,1041,250,38,65,24,23,14,42
0.71645639663568,0.792781779073719,1054,237,36,72,17,21,19,51
0.722994525626105,0.771805171325873,1080,211,37,84,16,13,21,71
0.749267772041303,0.752112621878007,1076,215,32,14,15,6,17,8
0.770429393536963,0.775164349586912,1055,236,36,20,21,13,15,7
0.739490445859873,0.792334926971515,1069,222,35,66,15,23,20,43
0.709751899010875,0.762551546435855,1072,219,29,108,14,22,15,86
0.728281374106434,0.771778731449016,1097,194,32,39,11,13,21,26
0.727070063694267,0.765621152634583,1086,205,35,81,16,17,19,64
0.755614015021541,0.798038125096696,1052,239,42,45,24,12,18,33
0.689838129496403,0.694875721496127,1065,226,40,15,18,7,22,8
0.759450838398207,0.823568312400512,1057,234,37,62,21,16,16,46
0.687921765984216,0.693037822404034,1055,236,42,18,19,10,23,8
0.768526281256834,0.817352293339414,1061,230,44,109,26,33,18,76
0.757437275985663,0.801974534718114,1064,227,31,49,18,18,13,31
0.796012915906219,0.834092980216479,1061,230,34,57,18,17,16,40
0.803287804878049,0.803062861599199,1078,213,41,20,23,11,18,9
0.751460823373174,0.775252801318342,1069,222,36,29,15,11,21,18
0.806451035174439,0.810377553658724,1082,209,22,14,15,8,7,6
0.64531490015361,0.698001553668767,1068,223,31,81,11,17,20,64
0.740185365853658,0.776636161202529,1079,212,41,44,17,13,24,31
0.714706551410373,0.758742122916628,1067,224,35,90,17,19,18,71
0.710002457606292,0.764256689648127,1040,251,39,84,20,22,19,62
0.711115768754101,0.76591337291908,1061,230,44,39,19,15,25,24
0.744489674344718,0.775181173222477,1057,234,32,31,18,15,14,16
0.722825799629923,0.781086340303685,1074,217,30,52,15,14,15,38
0.733564604185623,0.799856549080827,1054,237,35,46,16,16,19,30
0.706906103964928,0.751624626191535,1088,203,33,20,17,8,16,12
0.757496028594122,0.797943866956855,1084,207,32,73,16,21,16,52
0.722156097560976,0.76947560807137,1077,214,41,68,20,21,21,47
0.746680891417734,0.775879857631877,1076,215,37,56,16,14,21,42
0.734779353268754,0.784913385802564,1074,217,34,54,17,12,17,42
0.745530909261079,0.784446193322269,1061,230,34,64,15,17,19,47
0.651294820717131,0.684595796221302,1078,213,36,51,8,9,28,42
0.752035941765241,0.813242431178238,1062,229,35,107,17,31,18,76
0.820060702413644,0.869982523614007,1075,216,33,105,19,25,14,80
0.721962430055955,0.725863428888146,1065,226,40,14,18,8,22,6
0.807799778388014,0.849989545371109,1042,249,33,73,19,21,14,52
0.726078048780488,0.779398023505671,1052,239,41,46,22,15,19,31
0.76020245677889,0.804713326485353,1037,254,35,58,16,17,19,41
0.748425499231951,0.803078858042928,1082,209,31,44,16,10,15,34
0.77254484645789,0.806387151705003,1078,213,26,107,15,22,11,85
0.720385832475504,0.774665082037693,1068,223,42,81,19,22,23,59
0.730440967283073,0.735487976934579,1079,212,37,15,16,9,21,6
0.785884218873909,0.82855959668783,1077,214,30,56,19,22,11,34
0.713577522800824,0.762216926358041,1075,216,55,72,26,22,29,50
0.764983415303672,0.795462809646156,1074,217,42,41,23,19,19,22
0.691062353134051,0.740734115706809,1069,222,29,46,10,8,19,38
0.731362582486178,0.729552901138486,1071,220,45,15,21,8,24,7
0.768385291766587,0.771629415120386,1065,226,40,21,19,7,21,14
0.797401433691756,0.821669298550162,1062,229,31,135,16,26,15,109
0.700392875851231,0.728563866497443,1066,225,46,30,23,12,23,18
0.751935364954534,0.810818520623411,1055,236,39,82,25,27,14,55
0.750891742464776,0.792383037709317,1047,244,45,51,27,20,18,31
0.715346326710631,0.74764891425696,1067,224,38,31,16,7,22,24
0.745937324884693,0.764342047098654,1062,229,37,20,20,11,17,9
0.760971609546431,0.80114828502618,1087,204,28,80,13,15,15,65
0.756028938906752,0.803564189987765,1058,233,47,91,28,26,19,65
0.741377696663391,0.783331123027758,1067,224,34,85,13,18,21,67
0.77941567065073,0.8644841653449,1058,233,36,130,20,39,16,91
0.768831849135673,0.85174156954465,1047,244,46,213,27,45,19,168
0.787297019046282,0.855066266234654,1061,230,34,74,20,23,14,51
0.74805793439094,0.749728434118635,1062,229,34,17,14,8,20,9
0.773255312728997,0.796257832769631,1057,234,37,53,19,16,18,37
0.771092682926829,0.837929663314559,1043,248,41,89,24,31,17,58
0.727795400475813,0.749515619657274,1042,249,30,91,14,22,16,69
0.710187655014273,0.755865726464858,1067,224,34,28,16,7,18,21
0.750009531434672,0.747407825403734,1067,224,42,21,22,13,20,8
0.719572553430821,0.720556321006178,1049,242,21,16,10,7,11,9
0.731539043138573,0.732115737072972,1059,232,38,20,17,6,21,14
0.737986497220016,0.76264315339796,1085,206,32,17,14,6,18,11
0.773112195121951,0.774820912212779,1066,225,41,21,20,10,21,11
0.786493801292125,0.789514692550309,1066,225,46,25,27,13,19,12
0.728068292682927,0.760972813207693,1067,224,41,79,18,18,23,61
0.688418364888953,0.734551223655054,1071,220,33,50,13,13,20,37
0.766887003420153,0.836256164333459,1068,223,24,89,13,20,11,69
0.746253658536585,0.781129005434901,1055,236,41,53,20,22,21,31
0.712977707006369,0.753401352607549,1074,217,35,114,14,32,21,82
0.75150939177102,0.804212785682442,1045,246,43,81,26,25,17,56
0.687731849496555,0.765009049546691,1078,213,33,115,15,18,18,97
0.773000656120143,0.82189648210014,1061,230,44,97,21,27,23,70
0.719074158325751,0.756772731891628,1066,225,35,72,15,18,20,54
0.709020055599682,0.755450318573962,1046,245,32,16,16,6,16,10
0.722119185162663,0.757689383285913,1061,230,26,26,12,12,14,14
0.725630586363424,0.774410393840369,1065,226,34,23,18,9,16,14
0.778315748903984,0.816344611127943,1074,217,33,43,15,10,18,33
0.705420058835602,0.738921014846861,1053,238,47,32,21,13,26,19
0.772217816547713,0.824663819131261,1051,240,30,38,16,9,14,29
0.75308764940239,0.817130963017334,1055,236,36,108,23,28,13,80
0.759996627643686,0.761043048162511,1054,237,33,14,17,7,16,7
0.783433685590235,0.823041920129918,1067,224,39,28,22,12,17,16
0.694124552772809,0.747194763712558,1052,239,43,51,18,14,25,37
0.705349267022304,0.732594369092518,1044,247,38,17,19,8,19,9
0.744494995450409,0.779428328855468,1055,236,35,118,17,22,18,96
0.718753953194181,0.772126372243474,1078,213,51,96,22,30,29,66
0.660749435007654,0.720191702557467,1071,220,44,57,19,15,25,42
0.785437874108811,0.845413063887276,1083,208,42,78,27,28,15,50
0.714815269927091,0.763442942761066,1070,221,39,76,21,22,18,54
0.760010240655402,0.773035473456936,1075,216,31,20,14,9,17,11
0.797832408141687,0.797792249165413,1075,216,30,12,18,6,12,6
0.681933297663635,0.687424521671568,1047,244,45,22,18,7,27,15
0.761874678272263,0.797284820585754,1073,218,34,44,18,14,16,30
0.741365648396087,0.776758072112766,1041,250,29,34,12,9,17,25
0.701249858613279,0.744100899852851,1068,223,28,41,13,10,15,31
0.743809317338729,0.790293169749901,1057,234,33,43,18,11,15,32
0.770481310803891,0.836179545528577,1061,230,31,117,16,36,15,81
0.722974870138986,0.725396704308194,1058,233,34,19,16,6,18,13
0.704708364053412,0.746760467160118,1051,240,39,85,19,25,20,60
0.741846522781775,0.786631388297269,1051,240,40,39,22,12,18,27
0.78884430176565,0.825493053990476,1059,232,45,50,26,14,19,36
0.798978045383796,0.832222580746662,1059,232,39,78,22,26,17,52
0.742007545671168,0.786635371400979,1081,210,32,79,12,22,20,57
0.713706028729782,0.758132009460849,1072,219,28,28,13,8,15,20
0.729083257506824,0.729272232537814,1072,219,35,14,15,6,20,8
0.724741698120401,0.759121781590298,1069,222,42,45,18,10,24,35
0.750021002226236,0.786015302662076,1062,229,38,111,18,28,20,83
0.731775896908002,0.788028796224393,1088,203,42,102,18,24,24,78
0.737465878070974,0.813904636799284,1044,247,35,127,20,32,15,95
0.703231518370961,0.766611891828433,1091,200,36,115,17,23,19,92
0.724508050089445,0.76975164620173,1085,206,43,96,21,26,22,70
0.728716306378436,0.765040812746751,1060,231,42,23,19,7,23,16
0.71618516833485,0.753550016377497,1064,227,35,100,12,18,23,82
0.677662570404506,0.677197203068981,1077,214,31,13,11,5,20,8
0.743536963258079,0.780802762738073,1069,222,36,92,16,18,20,74
0.683531588686228,0.716233298075974,1085,206,30,69,11,12,19,57
0.723031313186513,0.758542640207438,1063,228,29,85,15,19,14,66
0.75370238810864,0.790537392310849,1049,242,29,65,14,14,15,51
0.752635779392616,0.802781011303652,1077,214,38,52,21,17,17,35
0.752095053914674,0.792255366476811,1095,196,27,29,13,7,14,22
0.70474932415827,0.745089574850026,1065,226,39,36,21,14,18,22
0.700292682926829,0.749543437293158,1067,224,41,75,20,19,21,56
0.768849310284617,0.769594503569843,1054,237,46,21,26,11,20,10
0.704131137900617,0.755757455931197,1060,231,38,90,21,25,17,65
0.772690821608223,0.815042289997148,1053,238,44,77,24,27,20,50
0.643846834882691,0.697875235460646,1064,227,36,155,15,32,21,123
0.719754316069057,0.754430441858647,1060,231,36,56,16,13,20,43
0.732453907928967,0.778270961146831,1065,226,28,78,13,23,15,55
0.70745999075902,0.749670592123166,1066,225,38,33,17,7,21,26
0.803853046594982,0.838619225028299,1090,201,31,70,16,13,15,57
0.688786482334869,0.6897449707752,1064,227,31,17,10,5,21,12
0.683607094389068,0.744772877607978,1067,224,34,101,14,25,20,76
0.705649970184854,0.70844898657163,1060,231,43,7,17,2,26,5
0.728218835304823,0.778482825587966,1071,220,35,48,17,11,18,37
0.7426296633303,0.767983033466265,1046,245,35,47,16,17,19,30
0.773162641621944,0.801865381201568,1053,238,43,32,26,15,17,17
0.718092078315721,0.77150237469648,1053,238,39,54,18,18,21,36
0.745375609756098,0.772648675308562,1061,230,41,69,19,21,22,48
0.742593512082092,0.759431019583151,1044,247,19,6,11,2,8,4
0.692709281164695,0.731013251635516,1054,237,35,89,13,23,22,66
0.664855694079073,0.70825410432003,1067,224,42,71,19,19,23,52
0.774027137736815,0.81672394186886,1071,220,31,99,17,25,14,74
0.756208499335989,0.804198690015089,1084,207,36,46,17,17,19,29
0.709959280624364,0.749343264010753,1067,224,28,78,10,17,18,61
0.721819447857787,0.790461617739309,1088,203,39,47,19,13,20,34
0.755873097978361,0.759137004777529,1079,212,37,17,20,9,17,8
0.72589928057554,0.72794236682558,1055,236,40,18,17,6,23,12
0.832479769628928,0.861362770414912,1059,232,44,89,30,35,14,54
0.768770951631662,0.767191025015703,1059,232,47,17,27,8,20,9
0.72203448840829,0.746780904287104,1082,209,39,54,13,17,26,37
0.780389951256093,0.799917636655041,1077,214,21,24,10,8,11,16
0.739308007847334,0.798116290800056,1061,230,45,68,18,18,27,50
0.742762284196547,0.781481579402798,1053,238,36,73,19,27,17,46
0.694885907997376,0.734390385452971,1058,233,44,77,17,19,27,58
0.748310395674613,0.774606875291022,1057,234,39,20,18,8,21,12
0.737962843226001,0.738613154787109,1071,220,37,12,15,6,22,6
0.730165853658537,0.796620493487622,1084,207,41,70,18,16,23,54
0.76560919207978,0.803976352003101,1090,201,33,85,14,18,19,67
0.713513668077319,0.778539779144694,1046,245,42,55,22,16,20,39
0.781230428289252,0.832775066802359,1092,199,33,64,17,18,16,46
0.798810476952991,0.80363533150486,1083,208,42,19,25,9,17,10
0.735807693774067,0.79032236160349,1073,218,42,77,21,21,21,56
0.724374431301183,0.754935634802478,1069,222,35,23,14,8,21,15
0.769984264358773,0.769345948989943,1054,237,20,13,6,3,14,10
0.738921936290357,0.741412698653198,1049,242,37,20,15,6,22,14
0.800982904187844,0.848628659722215,1058,233,38,103,22,23,16,80
0.723298164474635,0.782647640639074,1071,220,33,124,15,28,18,96
0.732890995260664,0.764733084627652,1075,216,25,78,13,17,12,61
0.769954036770584,0.770933464479372,1087,204,40,22,21,12,19,10
0.752354264363872,0.804091774327418,1063,228,42,53,21,16,21,37
0.811125438785013,0.860085152110565,1060,231,22,110,12,23,10,87
0.801489814533293,0.799657365111735,1087,204,26,15,12,7,14,8
0.768075432319618,0.830149000731204,1072,219,43,119,24,30,19,89
0.730369869746867,0.73052344975476,1086,205,39,10,18,7,21,3
0.655873170731707,0.694578333575063,1067,224,41,59,12,15,29,44
0.739314436060365,0.736705786565231,1064,227,32,13,16,6,16,7
0.783085224261695,0.82675061821555,1072,219,33,52,17,18,16,34
0.67674253200569,0.755091146344618,1065,226,37,97,17,30,20,67
0.71426116838488,0.748599627695031,1089,202,30,27,11,6,19,21
0.765862752704858,0.825034402424378,1077,214,37,112,20,27,17,85
0.753744075829384,0.807550547728647,1063,228,25,59,12,12,13,47
0.715499606608969,0.762845159415074,1087,204,20,57,8,13,12,44
0.731055217897323,0.774202577079705,1063,228,37,65,15,13,22,52
0.749052708969574,0.797837771638705,1048,243,28,95,15,22,13,73
0.730536585365854,0.783340436895589,1051,240,41,44,21,11,20,33
0.736450354097413,0.77886482638684,1086,205,33,64,15,20,18,44
0.755162827640985,0.791640458061777,1075,216,32,56,14,14,18,42
0.755755395683453,0.804100879792949,1051,240,40,88,19,16,21,72
0.74548471916893,0.780644053901204,1072,219,37,46,19,17,18,29
0.761830535571543,0.821617696171087,1073,218,40,84,21,25,19,59
0.732100238663484,0.776898037039505,1089,202,34,73,14,12,20,61
0.749260691537762,0.793309003605974,1060,231,35,55,16,15,19,40
0.823642800944138,0.849017392596346,1082,209,20,23,14,8,6,15
0.745606632247816,0.743925191100651,1053,238,32,10,15,4,17,6
0.78183575978162,0.804222394386235,1062,229,35,101,17,24,18,77
0.742302684084513,0.78404074256507,1064,227,38,57,13,17,25,40
0.733828285798295,0.794392857992658,1067,224,38,87,16,23,22,64
0.753784860557769,0.801766637960556,1058,233,36,64,18,18,18,46
0.730121596616442,0.739754600256702,1052,239,30,19,17,10,13,9
0.699797933584963,0.70328324762801,1060,231,42,18,19,8,23,10
0.713247011952191,0.746078028435104,1049,242,36,29,16,10,20,19
0.749920382165605,0.778510601644718,1048,243,35,37,20,10,15,27
0.691306954436451,0.73061214046295,1029,262,40,81,18,20,22,61
0.741120314474238,0.76458757493373,1070,221,34,24,16,8,18,16
0.788443506797937,0.817117014221537,1071,220,27,72,13,13,14,59
0.751108059931589,0.770363274508776,1069,222,33,28,12,8,21,20
0.748191446842526,0.783398158184303,1063,228,40,83,22,23,18,60
0.694752841660058,0.747168168764425,1064,227,30,85,11,14,19,71
0.728020993343574,0.79170607924052,1063,228,31,60,14,19,17,41
0.709287804878049,0.735090003484645,1085,206,41,28,15,9,26,19
0.73043374153383,0.764060881294703,1074,217,47,44,24,15,23,29
0.751532593944499,0.792349513801458,1076,215,34,54,19,20,15,34
0.708689120809614,0.782507599482849,1082,209,51,130,23,30,28,100
0.753121098626717,0.758185717929949,1067,224,45,27,25,17,20,10
0.691456834532374,0.697643725842181,1060,231,40,20,16,8,24,12
0.71375892149088,0.740259224992104,1080,211,30,21,12,6,18,15
0.802917665867306,0.841170674910531,1061,230,40,89,22,26,18,63
0.738338453661034,0.813409390173008,1044,247,31,65,15,24,16,41
0.734967024440709,0.788570702141075,1083,208,37,73,19,15,18,58
0.698831817371143,0.744919138654446,1062,229,45,82,19,26,26,56
0.756997639350581,0.757740127385303,1051,240,33,19,18,13,15,6
0.701374238162213,0.729300839818148,1065,226,27,22,12,8,15,14
0.714837122497455,0.7597101705904,1070,221,28,56,14,15,14,41
0.757977810820085,0.814931746688155,1081,210,42,48,24,17,18,31
0.741111657245843,0.781263023329133,1042,249,39,112,18,21,21,91
0.761378947714351,0.806141759055924,1061,230,49,44,25,12,24,32
0.770707567036361,0.843493592975508,1072,219,34,77,18,18,16,59
0.741998151804091,0.801371398212577,1066,225,38,48,20,15,18,33
0.776204227082821,0.81576887312593,1079,212,39,52,19,18,20,34
0.72042395821419,0.755105569198789,1051,240,42,44,18,11,24,33
0.778097521982414,0.830853091671243,1058,233,40,66,26,17,14,49
0.6629380576749,0.69605681835382,1081,210,37,62,8,8,29,54
0.800068243858053,0.821197419785553,1075,216,35,28,20,9,15,19
0.670664090393582,0.713121695442128,1076,215,38,54,14,15,24,39
0.719875403027488,0.782465629191468,1072,219,29,74,12,17,17,57
0.801012238362118,0.8133466515692,1075,216,42,35,23,17,19,18
0.76998853117064,0.818639879937513,1057,234,39,37,23,15,16,22
0.721431324372501,0.7468638449003,1068,223,33,18,16,9,17,9
0.730656949636661,0.731238823375761,1067,224,38,22,18,9,20,13
0.731413029781157,0.777343937819994,1055,236,38,78,18,16,20,62
0.731366045217126,0.791829145443685,1052,239,42,78,22,28,20,50
0.731905281969817,0.777551276968153,1050,241,32,31,13,8,19,23
0.76748996477431,0.798859192290919,1029,262,39,71,21,17,18,54
0.745946570336456,0.804470536834576,1040,251,38,68,18,18,20,50
0.705732366674859,0.769724676969736,1083,208,39,92,16,18,23,74
0.68585296526473,0.740546196125839,1045,246,33,94,13,27,20,67
0.764453297919433,0.80502990270889,1068,223,36,65,19,22,17,43
0.755423793649926,0.789439469120181,1063,228,29,71,15,16,14,55
0.819563239308462,0.866796101206786,1032,259,35,87,21,28,14,59
0.73635905405973,0.772060330519331,1069,222,38,29,18,12,20,17
0.707677434030937,0.765012866316072,1074,217,35,173,15,40,20,133
0.774740622505986,0.77631416299801,1086,205,38,16,18,9,20,7
0.709756097560976,0.745591319101721,1068,223,41,47,16,15,25,32
0.745870185783144,0.803548284073339,1056,235,34,57,20,14,14,43
0.78006993006993,0.824712369006441,1065,226,26,57,15,13,11,44
0.678872777914311,0.71763460614317,1063,228,39,109,16,22,23,87
0.753842077371489,0.821528583354036,1057,234,33,86,17,19,16,67
0.719431643625192,0.769256383719938,1061,230,31,48,15,10,16,38
0.754184299820809,0.791989804106595,1061,230,42,85,23,23,19,62
0.678175545752743,0.722683676076784,1065,226,28,84,9,20,19,64
0.770857856251115,0.818888075751558,1058,233,45,91,21,24,24,67
0.749033052039381,0.788339707241503,1084,207,27,113,13,20,14,93
0.755524715833994,0.784672775916449,1074,217,30,35,16,13,14,22
0.693444394752534,0.738534020161906,1052,239,43,85,20,21,23,64
0.682488343764439,0.735846371085734,1065,226,38,54,15,18,23,36
0.7327768945416,0.771243836523839,1087,204,33,45,11,11,22,34
0.806517460086025,0.845745206256036,1047,244,44,35,26,17,18,18
0.772667195347608,0.83485666915112,1064,227,30,70,16,20,14,50
0.740493447180302,0.762826226541987,1053,238,32,92,16,26,16,66
0.755909489496359,0.799048095844679,1081,210,42,61,19,13,23,48
0.790139442231076,0.83583672071114,1067,224,36,54,21,19,15,35
0.786186904607957,0.853245206838848,1068,223,37,105,21,28,16,77
0.762981459943901,0.803337906868498,1078,213,47,52,23,16,24,36
0.738136585365854,0.800663662734184,1087,204,41,60,19,17,22,43
0.754275473630312,0.768635031076845,1083,208,31,81,16,15,15,66
0.703412754795344,0.746786095854023,1069,222,29,59,9,11,20,48
0.797032326444091,0.832158914343684,1043,248,33,34,18,14,15,20
0.676560424966799,0.706394716028561,1076,215,36,32,9,9,27,23
0.789632107023412,0.793196827591014,1069,222,26,13,17,8,9,5
0.821226539783241,0.849132174825886,1072,219,30,87,16,19,14,68
0.691351283236023,0.713608516840324,1078,213,38,29,15,10,23,19
0.720280511254383,0.758470757715908,1083,208,28,117,13,22,15,95
0.784205328322975,0.798198864273605,1082,209,33,38,17,12,16,26
0.75336896862456,0.77751361055574,1080,211,39,25,20,11,19,14
0.765738920291636,0.804470291618501,1087,204,39,55,19,15,20,40
0.758905823475887,0.790997696800006,1089,202,35,47,14,10,21,37
0.754728455123114,0.760933425309517,1086,205,32,11,15,7,17,4
0.705768467037331,0.778949179030993,1064,227,32,85,13,22,19,63
0.678862559241706,0.731199569682069,1074,217,25,75,11,18,14,57
0.734540012962751,0.796696573300743,1039,252,42,102,22,33,20,69
0.791356097560976,0.815095731058737,1055,236,41,33,23,15,18,18
0.702923198264813,0.709368119229892,1064,227,49,17,25,5,24,12
0.758768429453522,0.771142694415148,1048,243,38,119,18,27,20,92
0.768944782102677,0.811871479226949,1058,233,37,74,21,23,16,51
0.760403412377097,0.798226086687184,1079,212,56,115,25,25,31,90
0.809099483717236,0.849263111096227,1048,243,32,37,18,13,14,24
0.716157074340528,0.749203550160363,1055,236,40,56,16,11,24,45
0.745570929781456,0.788504535231475,1093,198,37,39,21,14,16,25
0.768271359008411,0.80138692616693,1060,231,36,28,16,10,20,18
0.756964428457234,0.795358838640921,1062,229,40,73,20,17,20,56
0.687556869881711,0.766073765063177,1045,246,35,98,15,20,20,78
0.756867424774206,0.785411389747213,1064,227,34,66,18,16,16,50
0.73434299991808,0.78382883721326,1064,227,39,48,19,15,20,33
0.725186017127615,0.724848478597353,1073,218,34,14,14,7,20,7
0.750040985846221,0.753642301497687,1071,220,29,12,16,9,13,3
0.705648369132856,0.750111376835558,1074,217,34,35,14,9,20,26
0.753066349458102,0.799166700078709,1075,216,30,62,15,16,15,46
0.668593996840442,0.668471505679159,1087,204,25,16,6,5,19,11
0.725466107819049,0.735434547982055,1071,220,33,24,15,9,18,15
0.716806554756195,0.757492807874514,1083,208,40,55,16,7,24,48
0.77429090482888,0.800336306477084,1062,229,27,71,12,15,15,56
0.716998671978752,0.775517238343064,1047,244,36,53,16,18,20,35
0.769191514179485,0.766773349090842,1075,216,44,18,24,10,20,8
0.75960514458917,0.808343279706151,1074,217,39,119,18,27,21,92
0.697510792939505,0.733532235919504,1069,222,29,40,12,9,17,31
0.784242191500256,0.81008634931555,1073,218,31,85,16,19,15,66
0.710856573705179,0.731924081806137,1049,242,36,36,17,13,19,23
0.771229363334626,0.811597166582806,1054,237,37,88,18,21,19,67
0.794931385568836,0.83288548724138,1047,244,36,35,24,17,12,18
0.732438939634631,0.741145864614242,1080,211,32,11,17,5,15,6
0.736098310291859,0.782305069539073,1072,219,31,30,13,10,18,20
0.714849921011058,0.767902783496947,1098,193,25,74,10,17,15,57
0.770340858787074,0.810542389547062,1049,242,36,58,20,20,16,38
0.754831765641818,0.829795329527157,1074,217,34,82,21,21,13,61
0.73929756097561,0.78234395792996,1069,222,41,75,19,19,22,56
0.746351219512195,0.788735610879739,1055,236,41,76,22,23,19,53
0.76733150262562,0.795518567154208,1074,217,33,86,13,18,20,68
0.796352101506741,0.82539697781999,1066,225,30,29,15,12,15,17
0.740401982610157,0.773783537998428,1052,239,38,90,21,30,17,60
0.726308007279345,0.810311303351111,1045,246,35,126,17,38,18,88
0.687073170731707,0.717035134143795,1075,216,41,72,17,17,24,55
0.713885958743554,0.739654348182257,1072,219,27,98,13,17,14,81
0.650499600319744,0.650274600934134,1073,218,40,24,11,6,29,18
0.770142474185862,0.786216573430912,1082,209,32,18,16,7,16,11
0.778545978961656,0.829359826088707,1091,200,28,70,14,17,14,53
0.714592434471803,0.714290469277507,1067,224,32,21,17,11,15,10
0.688242953753098,0.748967311280628,1066,225,38,60,16,14,22,46
0.786282926829268,0.801174136928408,1075,216,41,33,22,19,19,14
0.776746842536316,0.778990221120448,1096,195,37,22,20,13,17,9
0.767334011989594,0.804361561397959,1066,225,28,82,15,13,13,69
0.768318637883855,0.768116395333272,1072,219,26,11,14,3,12,8
0.673522392250456,0.717419922727741,1040,251,34,63,13,18,21,45
0.771141463414634,0.824691659199857,1057,234,41,46,26,22,15,24
0.704230050707232,0.746209800637425,1048,243,42,69,19,18,23,51
0.791864608076009,0.805126118043474,1079,212,28,19,10,7,18,12
0.702240882274068,0.737271153916593,1036,255,48,45,20,13,28,32
0.756065490329148,0.75333855412044,1068,223,28,10,12,4,16,6
0.772458536585366,0.809210673453674,1056,235,41,44,21,13,20,31
0.700475874280655,0.738409881782249,1076,215,36,63,13,21,23,42
0.788429268292683,0.794079053262109,1074,217,41,12,23,7,18,5
0.666675983899821,0.704061435843085,1061,230,43,43,18,14,25,29
0.752084988085782,0.792724980742607,1080,211,32,46,13,11,19,35
0.754983855117226,0.788642635192791,1071,220,34,104,18,21,16,83
0.707115980522355,0.716214537729589,1080,211,36,15,17,8,19,7
0.786191992720655,0.820395799580736,1065,226,35,82,21,23,14,59
0.688657870185259,0.714608810238949,1084,207,61,41,27,13,34,28
0.797124600638978,0.795019363998087,1069,222,39,20,24,9,15,11
0.783894449499545,0.812133316007264,1063,228,35,26,18,10,17,16
0.785647565671585,0.828609898574681,1072,219,42,59,23,20,19,39
0.766242038216561,0.773099683691605,1090,201,35,18,15,6,20,12
0.709017735972671,0.750078413546433,1036,255,34,23,15,6,19,17
0.825919554354059,0.860144902016888,1083,208,39,85,22,27,17,58
0.853803486529319,0.894343053783237,1067,224,29,99,20,28,9,71
0.737007665873645,0.738113552193566,1035,256,30,13,12,7,18,6
0.6910617773825,0.693423012064072,1039,252,47,21,21,11,26,10
0.784398034398034,0.805877311732612,1087,204,37,39,17,14,20,25
0.741964049696008,0.765338965759869,1072,219,30,49,13,13,17,36
0.762956711675933,0.761006613628442,1077,214,32,12,17,6,15,6
0.742973069377564,0.743083874013115,1084,207,45,18,19,6,26,12
0.733535674712145,0.740876822483656,1066,225,33,14,17,8,16,6
0.798410813256419,0.828675496134597,1066,225,28,33,16,11,12,22
0.837551556055493,0.858536265556307,1085,206,21,34,9,7,12,27
0.798983475454064,0.826341162291135,1059,232,33,35,19,9,14,26
0.767188240872452,0.813075992127076,1087,204,37,44,17,11,20,33
0.723979183346677,0.770071638025077,1072,219,42,38,19,9,23,29
0.747964542082189,0.79151045930881,1074,217,33,34,15,9,18,25
0.782172995780591,0.818029829949011,1030,261,27,71,16,21,11,50
0.71023404889684,0.721919681388027,1079,212,43,27,21,13,22,14
0.760402833111996,0.790374984301462,1064,227,36,34,20,13,16,21
0.764900153609831,0.812437013559028,1071,220,31,81,17,26,14,55
0.674009630659253,0.725516386059508,1076,215,32,67,12,19,20,48
0.783462238398544,0.809406052654415,1064,227,35,31,21,14,14,17
0.811534942239506,0.848793277917381,1043,248,42,102,24,33,18,69
0.701682971882055,0.73409415910557,1100,191,47,52,17,18,30,34
0.751770487064605,0.7896137276186,1081,210,33,88,14,19,19,69
0.741340270752036,0.808565324970057,1056,235,33,44,17,14,16,30
0.777183651683251,0.814115984409578,1078,213,42,63,20,18,22,45
0.763782921677658,0.815648258285289,1060,231,37,52,20,20,17,32
0.793331609121083,0.830660734359179,1058,233,37,28,22,13,15,15
0.793868968570164,0.798028691242223,1034,257,36,13,22,9,14,4
0.747609756097561,0.781089726752983,1079,212,41,34,21,12,20,22
0.808471553415374,0.84964820923507,1072,219,45,96,29,23,16,73
0.701455868971792,0.74805958006781,1086,205,35,61,16,16,19,45
0.707704654895666,0.748262590094113,1070,221,45,46,19,13,26,33
0.735816692268305,0.766948825955203,1085,206,31,45,10,12,21,33
0.747521982414069,0.797078955325998,1066,225,40,60,22,27,18,33
0.71357622675514,0.762561933687231,1071,220,39,102,15,18,24,84
0.809719830302012,0.857431590146456,1069,222,38,46,26,19,12,27
0.690712195121951,0.741420383740025,1059,232,41,44,19,13,22,31
0.728995121951219,0.78511156520045,1090,201,41,86,18,22,23,64
0.713085122242099,0.717113392500764,1072,219,43,20,22,8,21,12
0.720576177698271,0.72525919394123,1059,232,43,23,21,10,22,13
0.667895167895168,0.703358218646897,1080,211,37,28,17,10,20,18
0.768493487343327,0.813510756883242,1091,200,39,96,19,27,20,69
0.762947439418028,0.792784350678707,1075,216,33,37,17,16,16,21
0.694552121529597,0.759130471589239,1061,230,46,61,21,14,25,47
0.69738398544131,0.770615689484908,1053,238,35,79,18,15,17,64
0.739784042415621,0.796367654589133,1074,217,37,101,19,25,18,76
0.646870554765292,0.656631335260556,1064,227,37,32,12,10,25,22
0.766066703070525,0.771926301699178,1055,236,38,18,18,4,20,14
0.701862897467131,0.743374395111091,1065,226,38,63,16,15,22,48
0.727104684355843,0.739268338514489,1071,220,34,15,16,7,18,8
0.790442516585259,0.80865953212883,1066,225,44,33,27,15,17,18
0.73605219949374,0.781907300791246,1049,242,47,164,26,41,21,123
0.739872167561121,0.767137213502548,1081,210,43,24,20,10,23,14
0.651545527447693,0.689378600577958,1082,209,44,26,17,9,27,17
0.741202208807151,0.774348601202845,1055,236,34,42,18,14,16,28
0.695788079914186,0.69807524683036,1053,238,48,26,21,11,27,15
0.688344683080147,0.747379280351022,1043,248,46,120,19,27,27,93
0.710097805974095,0.791920637524907,1061,230,30,90,14,22,16,68
0.775243470562196,0.814928004548395,1083,208,36,50,16,10,20,40
0.752684258416743,0.793733275772469,1057,234,35,54,18,17,17,37
0.70369066773934,0.740675002846822,1058,233,48,41,22,11,26,30
0.771023228462217,0.820895609547212,1053,238,38,55,20,19,18,36
0.718083222664896,0.766278245556863,1074,217,36,87,14,20,22,67
0.791168541959681,0.821159746095535,1057,234,27,26,13,7,14,19
0.811487383798141,0.834496428281624,1069,222,36,74,25,22,11,52
0.689120809614168,0.723735521508113,1065,226,51,45,17,9,34,36
0.692163330300273,0.696259939709554,1070,221,35,9,17,6,18,3
0.733331469886702,0.77641410756158,1070,221,43,81,18,21,25,60
0.745449014928167,0.797447519292599,1046,245,34,57,18,15,16,42
0.709079176722982,0.758152571037739,1062,229,48,43,21,10,27,33
0.795088679863354,0.812107124338427,1074,217,34,38,18,13,16,25
0.850502246894,0.853416930135074,1039,252,30,19,22,11,8,8
0.772099770695868,0.809775713402861,1059,232,34,84,19,25,15,59
0.638961973788721,0.667317054184796,1088,203,32,32,9,4,23,28
0.808895056833201,0.841228211846363,1064,227,30,46,17,11,13,35
0.757707009531374,0.799509151547763,1072,219,32,58,18,12,14,46
0.734975609756098,0.795374502311401,1069,222,41,139,19,32,22,107
0.732204515272244,0.734323189962171,1071,220,36,21,18,9,18,12
0.713776722090261,0.762069204017338,1086,205,28,77,12,15,16,62
0.740439214613122,0.767487237627191,1074,217,47,157,20,36,27,121
0.844924060751399,0.875924687244163,1078,213,40,111,27,33,13,78
0.749686852628029,0.792480398518737,1072,219,33,54,18,16,15,38
0.741252572772714,0.785745745757821,1073,218,38,80,17,15,21,65
0.791831879460745,0.859129575768958,1064,227,30,150,20,36,10,114
0.677510255038345,0.708678650480795,1064,227,45,43,14,12,31,31
0.649974398361495,0.703727167408043,1076,215,31,83,10,16,21,67
0.780909261079133,0.782233964071964,1057,234,34,11,18,7,16,4
0.745400475812847,0.775280242999083,1094,197,30,96,12,17,18,79
0.814168649220196,0.858991231423696,1091,200,30,55,15,14,15,41
0.752425757130256,0.793935209768103,1084,207,38,143,19,32,19,111
0.735978308986277,0.777484713405119,1083,208,36,64,14,9,22,55
0.740655401945725,0.810874864600912,1055,236,31,58,16,15,15,43
0.71157985867378,0.756668064995796,1065,226,34,51,15,16,19,35
0.71565059144677,0.784986755664627,1061,230,35,67,19,19,16,48
0.697704618840376,0.695315437067265,1045,246,34,18,15,8,19,10
0.695299096419993,0.724345508251431,1071,220,42,30,17,11,25,19
0.686597110754414,0.689038337317125,1068,223,45,19,14,6,31,13
0.776007082779991,0.805611724331585,1079,212,36,34,17,10,19,24
0.647921662669864,0.69986200695286,1051,240,40,110,12,19,28,91
0.730310262529833,0.783087244430799,1058,233,34,59,16,20,18,39
0.849129544290835,0.8516150743337,1062,229,31,12,24,9,7,3
0.755103540975343,0.803830965043936,1071,220,38,70,22,21,16,49
0.748555972240183,0.787065779022932,1058,233,37,52,17,19,20,33
0.772809756097561,0.80533018173425,1084,207,41,43,21,20,20,23
0.731380417335474,0.773095515943083,1055,236,45,56,21,22,24,34
0.777178278330714,0.811343800362974,1092,199,46,75,24,15,22,60
0.77431289640592,0.808631436846596,1064,227,44,68,25,20,19,48
0.743941802765332,0.748870929428377,1062,229,33,11,17,8,16,3
0.792256195043965,0.795185103344076,1063,228,40,13,22,10,18,3
0.768465227817746,0.775084475944823,1060,231,40,18,23,10,17,8
0.662418089753773,0.710983080007999,1070,221,32,59,14,15,18,44
0.764468425259792,0.79971237302474,1078,213,40,80,18,22,22,58
0.750614439324117,0.787073176604755,1084,207,31,84,14,14,17,70
0.788619027563293,0.822773689550104,1082,209,34,44,19,16,15,28
0.739286667429181,0.739506471836399,1042,249,42,20,23,11,19,9
0.751693227091634,0.796528836968001,1076,215,36,62,18,17,18,45
0.76527525022748,0.79799225325513,1058,233,35,68,16,18,19,50
0.719521564518945,0.753557519666677,1080,211,46,45,21,20,25,25
0.763001579778831,0.819591439793121,1076,215,25,78,10,16,15,62
0.771284253375695,0.808882317122196,1072,219,32,42,16,14,16,28
0.72800759392486,0.811841846206836,1067,224,40,109,17,23,23,86
0.683123063302346,0.740391559285004,1076,215,36,61,15,11,21,50
0.753288047405694,0.782679921287438,1068,223,33,21,15,8,18,13
0.730236749406079,0.800720500228193,1066,225,39,50,21,16,18,34
0.77381830097485,0.825431142326165,1061,230,39,100,22,23,17,77
0.802559144676979,0.8504786697681,1061,230,35,56,25,16,10,40
0.748948649845064,0.780247157962668,1053,238,36,55,18,17,18,38
0.743570731707317,0.765820679628231,1083,208,41,102,17,23,24,79
0.695277757527156,0.730717608737375,1087,204,44,92,17,17,27,75
0.714751350344571,0.762264441863,1068,223,52,62,24,22,28,40
0.695660522273426,0.695678808462209,1050,241,31,16,14,6,17,10
0.751485797182835,0.806241398946489,1075,216,34,109,16,24,18,85
0.722516641065028,0.722972920637104,1103,188,31,13,11,4,20,9
0.741107171451447,0.740336557925347,1073,218,42,16,17,6,25,10
0.71939512195122,0.725747102606987,1053,238,41,18,20,8,21,10
0.753211736716891,0.775904104218783,1056,235,30,72,16,27,14,45
0.769034146341463,0.825176685578321,1045,246,41,80,22,20,19,60
0.794193715246347,0.813293416299681,1075,216,37,36,19,10,18,26
0.743248780487805,0.743569347413298,1072,219,41,17,20,9,21,8
0.76114114852134,0.78999428241169,1074,217,39,33,20,15,19,18
0.725157696403703,0.724736591578678,1076,215,39,20,17,10,22,10
0.737204626687847,0.776627374385475,1069,222,32,40,15,16,17,24
0.76900479616307,0.821609056546413,1088,203,40,80,17,17,23,63
0.779373996789727,0.814441421438227,1069,222,45,43,25,16,20,27
0.772251858697022,0.77361387054583,1091,200,38,19,18,9,20,10
0.78130118289354,0.77922367145354,1058,233,35,10,18,4,17,6
0.784780487804878,0.829193022772011,1074,217,41,86,23,25,18,61
0.767784451945989,0.807709398274943,1080,211,32,47,14,17,18,30
0.770040713182648,0.824761894622467,1068,223,34,45,18,21,16,24
0.683987787926926,0.743824259040793,1093,198,32,81,14,17,18,64
0.777443902439025,0.802041625542765,1051,240,41,28,18,10,23,18
0.785111464968153,0.836729753903273,1055,236,35,63,21,20,14,43
0.764868292682927,0.774148464432704,1064,227,41,25,21,14,20,11
0.724553534857049,0.769525075912901,1065,226,39,36,21,13,18,23
0.756733393994541,0.80463575002657,1070,221,35,54,18,17,17,37
0.760125448028674,0.772436211613262,1067,224,31,33,15,9,16,24
0.697945982274121,0.720319975492584,1058,233,38,115,13,22,25,93
0.695788073193847,0.747472345990298,1064,227,44,53,20,15,24,38
0.720804542655812,0.752574198075799,1074,217,47,52,19,12,28,40
0.759902549670265,0.798991345982095,1069,222,38,30,18,10,20,20
0.709686226740035,0.758597549284507,1070,221,38,135,18,31,20,104
0.744357615170228,0.777746097761769,1053,238,29,114,12,22,17,92
0.696549420233631,0.737421558910099,1044,247,37,87,17,16,20,71
0.730356024473672,0.758759912889319,1054,237,33,70,13,17,20,53
0.727263614492965,0.777405628672554,1048,243,44,76,23,31,21,45
0.757017743403094,0.755684345151008,1065,226,35,19,15,9,20,10
0.686463456479469,0.690366457080514,1079,212,42,19,16,4,26,15
0.710911586411987,0.766044267981076,1074,217,42,47,19,11,23,36
0.804556354916067,0.836325358011512,1058,233,40,61,23,15,17,46
0.755909489496359,0.806117537999967,1054,237,42,94,18,22,24,72
0.764023261961406,0.769184741407744,1050,241,30,19,15,10,15,9
0.692777705935601,0.735675337199775,1071,220,37,102,13,24,24,78
0.71111551678562,0.71675870249234,1073,218,30,11,13,4,17,7
0.694283856048562,0.698814671095339,1075,216,33,14,11,2,22,12
0.737692451682344,0.775852481551145,1067,224,34,151,14,27,20,124
0.663134792287982,0.709724811132289,1080,211,38,123,10,25,28,98
0.768972807465189,0.801828260327966,1043,248,44,43,29,21,15,22
0.794039122389638,0.834383080664007,1050,241,30,46,16,16,14,30
0.776728110599078,0.821301110009474,1074,217,31,54,17,15,14,39
0.726648681055156,0.78419787250222,1085,206,40,25,21,12,19,13
0.740254967026505,0.772950844758739,1073,218,38,86,17,18,21,68
0.745819443685447,0.816192965504764,1086,205,29,43,16,11,13,32
0.77122757434259,0.818510746128897,1055,236,39,55,22,18,17,37
0.725300659511186,0.758737294805779,1076,215,37,126,16,37,21,89
0.729912490055688,0.812491541360521,1084,207,34,86,15,21,19,65
0.743254019569809,0.748571931121615,1083,208,37,25,15,10,22,15
0.717640094711918,0.768834977660056,1087,204,24,59,11,20,13,39
0.728105095541401,0.767812774591928,1054,237,35,43,19,15,16,28
0.71376898481215,0.758907105185244,1068,223,40,92,16,19,24,73
0.741809991809992,0.783032419598687,1077,214,37,44,16,10,21,34
0.842101459748519,0.868955174411088,1073,218,33,41,20,9,13,32
0.750341219290264,0.793618700332086,1052,239,35,88,18,19,17,69
0.735355762921922,0.735243187769822,1066,225,44,27,19,12,25,15
0.674780487804878,0.732023522674729,1062,229,41,102,16,26,25,76
0.689490292431469,0.759763393001679,1065,226,33,87,15,17,18,70
0.720811796898753,0.771028185147029,1064,227,26,52,9,10,17,42
0.746571879936809,0.770243880806547,1063,228,25,16,14,7,11,9
0.758195194635873,0.758745880404894,1065,226,52,15,27,8,25,7
0.737173579109063,0.781281539599861,1061,230,31,53,14,17,17,36
0.723645583133173,0.730064157302555,1081,210,42,24,18,8,24,16
0.742371895737839,0.7686381265137,1059,232,47,40,21,13,26,27
0.709286817352239,0.732694263903953,1051,240,34,39,13,10,21,29
0.684276237328563,0.689588258954897,1067,224,43,19,18,9,25,10
0.708477387812118,0.751499193405465,1072,219,46,60,23,15,23,45
0.769569809043493,0.808256206887233,1075,216,37,44,18,17,19,27
0.768475694946283,0.770074222870703,1049,242,33,19,15,10,18,9
0.858224384311341,0.889555891296342,1091,200,26,82,19,20,7,62
0.702875661004258,0.707364258899405,1067,224,34,21,14,8,20,13
0.784142685851319,0.783856411220805,1040,251,40,27,22,14,18,13
0.707518395668916,0.709088237601537,1064,227,42,26,18,10,24,16
0.727000901122307,0.773715380387595,1074,217,39,40,20,12,19,28
0.704745935700226,0.710125983824627,1064,227,44,21,21,12,23,9
0.796058036741267,0.799091263591091,1034,257,49,24,31,14,18,10
0.717014547754586,0.715054323593244,1065,226,51,27,22,10,29,17
0.768665968220709,0.822569164384495,1063,228,46,62,23,19,23,43
0.717357910906298,0.756799176182062,1061,230,31,60,13,13,18,47
0.791095185845563,0.825681034909955,1054,237,23,130,14,28,9,102
0.749767069171139,0.794660152738855,1069,222,43,73,22,20,21,53
0.67515564839846,0.713648957304247,1080,211,39,64,14,9,25,55
0.733156214558743,0.785448147564672,1055,236,38,40,17,14,21,26
0.67830982711556,0.725174840361088,1070,221,35,78,14,21,21,57
0.717390835811888,0.739701561468292,1079,212,37,25,14,5,23,20
0.705243403093722,0.712473066671982,1086,205,35,16,15,9,20,7
0.793724911935775,0.825293715498227,1053,238,39,100,21,31,18,69
0.735663082437276,0.733637735260388,1072,219,31,15,14,8,17,7
0.7684972976671,0.76892437855529,1065,226,47,21,28,14,19,7
0.773081019087409,0.806148689563323,1064,227,39,87,24,23,15,64
0.768057486100079,0.804159655520084,1074,217,32,66,15,15,17,51
0.767420037007666,0.822931956162659,1050,241,30,111,18,28,12,83
0.750419118958445,0.782729006435813,1055,236,45,46,22,13,23,33
0.735547649996579,0.737979739437937,1060,231,47,22,21,11,26,11
0.749700690976261,0.804318442508202,1053,238,47,106,24,26,23,80
0.743497583353813,0.762147287664862,1056,235,39,32,18,16,21,16
0.72769756097561,0.763927899231831,1072,219,41,76,18,22,23,54
0.764329904591532,0.823580504220791,1051,240,43,142,23,30,20,112
0.736286239078634,0.734448058292073,1075,216,32,13,15,9,17,4
0.708909985130962,0.764145446681082,1073,218,42,99,17,20,25,79
0.80168136050489,0.834256957197988,1048,243,33,100,18,22,15,78
0.78814480155553,0.812277419062388,1062,229,42,85,20,16,22,69
0.75087929656275,0.791552545977665,1068,223,40,94,17,29,23,65
0.697234667822903,0.744101381791584,1078,213,33,58,10,16,23,42
0.711620394621966,0.753241611057736,1043,248,46,107,24,30,22,77
0.73116574147502,0.75909089621674,1060,231,30,37,15,13,15,24
0.68470954696978,0.688349017025246,1074,217,29,17,10,7,19,10
0.719151319744248,0.740864347141913,1063,228,29,87,11,18,18,69
0.722679610059802,0.794865407831099,1083,208,39,49,21,16,18,33
0.770173860911271,0.816382697640013,1062,229,40,132,23,28,17,104
0.735182682067666,0.788123017557624,1076,215,39,153,21,40,18,113
0.65576660600546,0.722590953294863,1045,246,35,31,13,7,22,24
0.737185046008575,0.776423919498581,1054,237,33,49,17,18,16,31
0.637946074544013,0.683789801574623,1064,227,30,85,14,22,16,63
0.719807093283786,0.754636735634797,1062,229,29,27,13,13,16,14
0.71558381806829,0.763575886590178,1061,230,49,76,17,12,32,64
0.75261790567546,0.793455593842339,1059,232,40,69,18,18,22,51
0.713289316918189,0.787017712421102,1074,217,32,118,14,23,18,95
0.753474980142971,0.754082811082467,1078,213,32,18,14,6,18,12
0.722725204731574,0.725685304095315,1058,233,35,16,16,8,19,8
0.712136400087483,0.75747051180422,1058,233,44,140,21,34,23,106
0.730753480753481,0.763143519915775,1076,215,33,36,14,11,19,25
0.798797250859107,0.846286486359717,1093,198,30,57,15,14,15,43
0.717647583377921,0.788778180837173,1077,214,45,71,17,16,28,55
0.808517073170732,0.824081172887286,1058,233,41,21,28,10,13,11
0.706997120730739,0.751859922742692,1081,210,32,47,11,12,21,35
0.691718456424339,0.68850859068172,1066,225,33,16,15,7,18,9
0.726781454979129,0.789122526129749,1066,225,43,103,18,20,25,83
0.787867013903474,0.787068204487631,1075,216,38,18,23,10,15,8
0.761204411370341,0.803927740723044,1053,238,48,74,27,31,21,43
0.739042498719918,0.775803278395818,1071,220,31,48,12,8,19,40
0.717625379390085,0.77460355430737,1075,216,33,33,15,12,18,21
0.74543527484704,0.803071081338643,1072,219,33,66,16,13,17,53
0.745900417412045,0.779092207050638,1051,240,43,121,19,36,24,85
0.74674673152934,0.778704226320471,1082,209,26,98,11,19,15,79
0.695180906050471,0.738190827125854,1083,208,26,13,13,5,13,8
0.774232289449681,0.776583721768536,1074,217,26,11,13,5,13,6
0.711631252766711,0.738142556335096,1087,204,36,30,13,10,23,20
0.75047651911006,0.779673369376373,1061,230,49,46,19,10,30,36
0.716378928729526,0.76020792126694,1077,214,36,53,15,17,21,36
0.789543263606159,0.822819827903887,1077,214,34,66,16,18,18,48
0.77587784513325,0.806007503090534,1052,239,42,47,24,18,18,29
0.781755366068803,0.822714406457179,1092,199,38,74,19,20,19,54
0.681060192380392,0.716955992090423,1081,210,38,59,16,8,22,51
0.731386588048107,0.732799136891617,1062,229,34,12,15,6,19,6
0.731425737155367,0.795396820873516,1077,214,47,120,21,30,26,90
0.669493490280007,0.718962816925194,1044,247,45,74,18,19,27,55
0.714036026395577,0.73760625682697,1081,210,45,34,21,14,24,20
0.731579830053667,0.7726486300469,1050,241,43,56,20,17,23,39
0.768410198725159,0.813371947592824,1061,230,21,85,9,23,12,62
0.683553157474021,0.72412068246914,1062,229,40,37,18,10,22,27
0.694802867383512,0.725942571297865,1061,230,31,79,12,16,19,63
0.798282926829268,0.829460267949277,1067,224,41,120,26,34,15,86
0.72673031026253,0.748138568773371,1065,226,34,27,17,10,17,17
0.76177567216255,0.808505119444537,1033,258,47,60,25,16,22,44
0.725532406435082,0.780358937214996,1070,221,38,38,18,10,20,28
0.739131452103514,0.744384124669077,1081,210,34,21,17,10,17,11
0.727771957394796,0.76120771031798,1083,208,46,93,18,18,28,75
0.758999695956218,0.81701920490555,1064,227,26,65,14,16,12,49
0.653173339399454,0.67451478459234,1064,227,35,19,11,5,24,14
0.712106812760883,0.752119740515323,1065,226,43,104,16,23,27,81
0.725405742821473,0.757606363276673,1065,226,45,62,19,21,26,41
0.764663567950421,0.815474933443727,1090,201,36,68,19,15,17,53
0.784927976104447,0.789341062250832,1070,221,33,21,20,14,13,7
0.678193388499181,0.679843170072588,1058,233,38,18,14,6,24,12
0.742882124706268,0.771773351352434,1041,250,29,84,14,23,15,61
0.836868001357312,0.868739539794872,1057,234,28,97,17,24,11,73
0.70401741454373,0.75559838826566,1044,247,37,74,17,25,20,49
0.772463603275705,0.822521032522126,1068,223,35,51,23,19,12,32
0.716961085509472,0.725453516548588,1068,223,31,19,15,7,16,12
0.717498599077547,0.740742780424136,1070,221,37,24,15,8,22,16
0.778282952404358,0.82722892684065,1069,222,39,104,24,26,15,78
0.723096148191708,0.724214900202952,1050,241,38,12,19,4,19,8
0.797953440078693,0.793829285128785,1079,212,29,10,15,7,14,3
0.72332134292566,0.759402847921242,1059,232,40,62,17,14,23,48
0.7240422973933,0.783228792870478,1069,222,29,85,14,21,15,64
0.756329262015069,0.783823840404864,1076,215,34,19,15,6,19,13
0.748545916277546,0.793992944741864,1076,215,39,43,19,17,20,26
0.70468509984639,0.754476679862718,1069,222,31,42,13,10,18,32
0.763156352555087,0.785934863436669,1059,232,27,27,12,11,15,16
0.729304132154055,0.729790541759909,1093,198,34,11,15,6,19,5
0.749754317001263,0.80571228958689,1069,222,34,106,18,30,16,76
0.770087509944312,0.79999776281769,1057,234,34,52,18,12,16,40
0.701334919376157,0.749064181990033,1074,217,30,82,12,23,18,59
0.830646483414394,0.840722202815319,1104,187,29,75,18,16,11,59
0.734723538704581,0.817206459739697,1074,217,25,74,10,14,15,60
0.711373976342129,0.745450256476546,1059,232,35,45,12,10,23,35
0.743385291766587,0.746467697444542,1057,234,40,15,25,9,15,6
0.73771056946929,0.802199709422282,1051,240,43,53,25,19,18,34
0.696681154447368,0.740458095357692,1045,246,42,112,20,28,22,84
0.787534121929026,0.788946949699912,1085,206,35,14,20,8,15,6
0.693794964028777,0.736373609532314,1081,210,40,15,22,5,18,10
0.776948309014817,0.80365123283767,1081,210,28,98,15,24,13,74
0.74278150486714,0.793126908988555,1078,213,24,63,13,13,11,50
0.72735513443251,0.766421136407579,1063,228,47,66,19,16,28,50
0.717340734866508,0.757023436166829,1071,220,30,43,8,11,22,32
0.756579426988409,0.786080977355032,1069,222,44,49,20,16,24,33
0.675609512390088,0.702822385127166,1079,212,40,56,14,11,26,45
0.75902099970423,0.801951101435906,1060,231,49,40,26,17,23,23
0.700729745830024,0.699665345942309,1050,241,32,17,18,9,14,8
0.746980709328379,0.773033694207046,1077,214,29,75,15,19,14,56
0.745051464766429,0.824325627737935,1072,219,28,64,12,12,16,52
0.752877304994329,0.787313290760096,1048,243,38,42,20,17,18,25
0.771758306380476,0.802102847117109,1062,229,38,79,19,27,19,52
0.691736610711431,0.760831479174231,1051,240,40,67,17,19,23,48
0.764160544082605,0.817082723974173,1069,222,32,42,17,10,15,32
0.787156430268069,0.787310021934861,1063,228,28,15,16,7,12,8
0.749957995547528,0.789792353064014,1060,231,38,55,18,17,20,38
0.670588596706808,0.690693269933099,1063,228,39,33,12,3,27,30
0.812078038125496,0.843787975674681,1088,203,32,61,18,16,14,45
0.741545074086642,0.800727470745369,1082,209,28,53,14,15,14,38
0.725709761339215,0.779617448735757,1072,219,28,24,13,6,15,18
0.723481215027978,0.76092876788764,1065,226,40,44,16,16,24,28
0.783154594467886,0.822590017151177,1072,219,27,66,14,16,13,50
0.769633637807784,0.769153450850408,1063,228,32,12,17,7,15,5
0.747333690030319,0.780406449147797,1049,242,45,43,21,15,24,28
0.735530842958958,0.776909595310757,1071,220,39,125,16,29,23,96
0.794364187622615,0.816706752270688,1062,229,45,30,27,16,18,14
0.716632733853636,0.789423347569524,1076,215,28,50,13,16,15,34
0.730586804499848,0.73323772858839,1067,224,26,13,11,2,15,11
0.727082926829268,0.751529454734218,1065,226,41,120,19,24,22,96
0.720260657962469,0.787164564565894,1080,211,34,68,14,16,20,52
0.737622256539847,0.78469306701803,1084,207,34,97,16,21,18,76
0.749395838453346,0.796027002976879,1058,233,39,65,19,21,20,44
0.772292166266986,0.795947479541803,1036,255,40,51,20,16,20,35
0.73815338630896,0.804529241680138,1061,230,44,69,24,23,20,46
0.696054343113167,0.727388555939157,1088,203,33,39,12,11,21,28
0.808368149422462,0.849283710237143,1060,231,39,45,22,12,17,33
0.733878615457563,0.772500143031528,1076,215,37,22,15,9,22,13
0.712890168000374,0.759036047852071,1063,228,34,52,16,16,18,36
0.776294787247448,0.829062320403372,1087,204,38,91,20,21,18,70
0.733897742363878,0.804889598230855,1083,208,36,104,13,18,23,86
0.783320401741454,0.778223822194532,1075,216,37,17,17,8,20,9
0.815544153779448,0.85844806572017,1058,233,33,79,24,25,9,54
0.734836392657622,0.789444498414764,1058,233,38,70,20,20,18,50
0.781283635172446,0.777724501331894,1069,222,34,17,20,10,14,7
0.819118326542614,0.880064635975689,1060,231,38,172,29,47,9,125
0.732017740011926,0.784165110904081,1073,218,43,105,18,19,25,86
0.77485966319166,0.814375897074742,1047,244,44,75,25,15,19,60
0.693994540491356,0.767452017795551,1051,240,35,62,17,13,18,49
0.742066346922462,0.763910532268448,1054,237,40,104,17,24,23,80
0.734282000410481,0.765663899545622,1053,238,47,41,21,16,26,25
0.713811866428145,0.742771606851345,1098,193,43,34,20,13,23,21
0.692963053985418,0.726993101582664,1091,200,39,84,16,13,23,71
0.713028689736764,0.749723754974493,1047,244,49,39,25,11,24,28
0.763855898653998,0.826898684476465,1089,202,28,104,12,16,16,88
0.700215858790098,0.700578084334264,1069,222,29,23,8,5,21,18
0.74852450953604,0.744463906225323,1034,257,29,16,15,9,14,7
0.734053572288866,0.735952623918949,1064,227,33,17,17,11,16,6
0.742764733061704,0.793796335466522,1075,216,38,38,19,15,19,23
0.82072160606486,0.8227195376149,1069,222,34,16,20,8,14,8
0.744200973882249,0.752889981684312,1065,226,36,15,14,5,22,10
0.787023654670713,0.818574023034714,1038,253,33,93,20,22,13,71
0.804371403275786,0.85010721654462,1073,218,36,54,24,19,12,35
0.802149681528663,0.804371595141994,1055,236,35,15,24,8,11,7
0.780425588157547,0.829384770487565,1091,200,30,65,14,16,16,49
0.712877624167947,0.754344468263597,1076,215,31,87,13,20,18,67
0.705022269104548,0.753241940844224,1078,213,27,69,11,10,16,59
0.743087271644162,0.777774604407612,1071,220,32,92,17,20,15,72
0.724277054149259,0.7267402055058,1081,210,39,16,15,4,24,12
0.760627126475406,0.766604713886537,1081,210,38,15,17,6,21,9
0.702627388535032,0.745276240799059,1056,235,35,76,15,19,20,57
0.739143426294821,0.799053125534178,1089,202,36,63,16,17,20,46
0.767442242597522,0.811789365385725,1060,231,49,42,27,21,22,21
0.748541955238026,0.767688657670236,1062,229,44,24,23,10,21,14
0.708928331992491,0.75509318550129,1036,255,48,57,22,18,26,39
0.764887804878049,0.791417643927147,1075,216,41,33,23,15,18,18
0.747265913000737,0.812591219046373,1054,237,39,131,19,26,20,105
0.80626383355467,0.844430351171119,1053,238,36,96,19,26,17,70
0.735292164674635,0.739268323418851,1055,236,36,14,18,9,18,5
0.703843902439024,0.752105418078531,1075,216,41,50,19,14,22,36
0.770340656109548,0.817733243588669,1097,194,38,63,17,19,21,44
0.773492682926829,0.775478336488594,1048,243,41,21,23,8,18,13
0.737570458158693,0.767186708024109,1055,236,33,46,16,12,17,34
0.726172974335279,0.771172492041627,1059,232,38,92,13,18,25,74
0.686226114649682,0.720453430280091,1085,206,35,68,13,12,22,56
0.772270245677889,0.836153811131785,1093,198,35,84,19,24,16,60
0.720110087045571,0.768610915374143,1058,233,31,62,14,13,17,49
0.76418798477622,0.795262151837542,1087,204,33,57,15,18,18,39
0.8013112164297,0.824565284747305,1046,245,25,81,14,19,11,62
0.856325576913812,0.856193040060992,1082,209,33,17,24,12,9,5
0.67602495543672,0.737113112666795,1072,219,33,98,14,19,19,79
0.771892374900715,0.835313004748785,1064,227,32,98,14,22,18,76
0.769000694996029,0.790227110148577,1074,217,32,16,16,7,16,9
0.766537642336364,0.765044850384866,1069,222,39,11,19,3,20,8
0.674500619669024,0.683825267115452,1054,237,44,15,18,6,26,9
0.711313899273323,0.747742731829054,1068,223,38,68,14,24,24,44
0.73625567120363,0.789752849833814,1060,231,42,40,18,15,24,25
0.742259675405743,0.789167216827657,1057,234,45,109,24,28,21,81
0.710004426737494,0.73307499810043,1060,231,36,18,16,6,20,12
0.691687804878049,0.763680246631178,1088,203,41,123,16,28,25,95
0.798561310314298,0.818491757581613,1047,244,36,27,20,12,16,15
0.723810951239009,0.795181167509853,1086,205,40,115,21,35,19,80
0.727047926116181,0.78960745796745,1069,222,29,76,12,21,17,55
0.720214634146341,0.7837334283962,1045,246,41,146,23,40,18,106
0.736819896743447,0.770797804110669,1063,228,32,61,14,18,18,43
0.792439024390244,0.835485779312539,1056,235,41,47,25,15,16,32
0.749411937665393,0.801027436644689,1075,216,38,105,19,26,19,79
0.663891091726143,0.731585090430804,1067,224,30,76,10,19,20,57
0.811814274403348,0.839335446103704,1072,219,28,65,17,12,11,53
0.779326538768985,0.808663797834982,1072,219,40,24,22,8,18,16
0.693722716954776,0.736756679839134,1065,226,46,81,17,18,29,63
0.7449804679296,0.778027799667531,1063,228,38,29,19,12,19,17
0.760567148207598,0.799132288843944,1048,243,45,91,24,32,21,59
0.745941719618745,0.75930202903747,1091,200,32,29,12,9,20,20
0.780820927879751,0.827387391141788,1060,231,33,50,19,18,14,32
0.736655104302163,0.796063282159375,1058,233,33,115,13,27,20,88
0.677167188431723,0.716792154861172,1073,218,43,26,16,11,27,15
0.748734114376489,0.774975306569454,1070,221,32,28,15,11,17,17
0.800102063133338,0.801549548387878,1068,223,44,21,28,15,16,6
0.729327824660103,0.768948981803544,1078,213,27,44,11,9,16,35
0.738592610797084,0.81084216088552,1073,218,39,83,20,22,19,61
0.728876576510899,0.77495171470445,1054,237,44,118,20,28,24,90
0.740800951625694,0.79300740672923,1058,233,30,60,17,16,13,44
0.711343514829571,0.744751926563941,1083,208,36,40,14,13,22,27
0.730701449563145,0.801071547564709,1079,212,32,97,16,23,16,74
0.76375892149088,0.767408572448714,1087,204,30,11,14,3,16,8
0.763477448625567,0.809534498553526,1029,262,42,72,23,23,19,49
0.758988142895269,0.803580350821768,1080,211,42,74,20,17,22,57
0.78674272800175,0.809986906305114,1054,237,44,56,23,18,21,38
0.737428018268467,0.768756338920444,1080,211,32,46,15,12,17,34
0.734144676979072,0.779007363250759,1072,219,35,78,14,23,21,55
0.735091926458833,0.763272038836807,1067,224,40,57,17,20,23,37
0.738448321438012,0.755722297484406,1059,232,30,24,13,7,17,17
0.685253456221198,0.753496815298655,1060,231,31,76,14,18,17,58
0.720533876590919,0.719571120215793,1085,206,38,15,16,7,22,8
0.753617737660291,0.807249250354763,1057,234,22,40,12,13,10,27
0.720338436744561,0.758037135856676,1076,215,50,52,19,20,31,32
0.781690363349131,0.77475844054717,1072,219,25,17,15,11,10,6
0.793377445990273,0.799405415283689,1075,216,28,13,18,10,10,3
0.755565589952535,0.779272639420489,1073,218,38,34,19,8,19,26
0.745935700225997,0.780109150034101,1049,242,44,80,21,28,23,52
0.72258064516129,0.772150263641808,1050,241,31,64,17,19,14,45
0.721583987902718,0.779004781771453,1072,219,38,88,17,20,21,68
0.656626506024096,0.703297014080269,1071,220,46,49,18,13,28,36
0.615977462271644,0.648811759706671,1049,242,32,49,11,15,21,34
0.67195243804956,0.6738242735104,1069,222,40,24,16,11,24,13
0.760077343039126,0.808205492158561,1067,224,35,64,18,22,17,42
0.773199511990545,0.823203745104844,1057,234,42,121,24,29,18,92
0.722746670115091,0.768146728828414,1054,237,37,39,15,10,22,29
0.775153609831029,0.806608057779529,1087,204,31,84,16,18,15,66
0.78388910812944,0.825093304407034,1076,215,24,27,12,8,12,19
0.767271281977164,0.800620778955782,1082,209,33,52,17,12,16,40
0.706556661428322,0.709598368194046,1053,238,46,18,22,9,24,9
0.809209272179648,0.809121391486612,1043,248,42,14,22,8,20,6
0.689730372720063,0.736267140304225,1069,222,30,43,10,10,20,33
0.740413559553944,0.820789372950869,1061,230,47,90,26,29,21,61
0.780095162569389,0.80881482749631,1081,210,30,26,15,7,15,19
0.785210150674068,0.788655017874757,1092,199,30,15,12,6,18,9
0.717239967239967,0.754445167697666,1072,219,33,54,13,11,20,43
0.707533498550846,0.748758493751334,1046,245,38,63,17,15,21,48
0.679446219382322,0.70827603986573,1064,227,39,40,13,12,26,28
0.719785365853658,0.797392897149436,1066,225,41,126,21,28,20,98
0.742151213549852,0.804721489851792,1060,231,46,108,24,28,22,80
0.663126118067978,0.70801558668455,1047,244,43,85,17,20,26,65
0.727596017069701,0.796208408265086,1076,215,37,134,17,33,20,101
0.797810682395347,0.846687525588226,1078,213,39,112,25,32,14,80
0.702130567908435,0.759793077785106,1089,202,44,88,20,20,24,68
0.722045995241872,0.754712816417379,1050,241,30,40,15,13,15,27
0.725818350729548,0.767460120128198,1049,242,29,160,15,46,14,114
0.713004578485319,0.74065160426999,1065,226,38,31,18,12,20,19
0.6550605629553,0.695822873039756,1061,230,37,49,14,17,23,32
0.706277953170218,0.735691160944721,1085,206,24,73,9,8,15,65
0.719924060751399,0.746401308657607,1062,229,40,73,13,16,27,57
0.752735521750734,0.755523862886347,1060,231,42,29,23,16,19,13
0.662453342382084,0.663127020539968,1077,214,28,17,10,8,18,9
0.766121384542437,0.825866697675979,1073,218,37,111,16,17,21,94
0.734575012800819,0.781188342546538,1085,206,31,58,12,10,19,48
0.727390438247012,0.744527236573414,1067,224,36,44,14,11,22,33
0.683100929614874,0.685740019561068,1075,216,36,11,11,5,25,6
0.676604692341744,0.700797139443231,1071,220,36,41,10,6,26,35
0.734110555050046,0.761788537119558,1085,206,35,52,13,11,22,41
0.734930801784284,0.79439226555141,1073,218,42,115,21,27,21,88
0.809570265452618,0.849781628550897,1050,241,33,44,21,19,12,25
0.674742268041237,0.75441692990869,1056,235,30,63,11,11,19,52
0.747349863512284,0.75154132023552,1065,226,35,13,14,8,21,5
0.813405104104049,0.868273009564593,1074,217,29,87,16,25,13,62
0.720119603506185,0.782526006186168,1064,227,39,44,19,8,20,36
0.763699751977163,0.802351659160888,1066,225,34,67,17,18,17,49
0.795476098107677,0.799491207403523,1057,234,37,17,20,11,17,6
0.72443351222421,0.758386575627753,1083,208,43,99,15,25,28,74
0.755389144905274,0.757888761996749,1065,226,31,13,15,7,16,6
0.79218377680699,0.805090231240983,1055,236,32,21,20,14,12,7
0.775243248610008,0.834325172174578,1068,223,32,58,20,21,12,37
0.783327742993441,0.81891871943129,1079,212,43,44,22,13,21,31
0.717925386715195,0.74700573970589,1074,217,35,49,12,16,23,33
0.772445214669052,0.802383136906997,1054,237,43,120,20,31,23,89
0.694744723665122,0.699736701848373,1099,192,34,13,13,5,21,8
0.747385365853659,0.788277852904473,1060,231,41,87,21,27,20,60
0.806294262176615,0.827051299412172,1066,225,33,61,21,17,12,44
0.741398377979848,0.79343040053542,1057,234,39,92,19,25,20,67
0.811548556430446,0.862252295517844,1076,215,21,94,13,26,8,68
0.733062996641272,0.75724519035504,1071,220,39,30,14,9,25,21
0.767662399241347,0.825238460531813,1058,233,37,155,18,34,19,121
0.761929602517616,0.806113060305454,1074,217,47,138,24,35,23,103
0.753306191595169,0.800129101906203,1074,217,29,56,13,12,16,44
0.722296317094857,0.76804083159013,1083,208,34,24,16,3,18,21
0.765801898154839,0.801879806199652,1064,227,33,105,17,18,16,87
0.749359432099803,0.797430996840235,1068,223,38,28,22,10,16,18
0.704211388421915,0.750644462460961,1059,232,37,38,17,9,20,29
0.785159352660842,0.820395424096802,1053,238,32,38,19,19,13,19
0.730529953917051,0.792239379945256,1096,195,31,89,14,17,17,72
0.726432173800595,0.77968466743248,1089,202,37,84,16,19,21,65
0.767102828443035,0.825885553086703,1072,219,30,89,19,28,11,61
0.724279672217817,0.727350631221422,1074,217,30,16,14,10,16,6
0.769112025874743,0.817888070734182,1069,222,38,141,19,32,19,109
0.725694841587556,0.767856723503911,1060,231,42,96,17,25,25,71
0.741270014754905,0.742898349794743,1053,238,29,12,13,6,16,6
0.791531902381652,0.840732655829272,1069,222,38,73,21,26,17,47
0.751761284508888,0.803738510150092,1090,201,39,59,20,16,19,43
0.739039841981018,0.744924272351612,1083,208,33,12,17,6,16,6
0.766674249317561,0.794288814175636,1072,219,35,63,16,17,19,46
0.731817371143214,0.777433952405286,1072,219,45,50,22,17,23,33
0.735876687847498,0.798393901100404,1052,239,32,73,15,17,17,56
0.754313878950507,0.808794805332725,1079,212,43,115,22,25,21,90
0.778912647861692,0.814294158827889,1059,232,35,28,20,16,15,12
0.765377697841726,0.826423054227251,1077,214,40,94,19,28,21,66
0.766536585365854,0.799161262668534,1055,236,41,61,19,18,22,43
0.71089333988695,0.769236402506522,1060,231,39,64,21,17,18,47
0.693596451319381,0.731207271888337,1065,226,35,26,14,10,21,16
0.741766268260292,0.776758915388192,1067,224,36,63,18,19,18,44
0.724664856243804,0.771206685931107,1072,219,37,38,16,12,21,26
0.722242206235012,0.750530957106959,1068,223,40,91,13,22,27,69
0.706279309161615,0.769821017730552,1067,224,42,112,20,26,22,86
0.695563549160672,0.739924695155661,1058,233,40,59,18,17,22,42
0.765065304538989,0.763081822184177,1068,223,37,10,16,3,21,7
0.721686327516998,0.7694831162969,1069,222,39,87,18,28,21,59
0.761417834947247,0.808539473987038,1063,228,33,87,17,24,16,63
0.786337685432168,0.819716525666862,1044,247,34,129,16,27,18,102
0.756238859180036,0.784680303929929,1091,200,33,125,12,30,21,95
0.719871135003241,0.752096187116095,1059,232,42,45,19,13,23,32
0.70773381294964,0.750832573734965,1072,219,40,70,20,22,20,48
0.687044873994433,0.716537135369458,1079,212,42,35,18,10,24,25
0.739012738853503,0.769888636272808,1082,209,35,73,16,19,19,54
0.733841342335187,0.77922253741479,1079,212,32,83,16,23,16,60
0.777914311460637,0.802192677165602,1091,200,39,75,19,15,20,60
0.704617834394905,0.752201959078793,1060,231,35,73,15,19,20,54
0.729133145615447,0.782889645790459,1052,239,48,55,23,20,25,35
0.779177422557585,0.818270627353489,1082,209,32,98,15,19,17,79
0.775975738396624,0.795587064271698,1065,226,27,13,18,7,9,6
0.76652585765489,0.835215823214522,1071,220,31,67,17,21,14,46
0.71108541696777,0.78193471662267,1075,216,33,70,17,19,16,51
0.78516425002048,0.820865139151166,1073,218,39,74,21,18,18,56
0.742403446566777,0.801482780892922,1075,216,42,35,21,12,21,23
0.759852118305356,0.798408250004294,1046,245,40,56,21,22,19,34
0.67338729103435,0.715946450185119,1070,221,33,39,13,9,20,30
0.768831849135673,0.809043018886149,1078,213,46,51,24,20,22,31
0.753137490007994,0.79046963921646,1047,244,40,37,19,12,21,25
0.79611310951239,0.797278158579206,1074,217,40,26,21,16,19,10
0.722550090309573,0.779140254946194,1080,211,38,75,18,14,20,61
0.732223103357124,0.733038918419507,1065,226,30,14,16,5,14,9
0.730185549275006,0.774062482414725,1077,214,39,47,18,19,21,28
0.761487383798141,0.762674022680866,1072,219,36,25,18,15,18,10
0.805735411670664,0.836074926531676,1051,240,40,104,26,27,14,77
0.706806588984042,0.754710804321841,1051,240,34,53,19,14,15,39
0.656245958877538,0.703281172126217,1059,232,37,43,9,11,28,32
0.732477693004009,0.804345246651168,1058,233,37,40,19,13,18,27
0.780927684013127,0.810425010352542,1078,213,27,17,13,7,14,10
0.776071106742033,0.807326819613262,1079,212,39,71,20,15,19,56
0.769472247497725,0.775093378599534,1058,233,35,24,20,12,15,12
0.63083222664896,0.669253522214361,1090,201,36,76,10,15,26,61
0.780443308181096,0.83659917768689,1049,242,32,61,19,13,13,48
0.709437674189846,0.742569993124873,1061,230,29,72,11,13,18,59
0.70103557571452,0.75006896960305,1037,254,29,80,13,17,16,63
0.735824390243903,0.767391272697452,1074,217,41,30,15,9,26,21
0.759644812276391,0.811977766039274,1072,219,37,17,22,8,15,9
0.723345211763742,0.756524202149796,1091,200,39,56,9,10,30,46
0.807884087295852,0.833790181209212,1067,224,33,83,17,21,16,62
0.774514622757434,0.80859720952982,1060,231,39,30,18,10,21,20
0.727454110135674,0.768007171251894,1051,240,38,84,18,20,20,64
0.751423083638903,0.784632375185604,1083,208,46,33,23,16,23,17
0.7675515705579,0.829572441402761,1066,225,27,137,14,30,13,107
0.788035361564773,0.814170446058147,1068,223,33,40,17,14,16,26
0.788202744577247,0.832955675848257,1069,222,36,27,21,7,15,20
0.768312195121951,0.769444945285735,1053,238,41,24,23,13,18,11
0.711732473811442,0.748103791333107,1072,219,50,32,26,13,24,19
0.792751219512195,0.82352928731581,1065,226,41,106,26,34,15,72
0.737527648070779,0.819848182030567,1074,217,39,102,21,23,18,79
0.775701538859434,0.814586948491178,1068,223,37,41,22,17,15,24
0.733188930557352,0.740152873253805,1070,221,37,21,16,11,21,10
0.767895086321381,0.822280961337944,1078,213,36,58,16,16,20,42
0.725268817204301,0.728628235475048,1064,227,31,18,15,9,16,9
0.735554011119937,0.753491665014544,1080,211,32,16,12,4,20,12
0.741492682926829,0.782275952019538,1081,210,41,64,18,18,23,46
0.773082502690814,0.818082264523397,1087,204,34,80,19,20,15,60
0.722445157838416,0.785396000373784,1065,226,45,147,21,37,24,110
0.714037027934791,0.752649913631504,1080,211,39,33,19,10,20,23
0.735437845550205,0.788241420644234,1071,220,45,44,22,13,23,31
0.779395121951219,0.822787952627696,1088,203,41,47,24,14,17,33
0.739192009540847,0.743225589916096,1054,237,43,25,22,14,21,11
0.755689316925272,0.796182116763917,1072,219,45,43,22,12,23,31
0.640116163621922,0.683501906455439,1055,236,32,62,11,15,21,47
0.710586277521761,0.765684332490959,1070,221,31,20,17,6,14,14
0.710369632580788,0.749737549434983,1067,224,36,142,18,30,18,112
0.781925243215566,0.807318808781858,1064,227,31,34,14,7,17,27
0.69199948796723,0.722358483648017,1074,217,31,72,11,17,20,55
0.841674210095263,0.843069398890464,1070,221,37,20,24,14,13,6
0.717004878048781,0.771553588302626,1077,214,41,146,18,31,23,115
0.712815445424141,0.766391955245784,1055,236,26,61,11,15,15,46
0.739229278473464,0.782537137061292,1064,227,43,91,19,19,24,72
0.714277111335935,0.759472607315153,1057,234,33,57,15,10,18,47
0.716808914177335,0.716473491429421,1054,237,37,16,17,7,20,9
0.82455325427619,0.846566910978967,1075,216,29,23,18,9,11,14
0.724169812040108,0.746452892597235,1073,218,42,24,20,11,22,13
0.703327729643519,0.720909639673122,1096,195,37,23,14,10,23,13
0.74852027660572,0.790548565077262,1063,228,27,64,13,17,14,47
0.692474546259407,0.727484767933056,1051,240,36,95,15,22,21,73
0.765375932133817,0.795899172528199,1073,218,47,39,22,15,25,24
0.770246347644603,0.771025334479873,1086,205,43,20,23,12,20,8
0.732584188466541,0.784285224287643,1069,222,33,85,18,17,15,68
0.705798771121352,0.763191092695256,1051,240,31,96,16,27,15,69
0.725844854070661,0.757630320862383,1055,236,31,29,14,10,17,19
0.769040036396724,0.770476163067391,1056,235,35,21,17,12,18,9
0.716474154173835,0.745302642031511,1060,231,39,29,19,8,20,21
0.751070090957731,0.796579432302873,1078,213,45,110,19,20,26,90
0.764517073170732,0.809270227778634,1072,219,41,134,16,25,25,109
0.758260639703939,0.793640775608264,1038,253,30,153,15,37,15,116
0.770427661510464,0.795775156226926,1085,206,35,84,16,22,19,62
0.72934586712542,0.746118454179795,1058,233,39,24,15,9,24,15
0.773443904038472,0.817705641774188,1064,227,29,38,14,10,15,28
0.728307254623044,0.754881195230842,1074,217,37,18,14,7,23,11
0.796364567332309,0.832911381766616,1062,229,31,51,18,13,13,38
0.708701091901729,0.759287258384469,1042,249,35,89,14,24,21,65
0.750882093501911,0.798899598936793,1079,212,38,72,17,19,21,53
0.72930327255307,0.759177327745304,1051,240,54,61,25,18,29,43
0.805383967429454,0.86602221848643,1056,235,34,68,22,21,12,47
0.696220930232558,0.753451961052505,1075,216,43,130,16,23,27,107
0.73858166922683,0.779237373771094,1051,240,31,86,17,17,14,69
0.728667066346923,0.755345113088608,1075,216,40,115,15,27,25,88
0.73548931383577,0.737691895868346,1067,224,21,10,11,4,10,6
0.692695762939126,0.752195604496584,1063,228,48,104,18,27,30,77
0.705354759998475,0.704931899216916,1061,230,42,20,17,8,25,12
0.834216992111729,0.870523746429277,1057,234,37,70,22,25,15,45
0.775706724912841,0.828895835757716,1069,222,38,117,21,34,17,83
0.716520850093859,0.763112050630995,1083,208,48,83,20,14,28,69
0.77632802124834,0.806963103066858,1078,213,36,33,20,11,16,22
0.718098288154333,0.723716049845108,1074,217,42,17,18,9,24,8
0.782937847498014,0.823504960782375,1063,228,32,31,16,11,16,20
0.79784140247399,0.844665458162391,1063,228,39,74,22,21,17,53
0.694910150792504,0.733618566494605,1064,227,33,26,15,9,18,17
0.727402043191517,0.769055026270467,1079,212,37,66,16,17,21,49
0.719347358896053,0.771685550163081,1070,221,28,70,12,22,16,48
0.686741294577225,0.695364867033665,1068,223,38,25,17,11,21,14
0.804616289326669,0.833382683909079,1056,235,38,32,24,14,14,18
0.652341463414634,0.696265899822144,1054,237,41,81,15,18,26,63
0.725925686452002,0.766731700870532,1081,210,37,88,16,20,21,68
0.783450864422202,0.838081876106185,1084,207,35,87,17,26,18,61
0.715612741928531,0.771798325510641,1056,235,37,84,17,18,20,66
0.770089608324902,0.810625431608639,1067,224,33,71,11,12,22,59
0.739618252719436,0.794927161910206,1083,208,47,61,22,22,25,39
0.677028377298162,0.753057362633454,1063,228,40,77,18,15,22,62
0.72906050955414,0.76902715646187,1043,248,35,65,18,19,17,46
0.721694245676804,0.766901097309897,1054,237,43,56,22,15,21,41
0.700865454268176,0.702983223888064,1049,242,42,16,19,7,23,9
0.661398849048252,0.713088238365481,1054,237,36,93,15,25,21,68
0.75466107819049,0.789195722094115,1083,208,33,104,20,28,13,76
0.741356066613798,0.78903111503657,1069,222,30,81,14,16,16,65
0.836571940604199,0.88198520189367,1063,228,31,108,21,25,10,83
0.7139888021717,0.754640003780705,1078,213,28,113,13,21,15,92
0.657314148681055,0.733843768673001,1063,228,40,97,18,27,22,70
0.701916327390145,0.727966691936555,1078,213,34,27,12,11,22,16
0.745620900417412,0.776292284140566,1057,234,43,74,18,16,25,58
0.814626933575978,0.829641387738317,1062,229,35,48,20,21,15,27
0.721262706556824,0.752921951824683,1079,212,33,28,12,7,21,21
0.660488028135087,0.663998433122477,1077,214,33,16,13,6,20,10
0.75356696409328,0.786946150296434,1044,247,37,49,20,16,17,33
0.762112591059959,0.811760988196053,1058,233,37,69,20,21,17,48
0.769630130253133,0.825035548921097,1047,244,39,68,24,24,15,44
0.729331005646795,0.744652687999361,1086,205,37,20,17,6,20,14
0.69747618431829,0.736558505564974,1063,228,37,80,16,19,21,61
0.754552652414885,0.79790094849526,1075,216,28,64,12,13,16,51
0.73699912310801,0.773998500779614,1077,214,42,86,17,16,25,70
0.737693953986089,0.795980947662563,1074,217,45,88,22,23,23,65
0.71897339158062,0.770229666254698,1066,225,32,53,14,16,18,37
0.693770511017346,0.695186866300697,1075,216,27,11,11,5,16,6
0.749844474606945,0.788135869159871,1082,209,28,58,13,9,15,49
0.740500257382189,0.78494578431836,1046,245,34,52,14,16,20,36
0.663209973166369,0.698266542015743,1083,208,43,71,13,10,30,61
0.689851616322204,0.721016294467721,1059,232,33,124,12,22,21,102
0.734905288082084,0.786951683056784,1059,232,24,115,9,21,15,94
0.772227462271644,0.831854301065635,1051,240,32,44,19,8,13,36
0.799791754410595,0.826620019274375,1086,205,34,39,18,14,16,25
0.717364367684624,0.788357988271561,1064,227,42,134,24,39,18,95
0.772371653950601,0.81390998834267,1065,226,37,45,21,19,16,26
0.727286092325786,0.77867942572688,1047,244,38,87,16,19,22,68
0.733190243902439,0.733655659144266,1062,229,41,19,19,10,22,9
0.736752988047809,0.738987129628751,1076,215,36,18,20,11,16,7
0.796724214254095,0.83407415591344,1090,201,36,25,23,15,13,10
0.695326829268293,0.740169904479986,1074,217,41,61,13,11,28,50
0.760522273425499,0.798486261497758,1071,220,31,87,18,24,13,63
0.762000399680256,0.807133730908461,1084,207,40,48,17,14,23,34
0.777680284524311,0.808729006231263,1058,233,34,47,19,15,15,32
0.735637480798771,0.788224553442646,1076,215,31,95,14,23,17,72
0.802855245683931,0.842698691092231,1070,221,36,115,21,22,15,93
0.710054595086442,0.751975885971691,1051,240,35,34,15,13,20,21
0.757008209182122,0.807508349353866,1077,214,26,95,12,21,14,74
0.775066401062417,0.796551511759499,1052,239,36,27,20,13,16,14
0.738381181135385,0.743755915713575,1052,239,42,16,23,10,19,6
0.694226568705322,0.725932699490602,1062,229,32,35,12,10,20,25
0.757199727024568,0.792929070711799,1092,199,35,74,12,19,23,55
0.747370021283065,0.747628760465057,1060,231,26,11,14,5,12,6
0.736757843526609,0.798011766704014,1078,213,32,54,17,13,15,41
0.734201250992851,0.773448410707094,1073,218,32,98,15,29,17,69
0.759398496240602,0.797792677539973,1057,234,38,91,18,21,20,70
0.737154984114377,0.766151425699259,1089,202,32,24,14,11,18,13
0.738049560351718,0.787944110658966,1052,239,40,71,22,25,18,46
0.806259600614439,0.854575673005723,1052,239,31,143,18,37,13,106
0.722926698769395,0.757133724874618,1044,247,45,45,22,19,23,26
0.68133745144836,0.680837349274094,1074,217,34,20,11,6,23,14
0.697271434113539,0.738531256528755,1049,242,37,65,17,20,20,45
0.789715284988251,0.864241451191894,1068,223,29,62,18,19,11,43
0.729483149991269,0.760774363791797,1081,210,46,33,24,16,22,17
0.776375798114929,0.812364324735407,1062,229,26,34,15,12,11,22
0.753474980142971,0.755556217497793,1058,233,32,11,17,6,15,5
0.749652501985703,0.770752477144709,1070,221,32,71,14,15,18,56
0.705180409455944,0.752196668389205,1067,224,28,35,14,15,14,20
0.72843036333829,0.774657706164899,1052,239,42,60,20,15,22,45
0.690277598172335,0.724806052444104,1062,229,37,42,17,13,20,29
0.723852228336204,0.77463295815137,1071,220,38,55,18,15,20,40
0.72035848047084,0.76193276135518,1089,202,45,50,18,17,27,33
0.727457093054438,0.775144051617918,1038,253,48,65,24,19,24,46
0.740351219512195,0.783613203845341,1077,214,41,85,19,19,22,66
0.752749309747766,0.750596984480671,1068,223,34,19,15,12,19,7
0.66246789442046,0.702976620469324,1074,217,29,35,9,7,20,28
0.821510127084988,0.821763884151945,1062,229,32,13,21,9,11,4
0.734842126298961,0.790717224442423,1072,219,40,57,21,16,19,41
0.752009646302251,0.796843180641887,1058,233,47,74,25,19,22,55
0.761530669425406,0.805127711151116,1086,205,37,41,19,10,18,31
0.775076511918617,0.818733496065324,1050,241,37,71,19,22,18,49
0.763892682926829,0.786595143072646,1063,228,41,23,16,6,25,17
0.760547184773989,0.829935249026774,1072,219,30,35,18,8,12,27
0.753969141323792,0.806531142138191,1063,228,43,85,21,18,22,67
0.766461295418641,0.797345948999215,1060,231,25,87,13,16,12,71
0.725629496402878,0.777632359221447,1047,244,40,70,19,21,21,49
0.822577925519102,0.874423285078964,1061,230,33,110,19,31,14,79
0.712288211164616,0.717207031137771,1053,238,45,22,21,11,24,11
0.760122838944495,0.762939942687564,1076,215,35,13,19,4,16,9
0.719647294829186,0.761780157809095,1068,223,54,76,23,18,31,58
0.774076403980327,0.821774912131939,1056,235,42,84,24,24,18,60
0.733222664895972,0.774325869232757,1066,225,36,35,18,12,18,23
0.731545460764863,0.812587921947394,1059,232,47,132,24,42,23,90
0.728216308884914,0.759523250207065,1053,238,43,35,22,17,21,18
0.702616970658208,0.758727656944989,1066,225,30,95,13,26,17,69
0.795370998755797,0.835548378190959,1070,221,28,75,13,21,15,54
0.69507876860818,0.739439451390245,1076,215,33,75,11,11,22,64
0.689932006225936,0.753723446673493,1058,233,39,79,18,20,21,59
0.747660161916796,0.79652628976694,1062,229,34,106,16,23,18,83
0.71379512195122,0.747432749296316,1070,221,41,89,16,17,25,72
0.793882725227801,0.831064517432613,1063,228,42,110,24,26,18,84
0.795143312101911,0.816238421625778,1063,228,35,52,17,16,18,36
0.74151173085436,0.772001024823186,1044,247,36,34,18,15,18,19
0.737549960031974,0.798092126841868,1076,215,40,65,20,14,20,51
0.726742785566315,0.77291256488898,1070,221,33,48,16,18,17,30
0.685590969455511,0.729566227733526,1095,196,36,73,10,11,26,62
0.721687959193224,0.76110473903552,1092,199,34,52,13,10,21,42
0.670764379966465,0.710473002017126,1077,214,44,53,17,14,27,39
0.709385365853659,0.755545261614253,1065,226,41,58,18,14,23,44
0.705974094633888,0.703723223611182,1082,209,30,17,12,7,18,10
0.765891987605135,0.820204996520534,1075,216,36,70,21,19,15,51
0.699824390243903,0.761352120789332,1089,202,41,87,17,20,24,67
0.726472928073377,0.772072163887702,1072,219,34,34,15,13,19,21
0.753729712006121,0.812391699922474,1081,210,29,100,14,23,15,77
0.70569516589452,0.76227926867118,1075,216,34,69,13,24,21,45
0.733824733824734,0.782233490452772,1065,226,33,92,16,17,17,75
0.736820552610026,0.796704323952524,1076,215,37,90,15,12,22,78
0.707421153451461,0.734241276847929,1065,226,47,47,19,12,28,35
0.793365054189796,0.8342265741533,1068,223,30,28,19,14,11,14
0.754419512195122,0.814269010407058,1054,237,41,138,21,32,20,106
0.78999389988181,0.805664308097681,1070,221,42,23,22,12,20,11
0.721478976771538,0.75783699202616,1056,235,38,35,18,13,20,22
0.736385524225576,0.770246112070746,1086,205,32,32,15,17,17,15
0.761963258078796,0.822115650726214,1082,209,36,80,17,19,19,61
0.737998907863384,0.77373320128857,1059,232,32,55,14,11,18,44
0.778592821376761,0.818762622657564,1062,229,34,46,20,15,14,31
0.740639144150322,0.789048877368557,1058,233,23,56,10,14,13,42
0.771131707317073,0.833114135118091,1080,211,41,73,23,23,18,50
0.783928571428571,0.831602752333423,1076,215,35,95,19,25,16,70
0.707060594772459,0.7465162098161,1072,219,52,75,22,23,30,52
0.773995039543264,0.822468487442527,1079,212,34,68,16,17,18,51
0.695008715473317,0.741405736298391,1069,222,48,92,20,17,28,75
0.727317595665141,0.774744796610892,1077,214,38,77,18,15,20,62
0.700053633681952,0.75059145701424,1077,214,48,63,19,17,29,46
0.716809345461031,0.715451620023498,1055,236,45,22,20,12,25,10
0.767675159235669,0.805273087206953,1070,221,35,94,19,28,16,66
0.734364261168385,0.781747314701075,1063,228,30,30,17,12,13,18
0.709307215582116,0.710106919450361,1077,214,36,19,15,9,21,10
0.780367688262425,0.815453239526143,1076,215,37,40,19,13,18,27
0.676100870455709,0.703936850859761,1057,234,31,75,11,21,20,54
0.726057036105075,0.756381170618094,1082,209,42,94,16,24,26,70
0.689819365937577,0.763318786380849,1052,239,39,87,18,19,21,68
0.747079615500668,0.771741286227604,1050,241,37,14,18,7,19,7
0.709712386182974,0.723928509546486,1056,235,33,98,14,19,19,79
0.691238705249914,0.721060032699336,1078,213,42,20,17,9,25,11
0.72790243902439,0.757541475189518,1081,210,41,142,12,27,29,115
0.763211574952562,0.823170174674567,1099,192,51,117,27,29,24,88
0.692400864639237,0.723353064511738,1065,226,43,43,13,12,30,31
0.71197637149672,0.754723305298341,1059,232,43,81,14,19,29,62
0.703851588944757,0.760883010524142,1061,230,49,42,23,13,26,29
0.747532221216432,0.81096441441409,1069,222,37,78,20,25,17,53
0.807766623262066,0.855554195615757,1064,227,38,58,25,17,13,41
0.799249317561419,0.828555645163403,1076,215,35,48,18,14,17,34
0.73851228389445,0.779397308492118,1072,219,35,60,13,15,22,45
0.718307118866224,0.768757941124414,1089,202,39,53,17,18,22,35
0.740161575918548,0.794343932814722,1056,235,36,54,19,18,17,36
0.767065377219772,0.802924487642128,1070,221,28,81,13,19,15,62
0.747092426626531,0.783924262567917,1074,217,47,69,21,18,26,51
0.758432934926959,0.760790589716666,1063,228,36,20,19,12,17,8
0.759178515007899,0.804421078597898,1062,229,25,71,14,14,11,57
0.749153593456691,0.806214702524163,1063,228,48,67,24,26,24,41
0.736874723328907,0.791439990869009,1082,209,36,131,21,22,15,109
0.77477212584534,0.774697241625487,1086,205,38,14,18,6,20,8
0.727580742117055,0.77711774657808,1068,223,29,91,11,23,18,68
0.668821981731533,0.68820225105555,1073,218,32,49,9,12,23,37
0.823742402689771,0.848989249246153,1061,230,37,33,26,13,11,20
0.672703448921335,0.736884149274229,1098,193,34,57,13,7,21,50
0.782699812111577,0.81482607667895,1068,223,33,53,17,16,16,37
0.765382755842063,0.795772195259806,1047,244,50,70,28,28,22,42
0.693198574588351,0.750126826024743,1060,231,39,95,19,25,20,70
0.751385074914487,0.807710252660887,1073,218,33,52,16,16,17,36
0.690771020045153,0.738451327258492,1074,217,47,65,24,20,23,45
0.754651956323931,0.798453871429225,1064,227,35,103,18,32,17,71
0.743240592116997,0.779300558270165,1071,220,45,83,16,19,29,64
0.676400393092798,0.725356921680521,1061,230,34,30,11,10,23,20
0.716981346678799,0.720680807986856,1080,211,35,15,12,7,23,8
0.750785745905268,0.788236300442083,1061,230,36,97,15,22,21,75
0.692161186848436,0.738219269951006,1068,223,44,152,15,33,29,119
0.700640040962621,0.728866618491127,1092,199,31,25,14,6,17,19
0.76349651149491,0.776667634662161,1062,229,42,29,19,11,23,18
0.80952030915277,0.840699137880269,1050,241,38,142,23,36,15,106
0.757276896438766,0.797124484047857,1063,228,34,70,18,23,16,47
0.684772182254197,0.735844336861318,1084,207,40,62,19,20,21,42
0.741668292682927,0.789339146805252,1075,216,41,173,18,33,23,140
0.841589861751152,0.865132535518532,1064,227,31,55,21,15,10,40
0.682078853046595,0.691710203823873,1087,204,31,15,11,3,20,12
0.734352517985612,0.78254058939019,1076,215,40,79,18,20,22,59
0.651810732223103,0.696636063253715,1076,215,30,89,12,21,18,68
0.753453658536585,0.783013523901253,1047,244,41,26,23,12,18,14
0.791682605606864,0.842378119327919,1069,222,29,62,16,17,13,45
0.747552633734742,0.797570740339375,1058,233,39,28,22,14,17,14
0.736396724294814,0.734466713908979,1082,209,35,18,16,6,19,12
0.774985663963299,0.806753403144293,1075,216,39,36,24,19,15,17
0.7652,0.810838725599767,1071,220,41,44,22,16,19,28
0.7724,0.813641043781483,1050,241,41,89,23,20,18,69
0.711844197138315,0.750910402062273,1075,216,33,59,16,17,17,42
0.746471070000482,0.802997442389783,1074,217,33,72,17,23,16,49
0.72131341868184,0.755384204652251,1071,220,37,78,16,21,21,57
0.739266778740463,0.769319847212278,1047,244,37,29,21,15,16,14
0.747505460683082,0.747700542308706,1078,213,32,17,16,8,16,9
0.746653658536585,0.790178787100909,1062,229,41,85,21,20,20,65
0.757025953196763,0.800114475260363,1053,238,44,33,23,16,21,17
0.812341463414634,0.842271131334104,1093,198,41,31,22,17,19,14
0.71430880641407,0.718770243733329,1042,249,37,15,15,5,22,10
0.762472696584591,0.79789466419603,1067,224,32,17,17,10,15,7
0.744548072966671,0.816867917731009,1070,221,23,76,10,16,13,60
0.703401860846959,0.741301787270247,1072,219,47,53,17,19,30,34
0.752323758839396,0.793614510925352,1081,210,44,27,25,14,19,13
0.793006809848088,0.838509990819047,1056,235,46,144,27,30,19,114
0.78246624305004,0.783096962740473,1068,223,32,17,18,9,14,8
0.68970708676591,0.735493908647556,1072,219,33,31,14,15,19,16
0.720798820721606,0.744277769513462,1089,202,34,37,12,11,22,26
0.657590107866351,0.660905488235332,1049,242,24,13,7,5,17,8
0.788621922160445,0.825661084466611,1052,239,32,55,18,11,14,44
0.75971999286606,0.817795278850869,1056,235,45,73,27,25,18,48
0.732369929738351,0.778119054075248,1048,243,37,60,15,17,22,43
0.756937549642574,0.82089543859457,1076,215,32,54,18,21,14,33
0.751492682926829,0.750366077255342,1039,252,41,16,18,7,23,9
0.725878932064499,0.760162090551728,1066,225,30,54,13,16,17,38
0.784385990268343,0.81298810653513,1073,218,33,30,15,11,18,19
0.783913099702573,0.827947762290906,1098,193,37,63,18,17,19,46
0.730669171845643,0.733781473773163,1072,219,33,8,16,6,17,2
0.721830682356998,0.750742227777378,1046,245,37,16,21,10,16,6
0.75604017975152,0.803734916841963,1082,209,30,63,16,18,14,45
0.723661071143086,0.740890116252735,1086,205,40,50,13,12,27,38
0.746530022845812,0.790344697801215,1059,232,37,37,21,10,16,27
0.717049830340463,0.759521213201262,1062,229,42,89,17,21,25,68
0.733689717925387,0.770090214727047,1074,217,35,76,17,22,18,54
0.670595396193005,0.704768018916946,1070,221,36,54,10,10,26,44
0.729441568856164,0.727420020102537,1035,256,44,21,18,11,26,10
0.764260112647209,0.822784524023271,1082,209,31,43,19,9,12,34
0.747467451400036,0.803838056722898,1040,251,45,146,24,38,21,108
0.752662406815761,0.785054414693368,1065,226,39,136,15,27,24,109
0.715940761790262,0.770180598035577,1076,215,29,88,15,21,14,67
0.728087804878049,0.771179652354102,1064,227,41,86,19,19,22,67
0.753288820492454,0.749629401378834,1079,212,32,14,17,9,15,5
0.736580735411671,0.78002494172628,1097,194,40,106,18,20,22,86
0.728262904207029,0.727427178100776,1067,224,34,17,14,7,20,10
0.782005312084993,0.81074729822795,1068,223,36,33,17,13,19,20
0.775000953143467,0.818666468286285,1066,225,42,92,24,23,18,69
0.70409756097561,0.754530946276283,1074,217,41,64,17,16,24,48
0.752230355713142,0.792253172318735,1078,213,42,72,18,22,24,50
0.726932923707117,0.783885516427841,1087,204,31,62,14,16,17,46
0.712954959053685,0.747187430400223,1082,209,35,17,14,4,21,13
0.67546014914436,0.716095554395382,1097,194,37,81,13,9,24,72
0.753822405174949,0.793004826592726,1058,233,38,33,18,14,20,19
0.756794564348521,0.804265124269934,1077,214,40,60,20,17,20,43
0.748027932238459,0.760422634313802,1073,218,37,21,16,8,21,13
0.742691225269879,0.789377119097624,1057,234,38,84,18,23,20,61
0.766641884936521,0.785923468099373,1080,211,42,22,22,14,20,8
0.825136299515803,0.857485162021044,1044,247,42,85,30,26,12,59
0.769224620303757,0.803016894015977,1058,233,40,97,22,23,18,74
0.747089420097388,0.786878839549685,1069,222,36,34,17,11,19,23
0.736664453297919,0.782953786794044,1068,223,36,53,16,17,20,36
0.720292350989205,0.725599282519715,1059,232,38,17,15,6,23,11
0.670353717026379,0.698032834031385,1041,250,40,18,16,5,24,13
0.700575609756098,0.752110077938145,1047,244,41,46,21,15,20,31
0.727024871761714,0.785456326744484,1072,219,37,89,16,23,21,66
0.747385365853659,0.749768286700872,1051,240,41,30,20,14,21,16
0.796370731707317,0.828378261066667,1057,234,41,55,23,19,18,36
0.837422809989617,0.875148793826629,1042,249,29,72,22,28,7,44
0.758735213830755,0.764050504671128,1050,241,35,14,22,11,13,3
0.842383512544803,0.838100516275876,1086,205,31,11,20,7,11,4
0.745158259864142,0.796224501032439,1057,234,33,83,15,21,18,62
0.742352810978309,0.792803154332243,1064,227,36,76,21,25,15,51
0.752035659132388,0.796797647767286,1051,240,34,40,15,14,19,26
0.754024521503112,0.790516963797376,1058,233,34,50,18,11,16,39
0.813175355450237,0.839611455422233,1088,203,25,17,16,10,9,7
0.700762056414923,0.762233008739687,1068,223,35,86,13,23,22,63
0.700099601593625,0.705017294951511,1075,216,36,21,17,7,19,14
0.789308007847334,0.829845321864524,1039,252,45,56,30,22,15,34
0.705138339920949,0.750421051423586,1065,226,26,36,12,7,14,29
0.751530947000073,0.789094582433434,1058,233,44,42,23,17,21,25
0.749941463414634,0.811615523887509,1069,222,41,84,22,20,19,64
0.796770731707317,0.799125298309894,1061,230,41,13,25,9,16,4
0.846372665088135,0.867719172286243,1067,224,24,39,17,14,7,25
0.781540036396724,0.808104785533999,1066,225,35,39,21,15,14,24
0.750616113744076,0.790438893214489,1067,224,25,87,10,14,15,73
0.784529666070364,0.830947327085811,1062,229,43,106,27,25,16,81
0.72791435368755,0.786817953957782,1059,232,30,102,13,21,17,81
0.704365079365079,0.703861328195327,1066,225,31,17,14,7,17,10
0.776084764985088,0.815088494339237,1072,219,38,28,20,12,18,16
0.659577379142597,0.685435210813132,1077,214,26,78,4,10,22,68
0.779349269588313,0.771728058440768,1063,228,36,15,17,7,19,8
0.724041765794343,0.729212361006226,1076,215,30,13,15,7,15,6
0.741069057104914,0.777241852178623,1077,214,36,38,16,12,20,26
0.762227024567789,0.791987015681557,1045,246,35,70,15,18,20,52
0.701079136690647,0.747650337650971,1059,232,40,44,20,13,20,31
0.73363309352518,0.752025150793183,1085,206,40,23,19,10,21,13
0.827379371403276,0.852899755036916,1074,217,36,80,22,18,14,62
0.731201158533253,0.814265120904042,1044,247,29,52,17,18,12,34
0.737450016861782,0.738614872408217,1061,230,33,12,14,7,19,5
0.691246665730731,0.742366885375095,1100,191,34,37,13,12,21,25
0.738239308462238,0.809179928014668,1077,214,35,61,16,14,19,47
0.792721389366757,0.828731882687764,1068,223,39,42,23,8,16,34
0.729581673306773,0.759206900930846,1082,209,36,31,14,9,22,22
0.731639601885804,0.783978916501496,1085,206,46,61,22,21,24,40
0.715025151272144,0.781900964332186,1074,217,44,104,20,26,24,78
0.626269362160139,0.674988206228209,1068,223,34,126,11,30,23,96
0.714160600545951,0.768152442561991,1077,214,35,126,17,39,18,87
0.765606720014975,0.812617604788222,1090,201,34,87,17,17,17,70
0.743652743652744,0.775527814607592,1071,220,37,103,17,25,20,78
0.771041856232939,0.774714685839098,1043,248,35,13,19,5,16,8
0.719308780357619,0.764182044383503,1063,228,42,57,20,18,22,39
0.701600102406554,0.760120473549242,1079,212,31,73,10,10,21,63
0.743879046510626,0.749333476367639,1060,231,37,18,20,9,17,9
0.759755745049863,0.807445023210951,1093,198,33,86,15,19,18,67
0.701694310683075,0.735915226477536,1048,243,45,32,21,15,24,17
0.733565757970345,0.777160278732194,1063,228,38,35,19,11,19,24
0.644186854646545,0.708570981473915,1056,235,32,74,12,14,20,60
0.785558760321231,0.839012711842463,1050,241,28,107,15,32,13,75
0.661141087130296,0.721751326547621,1058,233,40,124,16,21,24,103
0.793920850966488,0.827624393117024,1059,232,42,99,22,25,20,74
0.727956185754903,0.765187111242021,1079,212,44,94,16,19,28,75
0.705379287753287,0.746306248745534,1053,238,34,76,15,19,19,57
0.747931654676259,0.77228210289616,1053,238,40,49,18,16,22,33
0.719684135745123,0.749655883370065,1046,245,29,152,12,34,17,118
0.675268288686819,0.731162537800477,1074,217,39,91,14,15,25,76
0.684299820809028,0.737290855017234,1064,227,42,55,16,12,26,43
0.758643085531575,0.784206465844053,1066,225,40,26,18,10,22,16
0.760284418010599,0.800708492985138,1058,233,42,85,24,26,18,59
0.682691456396636,0.740462481218166,1069,222,36,82,13,18,23,64
0.780438821793541,0.810974487204606,1079,212,29,69,16,17,13,52
0.736760691537762,0.738471957202782,1060,231,35,10,15,2,20,8
0.808795655026609,0.848532114377709,1069,222,44,116,22,32,22,84
0.713313507949217,0.747786527938929,1064,227,42,69,15,18,27,51
0.779608294930875,0.816002763064517,1074,217,31,23,16,9,15,14
0.668141492265696,0.692442311113171,1057,234,35,28,13,9,22,19
0.771671928439884,0.779613307097707,1067,224,24,15,16,11,8,4
0.748151804091234,0.795092113521473,1087,204,38,39,20,13,18,26
0.751239763421292,0.785876442242873,1036,255,35,63,17,22,18,41
0.831124186387344,0.858388982610136,1082,209,37,84,24,24,13,60
0.759792626728111,0.80852289841592,1070,221,31,62,13,14,18,48
0.759634019081693,0.799693286909085,1094,197,43,35,22,16,21,19
0.718437361664453,0.72123854036486,1055,236,36,21,16,11,20,10
0.722443559096946,0.794980955026914,1071,220,36,167,18,33,18,134
0.778337330135891,0.824460633554132,1070,221,40,85,20,20,20,65
0.747245432948308,0.787254178316649,1087,204,39,67,15,18,24,49
0.812774003950474,0.829369750526097,1050,241,33,17,19,7,14,10
0.736354001059883,0.760064497234794,1053,238,33,23,17,8,16,15
0.74124962282857,0.737637993184413,1079,212,37,19,13,5,24,14
0.76705069124424,0.827159778849824,1064,227,31,98,18,24,13,74
0.69000819000819,0.694551952621816,1080,211,37,16,14,8,23,8
0.711929785330948,0.711513893322741,1074,217,43,26,13,10,30,16
0.682163024268287,0.734558368103063,1074,217,37,48,14,11,23,37
0.636843024270997,0.683508850441395,1050,241,46,78,16,20,30,58
0.750300721732157,0.803792305740064,1060,231,44,58,23,17,21,41
0.776305683563748,0.810863513875033,1053,238,31,54,18,17,13,37
0.693149623727313,0.750427344327872,1054,237,36,105,15,19,21,86
0.827466711471416,0.856277378463506,1074,217,38,100,24,22,14,78
0.747884988073942,0.780308293648918,1046,245,43,82,24,22,19,60
0.776710246275464,0.83302418280069,1078,213,26,37,13,7,13,30
0.758653390232337,0.805519041112444,1081,210,37,124,18,24,19,100
0.744517073170732,0.795578885451251,1059,232,41,52,24,15,17,37
0.732314833200953,0.78016247429351,1054,237,32,82,16,22,16,60
0.761339072748957,0.760920986849062,1064,227,43,20,21,7,22,13
0.738373681621946,0.768349597240496,1071,220,29,116,13,33,16,83
0.76285336245642,0.821023133438759,1071,220,38,157,17,36,21,121
0.781460980937252,0.815629537271156,1061,230,32,82,17,23,15,59
0.78698752228164,0.785737218665714,1049,242,33,20,22,15,11,5
0.706562638335547,0.731334831015288,1054,237,36,26,15,9,21,17
0.738888888888889,0.805895596348904,1066,225,31,72,17,18,14,54
0.677326829268293,0.710209804469623,1056,235,41,80,15,20,26,60
0.726958831341302,0.732795395161781,1072,219,36,23,15,11,21,12
0.766977760127085,0.762918580968167,1059,232,32,21,16,10,16,11
0.714035480023852,0.71687029650691,1082,209,43,19,17,6,26,13
0.722974870138986,0.722752037009914,1067,224,34,17,13,4,21,13
0.730510793554272,0.803287609988912,1078,213,26,123,14,25,12,98
0.725892149088025,0.775219029861111,1073,218,30,83,10,19,20,64
0.785451638689049,0.816060396754037,1069,222,40,44,20,21,20,23
0.694354896482556,0.746186021556694,1081,210,22,31,9,9,13,22
0.781702183635885,0.827905333712112,1061,230,24,43,15,15,9,28
0.743405423117883,0.781146565202795,1055,236,39,40,19,14,20,26
0.785904815386775,0.84101497389892,1053,238,34,48,20,12,14,36
0.772312150279776,0.812319168912636,1040,251,40,75,27,27,13,48
0.662900051031567,0.69526472780035,1084,207,44,65,16,18,28,47
0.645998808578237,0.655583484831828,1080,211,32,13,12,6,20,7
0.819051410373066,0.850915426859582,1085,206,35,87,21,25,14,62
0.689743219154984,0.691688722288916,1065,226,33,22,15,8,18,14
0.70222935616194,0.705938088668784,1064,227,45,24,20,9,25,15
0.757923661071143,0.789924943067855,1073,218,40,33,15,12,25,21
0.767540947321824,0.79875903000392,1070,221,36,66,17,15,19,51
0.75385749554245,0.802483238467356,1080,211,23,42,11,10,12,32
0.69992746501942,0.727746765555785,1078,213,34,21,13,4,21,17
0.781482950039651,0.796761989934576,1064,227,30,21,19,13,11,8
0.778216490948041,0.833190934284537,1066,225,38,120,19,24,19,96
0.76155032037385,0.802978159419168,1074,217,33,115,16,29,17,86
0.720613509192646,0.761089819201177,1078,213,40,75,18,12,22,63
0.778312195121951,0.798438866937249,1058,233,41,41,21,13,20,28
0.706894370651486,0.775229215779066,1073,218,51,115,19,21,32,94
0.73515002478173,0.79191488752094,1081,210,42,59,23,24,19,35
0.780584518167457,0.813809951465919,1066,225,25,74,14,14,11,60
0.776358894779947,0.818352384833274,1059,232,37,96,21,25,16,71
0.756092815597608,0.828485596890122,1070,221,39,90,21,22,18,68
0.707289641236799,0.744867488448186,1069,222,42,104,18,24,24,80
0.786930211514535,0.82224849262699,1056,235,28,81,14,19,14,62
0.681707317073171,0.729406257425383,1093,198,41,56,13,13,28,43
0.752459150773266,0.790925621021902,1072,219,29,45,14,16,15,29
0.731843228752978,0.805653982542522,1063,228,32,52,15,16,17,36
0.761722588796855,0.790446019987005,1074,217,34,26,17,10,17,16
0.712670804776068,0.759850222054469,1067,224,37,76,15,17,22,59
0.773255813953488,0.810655904196439,1071,220,43,50,23,17,20,33
0.733855275159623,0.771260610212031,1064,227,26,48,12,10,14,38
0.689780395745167,0.72906100770749,1046,245,42,62,19,24,23,38
0.840320073927836,0.862061645809295,1072,219,38,79,26,21,12,58
0.75213590084108,0.751963481419092,1063,228,36,20,16,7,20,13
0.681595757149555,0.727181138488778,1077,214,27,26,9,7,18,19
0.754083017455192,0.789545776125644,1069,222,34,70,14,17,20,53
0.696946867565424,0.772301544813007,1084,207,30,22,14,9,16,13
0.758770731707317,0.768371565306928,1068,223,41,20,18,7,23,13
0.71183382363002,0.760158213060266,1046,245,47,115,21,25,26,90
0.798158843286639,0.828111422860924,1056,235,39,44,22,15,17,29
0.794555008944544,0.798415489780266,1059,232,43,23,24,12,19,11
0.738670145477546,0.740667150820002,1053,238,51,20,26,12,25,8
0.698611111111111,0.735835468119478,1069,222,40,122,14,30,26,92
0.760639387236831,0.765435431395687,1068,223,39,22,23,13,16,9
0.679089026915114,0.724554422056014,1057,234,49,46,18,13,31,33
0.762298747763864,0.787369410921842,1073,218,43,119,16,25,27,94
0.727009728622632,0.778404992471058,1058,233,31,88,15,18,16,70
0.694068343004513,0.696602412573989,1088,203,22,13,8,4,14,9
0.745457704527403,0.782024457131199,1079,212,32,67,15,13,17,54
0.820037007665874,0.837807762058305,1077,214,30,42,16,14,14,28
0.797898493259318,0.829557834484462,1061,230,30,45,17,17,13,28
0.65956364177919,0.697182284688036,1058,233,32,49,13,14,19,35
0.741216336721955,0.786010790841861,1067,224,45,70,20,16,25,54
0.765851976378292,0.815618471723756,1092,199,37,87,20,25,17,62
0.780281969817315,0.828519443613769,1055,236,32,57,15,16,17,41
0.689488409272582,0.720110938448412,1058,233,40,49,16,13,24,36
0.790383966854555,0.828465742246819,1043,248,33,64,21,22,12,42
0.751395289298515,0.786903005258519,1058,233,31,27,18,14,13,13
0.665581551644474,0.702070790586186,1043,248,38,100,15,23,23,77
0.786370903277378,0.828974737102134,1057,234,40,67,24,21,16,46
0.690322429687866,0.726611865703509,1068,223,34,36,15,9,19,27
0.704509322156381,0.768060817008479,1059,232,33,60,15,14,18,46
0.7560601806355,0.759736065613363,1080,211,34,16,14,9,20,7
0.789223454833598,0.819363219709793,1051,240,29,59,16,21,13,38
0.792900556058451,0.830453670501897,1077,214,37,69,18,14,19,55
0.738091737724199,0.774114399217841,1061,230,38,28,18,7,20,21
0.698121502797762,0.731835784710253,1063,228,40,52,14,6,26,46
0.79203013481364,0.829964508295926,1094,197,30,65,15,11,15,54
0.761229268292683,0.812981290307551,1074,217,41,79,19,18,22,61
0.771992317094465,0.802739566662532,1069,222,46,83,24,20,22,63
0.743795036028823,0.81597955075605,1070,221,42,114,22,25,20,89
0.766401569033148,0.816530009286529,1065,226,37,104,21,31,16,73
0.729302141157811,0.766591300600755,1045,246,30,24,16,12,14,12
0.77471226206286,0.817003113808161,1081,210,36,35,19,18,17,17
0.677408454165643,0.723169913072248,1045,246,39,68,16,13,23,55
0.83189448441247,0.853633050458786,1021,270,40,20,29,12,11,8
0.726325059392152,0.726182808276352,1086,205,39,18,14,7,25,11
0.704848688133572,0.754086501525749,1060,231,43,82,21,19,22,63
0.752308869337122,0.774321597718016,1074,217,29,13,17,7,12,6
0.768266606005459,0.813947060984179,1072,219,35,51,19,17,16,34
0.798000305005909,0.83976095854513,1073,218,42,100,26,24,16,76
0.743008739076155,0.768349724054592,1071,220,45,57,19,20,26,37
0.785923869944488,0.790262818438723,1058,233,30,14,13,9,17,5
0.796519563239309,0.841180440762262,1087,204,35,54,22,20,13,34
0.756050955414013,0.789112098616042,1060,231,35,39,18,10,17,29
0.815748171927947,0.849344389203697,1071,220,45,60,23,19,22,41
0.791518437435862,0.839434165704196,1050,241,47,71,27,25,20,46
0.701900237529691,0.737319644929789,1042,249,28,97,14,23,14,74
0.785846319434695,0.788890783710286,1080,211,34,17,18,11,16,6
0.703379416282642,0.736402994384388,1058,233,31,63,10,17,21,46
0.711830455953962,0.763059107249504,1066,225,36,68,18,15,18,53
0.733282863383638,0.744511263997639,1071,220,32,20,13,5,19,15
0.757769062748213,0.790793227057717,1107,184,32,114,13,22,19,92
0.758764141015522,0.801121379869733,1090,201,24,15,10,6,14,9
0.764182436307037,0.814628857443915,1088,203,39,58,19,19,20,39
0.755337941628264,0.803213132866742,1069,222,31,59,17,16,14,43
0.677570518653321,0.678347798521002,1076,215,35,20,13,7,22,13
0.779122705593294,0.820187311569144,1070,221,33,99,19,24,14,75
0.729584912724039,0.752690736184066,1061,230,34,64,13,13,21,51
0.834915611814346,0.830308809138159,1075,216,27,15,16,9,11,6
0.737552992211377,0.7973713029388,1060,231,49,92,24,28,25,64
0.789718120018753,0.811050404035625,1060,231,27,30,16,11,11,19
0.679799818016378,0.685062049491876,1066,225,35,16,15,8,20,8
0.796576790906688,0.853424042281456,1072,219,30,55,17,14,13,41
0.732027445772466,0.780487295453174,1066,225,36,44,17,9,19,35
0.768791500664011,0.811676991253232,1071,220,36,95,16,22,20,73
0.751088677751386,0.791869301046044,1086,205,28,79,13,20,15,59
0.742123139181963,0.742923862374138,1063,228,33,10,18,4,15,6
0.735637480798771,0.779234455664507,1087,204,31,53,13,13,18,40
0.690766998923674,0.730678685808396,1066,225,34,24,14,5,20,19
0.767026595973964,0.7710896627472,1029,262,37,7,23,5,14,2
0.714840637450199,0.768993232136728,1059,232,36,75,15,15,21,60
0.770379160806376,0.817354772736134,1074,217,27,90,15,17,12,73
0.829070660522273,0.865814035480867,1054,237,31,27,21,9,10,18
0.759293485109422,0.75968305366589,1055,236,38,21,17,9,21,12
0.693593625893566,0.757580471298175,1074,217,32,90,14,17,18,73
0.835816357555488,0.849399589960731,1069,222,26,27,16,11,10,16
0.743191071177875,0.791557356412465,1074,217,34,70,17,21,17,49
0.737329390354868,0.79226130053911,1075,216,35,152,16,32,19,120
0.76099512195122,0.807907617193606,1055,236,41,95,25,29,16,66
0.721583146620034,0.799517006117241,1050,241,29,94,14,22,15,72
0.719200973882249,0.762082990365397,1060,231,36,28,18,9,18,19
0.693424285529549,0.744410745807129,1080,211,37,48,16,14,21,34
0.720134980053555,0.722130329808364,1069,222,29,9,10,4,19,5
0.754396482813749,0.805201827793655,1061,230,40,44,17,17,23,27
0.77534612280375,0.802598341437201,1056,235,52,86,27,26,25,60
0.758673170731707,0.778515588823724,1075,216,41,40,15,12,26,28
0.791048851178225,0.808711535117836,1041,250,38,25,21,10,17,15
0.71634692246203,0.772593373350712,1051,240,40,136,18,34,22,102
0.793949029243147,0.811017201720306,1060,231,33,108,18,28,15,80
0.792978057982526,0.829651714188872,1070,221,32,42,18,11,14,31
0.713711037240449,0.715338912132362,1060,231,33,17,16,7,17,10
0.744014788169464,0.788950143508683,1062,229,40,51,20,14,20,37
0.73842408145197,0.809912827119265,1076,215,36,149,18,31,18,118
0.66608012394865,0.700421233606048,1063,228,36,109,13,24,23,85
0.717652411282984,0.775915348917868,1076,215,35,109,15,26,20,83
0.719122319301033,0.749035674732045,1071,220,32,33,13,8,19,25
0.688358144240497,0.719597722937896,1078,213,33,56,10,11,23,45
0.756762664626482,0.790341739128999,1049,242,29,25,16,13,13,12
0.726899454049135,0.798672923666393,1061,230,35,79,19,28,16,51
0.794176143010904,0.811077236503396,1069,222,34,31,15,11,19,20
0.775399801715591,0.802806519614453,1070,221,37,59,21,20,16,39
0.768637417513822,0.818901053538181,1068,223,45,97,18,16,27,81
0.706644684252598,0.748143922238565,1089,202,40,88,15,18,25,70
0.761017346460384,0.81790579289104,1065,226,27,41,11,16,16,25
0.826512617816966,0.867679274901539,1045,246,26,84,20,25,6,59
0.76902596870648,0.799467914630645,1051,240,39,62,21,16,18,46
0.771575735233882,0.819602348443632,1074,217,39,75,24,17,15,58
0.743146256304151,0.779396914085509,1064,227,37,48,17,13,20,35
0.798650543887255,0.801748335459275,1063,228,47,21,30,15,17,6
0.725409473218238,0.751898128115123,1069,222,36,62,15,16,21,46
0.712455678828777,0.715094113883351,1040,251,42,19,22,9,20,10
0.750168617815677,0.823560332515532,1085,206,33,121,18,23,15,98
0.74830135891287,0.792977040095466,1055,236,40,74,18,18,22,56
0.819712765181891,0.840254463418893,1062,229,44,34,32,21,12,13
0.769550248647467,0.836850418717187,1067,224,29,41,18,18,11,23
0.746639687816159,0.817681527149452,1077,214,33,53,17,13,16,40
0.711960431654676,0.767204797331965,1041,250,40,91,20,27,20,64
0.741799363057325,0.732976942560321,1051,240,35,14,15,6,20,8
0.69743748633083,0.710356468226886,1085,206,44,25,18,9,26,16
0.72836632780453,0.753309140359511,1052,239,45,54,22,21,23,33
0.764386524971647,0.762678908984634,1065,226,38,18,16,9,22,9
0.748243458769775,0.790664154417414,1058,233,37,45,19,17,18,28
0.804731694422416,0.831000298669131,1069,222,30,28,15,10,15,18
0.796879150066401,0.828043714398209,1061,230,36,44,23,20,13,24
0.770916443521504,0.773176068274206,1089,202,29,13,15,6,14,7
0.745273527071927,0.790984904448505,1073,218,34,102,14,26,20,76
0.734749889331562,0.762766306245242,1056,235,36,30,19,12,17,18
0.704439024390244,0.758753914141121,1068,223,41,36,19,10,22,26
0.706838289506021,0.709227808424136,1046,245,39,15,21,10,18,5
0.752461322081575,0.789311961311061,1059,232,27,53,15,12,12,41
0.742665309769658,0.780287060692452,1049,242,32,28,18,12,14,16
0.750811485642946,0.805442188215849,1075,216,45,139,18,33,27,106
0.745276759210756,0.771959082081132,1074,217,46,36,17,9,29,27
0.761837500911278,0.805832851699253,1056,235,44,61,23,22,21,39
0.724718049510974,0.774473609118818,1068,223,34,48,18,12,16,36
0.714289155465626,0.735296402447548,1055,236,33,21,13,8,20,13
0.793614431164232,0.835677673439446,1078,213,36,96,20,32,16,64
0.754510236398597,0.796834935434715,1075,216,28,44,15,10,13,34
0.64829390354868,0.695582745188477,1082,209,35,44,14,12,21,32
0.729162875341219,0.767064002516912,1074,217,35,25,17,8,18,17
0.709482926829268,0.760690270993854,1051,240,41,50,18,13,23,37
0.741200067207124,0.784946421059639,1076,215,38,59,16,12,22,47
0.705675262979301,0.735808567670862,1036,255,28,42,11,11,17,31
0.769406041986687,0.830762605266472,1073,218,31,82,17,25,14,57
0.772835035992931,0.80513318682778,1066,225,37,53,19,14,18,39
0.729225908372828,0.78605096597783,1058,233,25,90,9,22,16,68
0.652979981801638,0.675407140931237,1056,235,35,30,12,8,23,22
0.759335953951986,0.795983964486105,1066,225,34,94,16,25,18,69
0.722751219512195,0.742063166650561,1056,235,41,31,21,16,20,15
0.805795121951219,0.844850235526441,1043,248,41,99,25,31,16,68
0.734301727095962,0.780721591212995,1065,226,42,91,18,18,24,73
0.743585131894484,0.788407438680152,1086,205,40,51,18,13,22,38
0.761208631484794,0.821995982963024,1052,239,43,176,27,41,16,135
0.773076552488317,0.829594656039743,1059,232,33,100,15,26,18,74
0.732204236610711,0.781508914122916,1061,230,40,71,19,20,21,51
0.771187212947438,0.814013385580086,1042,249,44,55,27,22,17,33
0.703896882494005,0.748575277850458,1043,248,40,51,20,18,20,33
0.684565853658537,0.73297810692686,1066,225,41,78,16,18,25,60
0.679183187946074,0.692421655163872,1061,230,30,29,12,9,18,20
0.699920508744038,0.7200413136328,1109,182,33,95,11,17,22,78
0.669059056769225,0.709462161789398,1078,213,42,32,16,11,26,21
0.689571768437748,0.720471038135665,1101,190,30,86,11,15,19,71
0.759495054374556,0.809810408046538,1064,227,29,85,17,19,12,66
0.740706514890578,0.771224341428107,1067,224,38,98,14,17,24,81
0.739105570170422,0.764263120850818,1069,222,42,28,18,8,24,20
0.708222664895972,0.742842480448457,1071,220,36,32,14,11,22,21
0.686021583080407,0.74224107340226,1069,222,33,82,13,14,20,68
0.751875293014533,0.823745955834494,1080,211,27,35,16,15,11,20
0.842876024319323,0.862362176918614,1084,207,30,36,21,17,9,19
0.72885226370135,0.787378104093678,1079,212,32,88,16,15,16,73
0.742608885731461,0.803493781260837,1039,252,29,59,16,18,13,41
0.722648778621783,0.762884479533729,1085,206,29,46,11,11,18,35
0.769376156489558,0.843976657430389,1078,213,30,65,17,16,13,49
0.73091461802802,0.764898568930859,1074,217,30,33,14,8,16,25
0.753790537694792,0.786272430885051,1060,231,34,44,18,13,16,31
0.75996015936255,0.804542835348309,1070,221,36,42,18,15,18,27
0.755860979462875,0.803143100580309,1084,207,25,71,11,19,14,52
0.808134130146082,0.84475078045742,1044,247,36,68,24,30,12,38
0.676764084658822,0.68197149251188,1093,198,37,16,13,5,24,11
0.735726987692452,0.779057471890708,1066,225,34,63,18,19,16,44
0.767899558873431,0.822780841378468,1083,208,28,55,15,9,13,46
0.75719873842877,0.777026213851553,1043,248,39,26,18,13,21,13
0.717211323023116,0.759327159202971,1058,233,29,141,12,24,17,117
0.735088717015469,0.794401659956891,1077,214,35,81,17,19,18,62
0.692455871905569,0.746417287398661,1081,210,29,152,10,27,19,125
0.66199721471287,0.714925477091607,1061,230,39,103,16,21,23,82
0.741730519258398,0.788040198857178,1064,227,47,56,24,22,23,34
0.763972706075984,0.834062294532914,1074,217,23,87,14,16,9,71
0.786341853035144,0.788720180109733,1073,218,39,12,21,9,18,3
0.797342636013573,0.797769043749692,1095,196,42,18,21,9,21,9
0.730708245243129,0.773687977215697,1058,233,44,84,18,18,26,66
0.665408840190817,0.664103541851261,1074,217,43,15,20,6,23,9
0.718264691797223,0.721002089177861,1058,233,47,21,20,8,27,13
0.742109436954798,0.770693236701048,1061,230,30,74,16,11,14,63
0.711014634146341,0.770858858465976,1072,219,41,87,20,19,21,68
0.70949240607514,0.768353833386877,1081,210,40,107,19,26,21,81
0.665100929806812,0.735133622646749,1047,244,33,129,17,24,16,105
0.782016089061726,0.819372868576693,1057,234,42,75,24,20,18,55
0.732882165605096,0.761421223952753,1072,219,35,32,16,12,19,20
0.801746158831827,0.875266921178521,1064,227,42,108,28,35,14,73
0.757939035486806,0.783205619711016,1060,231,35,23,17,12,18,11
0.704308522271634,0.707092004552645,1073,218,44,13,17,8,27,5
0.779026778577138,0.824677758390804,1047,244,40,60,24,23,16,37
0.727248122926489,0.761241538830621,1063,228,46,77,22,20,24,57
0.775741478530323,0.7777020997383,1050,241,36,20,19,10,17,10
0.784156050955414,0.828783930770151,1062,229,35,78,18,20,17,58
0.796889400921659,0.838775976995357,1067,224,31,84,20,27,11,57
0.718780190700214,0.773015916198912,1061,230,38,114,14,20,24,94
0.748087804878049,0.789385394877881,1067,224,41,114,19,29,22,85
0.782968297816364,0.805827642268002,1080,211,24,42,9,8,15,34
0.756317737245572,0.789146915927984,1060,231,30,63,16,18,14,45
0.715095478253373,0.745598973602723,1044,247,37,34,19,12,18,22
0.823734533183352,0.844875589514962,1075,216,21,58,12,12,9,46
0.81532757857459,0.848621506466835,1068,223,36,59,21,15,15,44
0.71674425621794,0.752859041173197,1055,236,37,42,15,11,22,31
0.816871479774706,0.852543498468977,1078,213,31,54,18,18,13,36
0.716420691711389,0.779677551620612,1061,230,43,116,18,28,25,88
0.758416742493176,0.809370477905184,1076,215,35,73,19,17,16,56
0.757764885138303,0.794665692844553,1071,220,27,129,14,24,13,105
0.774966799468792,0.828413108825072,1064,227,36,114,21,27,15,87
0.76915157471103,0.828491052963447,1067,224,34,68,20,18,14,50
0.627037765216679,0.681538448077773,1078,213,39,116,12,20,27,96
0.780197132616487,0.836517711069052,1054,237,31,57,20,20,11,37
0.753006595111858,0.812240750124871,1059,232,37,107,19,28,18,79
0.722623693211929,0.767347661841773,1083,208,33,49,17,14,16,35
0.783453014507545,0.813636651896529,1044,247,44,36,28,15,16,21
0.833875231297912,0.862146318598787,1062,229,30,66,18,18,12,48
0.725475874280655,0.751463724671591,1088,203,36,76,14,11,22,65
0.709879736195526,0.750010997404006,1085,206,37,90,15,22,22,68
0.788223632038065,0.827331775008482,1057,234,30,68,17,18,13,50
0.811560975609756,0.835861351002676,1061,230,41,50,23,17,18,33
0.787509976057462,0.828047503791863,1067,224,38,61,20,21,18,40
0.657563948840927,0.689050114692906,1059,232,40,44,14,11,26,33
0.601916203335981,0.669101080110389,1076,215,32,99,12,19,20,80
0.797503481608913,0.817381739824993,1070,221,39,113,21,23,18,90
0.725059952038369,0.771345087149028,1073,218,40,83,15,20,25,63
0.738208062987534,0.769707019618888,1077,214,44,50,21,13,23,37
0.706388877220985,0.766052166877256,1062,229,38,54,16,19,22,35
0.717702957319571,0.721645375407195,1067,224,39,16,18,7,21,9
0.724694040947043,0.773417758978819,1071,220,42,59,21,24,21,35
0.732988196748855,0.733901306062814,1062,229,38,20,18,12,20,8
0.810328137410643,0.857930130628859,1050,241,32,97,16,22,16,75
0.716586794462194,0.756825819450749,1075,216,39,41,20,12,19,29
0.713438558944177,0.749088056314557,1046,245,45,66,19,15,26,51
0.725495735219071,0.774344831903365,1051,240,44,64,21,16,23,48
0.72622838944495,0.777982738941412,1084,207,35,48,13,18,22,30
0.801660600545951,0.842697793828899,1087,204,35,45,23,16,12,29
0.753837334456456,0.792737299823063,1074,217,34,62,12,10,22,52
0.765993195278699,0.816855986753735,1087,204,38,59,18,15,20,44
0.757768924302789,0.811640751264049,1064,227,36,68,19,22,17,46
0.772776914352921,0.776476652259485,1088,203,38,16,20,7,18,9
0.70089605734767,0.750087398835955,1068,223,31,79,16,19,15,60
0.748422219010454,0.751552756000385,1071,220,33,14,18,7,15,7
0.749253263959146,0.785042891324597,1075,216,33,80,15,15,18,65
0.799873617693523,0.800444427702129,1054,237,25,11,10,6,15,5
0.718492556727851,0.75103300776147,1065,226,33,97,12,25,21,72
0.673158843286639,0.715890700913044,1056,235,39,112,15,24,24,88
0.745970478452664,0.783333737207836,1078,213,28,63,13,16,15,47
0.739761414709959,0.780247349887704,1079,212,38,45,20,13,18,32
0.684383581442405,0.769626392009237,1070,221,33,141,14,30,19,111
0.73848010690116,0.79574489992292,1078,213,37,71,18,18,19,53
0.685225204731574,0.718699257518448,1054,237,35,22,17,9,18,13
0.779996724226683,0.808748462299978,1055,236,34,52,16,10,18,42
0.822498662386303,0.84445329427908,1040,251,45,66,32,24,13,42
0.716422954042762,0.763456098876597,1082,209,39,94,15,16,24,78
0.742116291251964,0.743914784691888,1051,240,46,15,23,9,23,6
0.759084204880665,0.820042011161433,1065,226,48,81,27,23,21,58
0.741279069767442,0.81089086067878,1050,241,44,83,24,23,20,60
0.754114661911946,0.81450999149231,1072,219,23,95,13,18,10,77
0.807811822517705,0.832933188241707,1084,207,33,42,18,14,15,28
0.785219512195122,0.82081752579478,1067,224,41,46,18,13,23,33
0.821532385466035,0.849742664597866,1082,209,25,16,16,9,9,7
0.755450077708237,0.810670776820331,1063,228,38,118,21,34,17,84
0.691761430109037,0.745568264865931,1057,234,34,51,12,16,22,35
0.676285259326661,0.757743197075321,1048,243,35,132,17,34,18,98
0.765177857713829,0.814046813661592,1070,221,40,70,21,21,19,49
0.670784246444775,0.671537869042162,1065,226,42,20,15,9,27,11
0.787654005977984,0.809845763680395,1064,227,44,37,23,18,21,19
0.707953943248061,0.708819716340403,1093,198,33,15,13,6,20,9
0.812189190666157,0.831603229713626,1057,234,29,109,16,25,13,84
0.675964734788264,0.724018434757313,1050,241,33,106,13,24,20,82
0.62165539547192,0.658654777814583,1083,208,38,54,8,10,30,44
0.740604249667995,0.784365854953759,1061,230,36,45,19,13,17,32
0.760293448589627,0.803000051458625,1062,229,35,52,21,22,14,30
0.79757636122178,0.817505721645377,1056,235,36,59,17,18,19,41
0.73101211259106,0.738105788304609,1060,231,37,20,18,9,19,11
0.777957233848954,0.818580727027456,1072,219,35,104,20,21,15,83
0.746335111521821,0.765155434126431,1064,227,38,22,18,10,20,12
0.738722886232846,0.737580125459008,1062,229,36,15,17,9,19,6
0.773983340352848,0.791029057463828,1077,214,34,41,16,14,18,27
0.736501994644516,0.767073850445533,1067,224,29,57,11,14,18,43
0.749897593445981,0.778598091600257,1075,216,31,21,17,13,14,8
0.748297491039426,0.790177663306167,1069,222,31,42,15,7,16,35
0.827904083248501,0.882705911995672,1064,227,28,110,19,31,9,79
0.694195121951219,0.725932345770564,1080,211,41,35,16,12,25,23
0.719319081551861,0.723568483951273,1102,189,28,14,9,5,19,9
0.787437535840092,0.832454977548975,1039,252,39,79,24,28,15,51
0.782366957903098,0.809881981884606,1071,220,32,185,11,37,21,148
0.794836491756174,0.852738000007274,1043,248,47,124,32,42,15,82
0.699101455868972,0.750154535099815,1044,247,35,89,15,24,20,65
0.758306464834144,0.762440597104694,1080,211,29,22,11,10,18,12
0.755243445692884,0.7986790688966,1040,251,45,53,26,20,19,33
0.70897622242099,0.748579356947931,1052,239,43,73,19,14,24,59
0.700762056414923,0.755121383679698,1071,220,35,77,15,21,20,56
0.717474546259407,0.746307945894869,1071,220,36,35,14,13,22,22
0.761790261762938,0.825589469075647,1063,228,29,82,18,30,11,52
0.746398118200529,0.805949007603286,1071,220,38,97,18,20,20,77
0.660747773089545,0.701752308933795,1070,221,27,27,10,7,17,20
0.73972602739726,0.770755762098912,1063,228,50,62,24,16,26,46
0.731954924543288,0.828459686616906,1065,226,32,109,18,29,14,80
0.700746408348542,0.762774108937824,1058,233,34,98,16,17,18,81
0.799292311055249,0.83923413200063,1079,212,29,63,13,16,16,47
0.743935369632581,0.782489408002758,1075,216,36,62,19,18,17,44
0.702411282984531,0.739799462924645,1065,226,35,29,15,8,20,21
0.75315059144677,0.785147506206493,1060,231,35,59,17,23,18,36
0.75140487804878,0.786943874909777,1040,251,41,71,19,23,22,48
0.789221657495695,0.791078992393131,1071,220,38,16,20,9,18,7
0.780681688207709,0.833900139728421,1044,247,42,68,24,20,18,48
0.767359845447255,0.813345529494794,1055,236,44,77,20,19,24,58
0.696640205724508,0.732159456134204,1088,203,43,92,18,22,25,70
0.667457805907173,0.709371528379367,1052,239,27,42,10,6,17,36
0.746832937450515,0.780197923083206,1064,227,28,47,11,15,17,32
0.663682893539582,0.665695271138324,1070,221,35,12,14,6,21,6
0.776230941581507,0.818765936763106,1080,211,29,27,17,9,12,18
0.79619439660604,0.867085526283758,1068,223,38,122,21,26,17,96
0.697191441277247,0.73758523704097,1048,243,44,35,18,12,26,23
0.700896391810881,0.748510179819239,1076,215,28,32,12,11,16,21
0.767078575902105,0.801247200085213,1072,219,33,31,18,14,15,17
0.785015676915158,0.78803732222232,1078,213,34,13,19,7,15,6
0.707142549247812,0.767288103883512,1067,224,37,52,16,9,21,43
0.688380487804878,0.699267653615141,1043,248,41,28,18,13,23,15
0.677937649880096,0.736045568208211,1063,228,40,89,17,27,23,62
0.726876706096451,0.776310155099192,1072,219,35,89,14,19,21,70
0.749002677741953,0.784437139345388,1087,204,29,63,13,9,16,54
0.751410373066424,0.813825790282269,1091,200,35,67,19,18,16,49
0.726808462238399,0.773258130766259,1069,222,35,70,15,17,20,53
0.743155973606626,0.802365573699405,1079,212,34,96,14,18,20,78
0.752362750451548,0.753708981120159,1066,225,38,24,18,12,20,12
0.72320788530466,0.776627744124105,1065,226,31,89,14,18,17,71
0.80632995826777,0.846177128375263,1068,223,47,79,28,24,19,55
0.769141463414634,0.813113972429158,1082,209,41,68,22,21,19,47
0.774772520473157,0.823263789521082,1060,231,35,103,21,29,14,74
0.775580711555425,0.831447619369738,1061,230,38,69,24,21,14,48
0.714927521842732,0.744189210819278,1071,220,32,33,12,9,20,24
0.69473886328725,0.731435297260502,1081,210,31,74,11,16,20,58
0.727296593438904,0.789225878674303,1081,210,38,46,18,12,20,34
0.761767114708291,0.83457016322549,1077,214,33,106,18,32,15,74
0.73631592421915,0.771523592958299,1074,217,31,89,12,16,19,73
0.693260014745638,0.759624633485636,1083,208,39,114,13,17,26,97
0.701018149623727,0.741421662317879,1055,236,36,155,15,35,21,120
0.716060402402655,0.752467147063093,1058,233,38,38,16,11,22,27
0.70639951108783,0.748212492779656,1079,212,46,25,22,7,24,18
0.746846071925944,0.807385537087631,1059,232,39,83,19,21,20,62
0.711929997904129,0.750614166511258,1063,228,54,39,24,12,30,27
0.728719290263876,0.730211813858209,1076,215,35,15,17,10,18,5
0.726542434012788,0.784971044007099,1037,254,29,67,13,17,16,50
0.698943229294667,0.747947847181059,1064,227,39,72,16,16,23,56
0.761832886106142,0.784890091074125,1047,244,43,53,22,13,21,40
0.707898105478751,0.762060243354385,1082,209,31,52,14,9,17,43
0.655279757516179,0.716882132152428,1061,230,39,77,15,19,24,58
0.758049915944653,0.813792206409626,1065,226,37,27,21,12,16,15
0.765464028621923,0.784668191881963,1077,214,37,34,18,10,19,24
0.69701239008793,0.7235925672186,1058,233,40,38,20,15,20,23
0.69506418769367,0.766360898562827,1052,239,36,62,16,16,20,46
0.763589128697042,0.81322816334472,1057,234,40,59,21,15,19,44
0.710273530579825,0.740826255686975,1056,235,32,40,16,16,16,24
0.666962675556041,0.72320886425634,1084,207,29,49,10,10,19,39
0.742652042090244,0.791656797512486,1062,229,45,47,24,13,21,34
0.669531707317073,0.730340237749351,1045,246,41,129,17,34,24,95
0.712327188940092,0.741046580257556,1065,226,31,52,14,12,17,40
0.728942652329749,0.756555643831275,1076,215,31,24,15,6,16,18
0.744341463414634,0.806790769439047,1066,225,41,94,23,32,18,62
0.7627383075024,0.796254895174035,1071,220,23,42,8,10,15,32
0.738092076139885,0.746088608568596,1078,213,36,19,15,10,21,9
0.781318732743694,0.820815597744891,1039,252,34,34,22,18,12,16
0.776633240667196,0.824566810750535,1048,243,32,40,20,18,12,22
0.761488217751082,0.763399468607337,1046,245,38,19,21,13,17,6
0.737040367705835,0.775543346871552,1043,248,40,80,17,24,23,56
0.727246661751454,0.729019811249775,1085,206,39,17,16,6,23,11
0.722604878048781,0.762498773649803,1073,218,41,36,20,13,21,23
0.701028568675628,0.70369498366844,1029,262,33,16,16,5,17,11
0.730900595660965,0.758423226426827,1063,228,29,46,11,11,18,35
0.758683136985779,0.809032018083534,1083,208,42,72,23,22,19,50
0.729902150954783,0.763001042225145,1072,219,37,31,19,14,18,17
0.771003060476745,0.797433520596455,1027,264,37,34,19,16,18,18
0.723101147883125,0.756347606913162,1072,219,43,80,19,24,24,56
0.75475432211101,0.784535410987195,1062,229,35,33,16,9,19,24
0.652675683622464,0.711190627955221,1055,236,38,72,15,15,23,57
0.665471447543161,0.697810789783777,1053,238,36,60,13,10,23,50
0.772868292682927,0.814823062146802,1083,208,41,60,20,14,21,46
0.778119111984927,0.781846879276011,1082,209,39,21,24,13,15,8
0.744391025641026,0.748661555927039,1055,236,43,16,17,3,26,13
0.765912667191188,0.821306486642401,1078,213,20,56,11,9,9,47
0.696873976320839,0.739175526437944,1062,229,34,25,16,6,18,19
0.785696731383632,0.809983314193076,1068,223,39,76,17,16,22,60
0.727600708277999,0.781608124671248,1095,196,36,102,18,22,18,80
0.641556385024318,0.694645986555987,1066,225,28,67,8,18,20,49
0.672832140015911,0.710779833780884,1059,232,34,25,13,8,21,17
0.716614940299151,0.769643052094545,1081,210,37,60,19,21,18,39
0.771927427728291,0.809244695102205,1052,239,29,142,18,32,11,110
0.716145691021367,0.755610989178818,1073,218,29,41,14,13,15,28
0.680098405157788,0.706771337745705,1057,234,28,36,8,9,20,27
0.764191117974636,0.789576284141237,1082,209,34,56,18,16,16,40
0.743345323741007,0.767118182722997,1054,237,40,69,15,11,25,58
0.768835696569797,0.823726976430815,1061,230,34,39,18,16,16,23
0.677401783319925,0.723387069533349,1067,224,48,80,20,15,28,65
0.744465563506261,0.773785113918772,1068,223,43,121,16,19,27,102
0.711933718455457,0.751439159180684,1082,209,26,29,10,9,16,20
0.778408587870739,0.782343431693133,1073,218,36,17,19,10,17,7
0.699125719344843,0.700196119122708,1056,235,36,17,19,9,17,8
0.739375609756098,0.766192365105553,1073,218,41,33,18,17,23,16
0.732654686078253,0.790580370728836,1078,213,35,66,17,15,18,51
0.735708049589663,0.777833914594007,1064,227,46,72,21,16,25,56
0.722418107370337,0.758060265392567,1062,229,35,34,14,12,21,22
0.765297761790568,0.801360526498021,1059,232,40,86,22,26,18,60
0.737676119136793,0.794270365806114,1062,229,45,64,24,19,21,45
0.790315410173616,0.816118768978766,1061,230,34,42,18,11,16,31
0.814725152960447,0.844541280432703,1078,213,33,40,22,14,11,26
0.74933439829606,0.772018920202401,1086,205,39,28,21,13,18,15
0.721502007045138,0.764002206158947,1075,216,39,85,19,17,20,68
0.740263876251137,0.780699980559074,1062,229,35,56,16,12,19,44
0.763250682438581,0.80465085729211,1075,216,35,41,17,12,18,29
0.716986403427082,0.72259050373328,1055,236,52,26,24,12,28,14
0.70779125644632,0.754249794191185,1086,205,27,33,11,9,16,24
0.722577265584076,0.796142383044352,1077,214,46,72,24,19,22,53
0.758384536610343,0.807494000620807,1086,205,31,89,16,22,15,67
0.746408619313647,0.785097751147617,1036,255,38,40,22,17,16,23
0.723524166220796,0.723329761839289,1045,246,45,19,18,9,27,10
0.706936585365854,0.70998897654364,1077,214,41,24,16,9,25,15
0.719728163483167,0.746090034569372,1051,240,42,42,18,10,24,32
0.691002656042497,0.726084237747059,1050,241,36,101,13,17,23,84
0.742376065905478,0.780017279219378,1088,203,33,84,12,16,21,68
0.783277296435191,0.780751360607375,1076,215,37,15,17,7,20,8
0.761295710267229,0.818650006244276,1064,227,27,148,10,31,17,117
0.738774310076868,0.79767403388801,1063,228,38,136,17,37,21,99
0.645107674519439,0.687943377789498,1078,213,33,135,13,29,20,106
0.753469977154188,0.798980818728748,1062,229,37,97,18,26,19,71
0.788369304556355,0.854987152620983,1056,235,40,104,25,40,15,64
0.755393326781787,0.800899469017624,1087,204,34,53,18,15,16,38
0.741040451408746,0.802758664443722,1062,229,42,49,22,12,20,37
0.704056754596323,0.733985588184261,1069,222,40,41,13,10,27,31
0.76225822870716,0.820919992192393,1093,198,28,62,14,16,14,46
0.698334491660048,0.744961633485942,1051,240,32,32,14,11,18,21
0.74558181096108,0.794644296627371,1094,197,32,59,15,10,17,49
0.765841200051727,0.794484883336665,1049,242,37,86,14,22,23,64
0.754346522781775,0.815715220682445,1039,252,40,89,21,30,19,59
0.760665675397461,0.794337974433244,1066,225,42,56,22,17,20,39
0.757553956834532,0.812592362604853,1052,239,40,92,21,20,19,72
0.746062633019155,0.772323614163408,1072,219,26,57,7,14,19,43
0.697960975609756,0.711860954107024,1090,201,41,25,19,12,22,13
0.74448419797257,0.788812115638607,1074,217,43,54,24,19,19,35
0.724480415667466,0.726581189810882,1076,215,40,22,19,10,21,12
0.719722474977252,0.781684555324369,1070,221,35,62,19,18,16,44
0.773629268292683,0.819121244084715,1078,213,41,110,18,25,23,85
0.755152429934407,0.792406739136183,1089,202,43,45,21,16,22,29
0.735655441537794,0.797201801306436,1064,227,33,63,16,18,17,45
0.706370135958743,0.734269770636478,1063,228,27,67,11,8,16,59
0.760249086403159,0.790373173526771,1064,227,38,84,23,24,15,60
0.758939945404913,0.802105793466305,1083,208,35,28,16,13,19,15
0.698162903939796,0.73417450557034,1063,228,36,71,15,19,21,52
0.795056833201163,0.824111185060106,1063,228,30,40,16,15,14,25
0.675548550436855,0.707845798827482,1082,209,32,95,10,14,22,81
0.728862328463922,0.779355783963067,1081,210,36,52,17,15,19,37
0.753036851683348,0.816808202114711,1082,209,35,83,16,17,19,66
0.678046372915529,0.733655341154901,1070,221,38,59,19,18,19,41
0.802354413102821,0.840932652450768,1071,220,35,50,22,14,13,36
0.740727418065547,0.739706828123599,1050,241,40,21,21,11,19,10
0.737589088228066,0.735786826358434,1077,214,39,19,16,10,23,9
0.690665545928704,0.746199308306626,1073,218,37,63,14,13,23,50
0.768764754058872,0.804221375493457,1059,232,33,36,17,15,16,21
0.749946495452113,0.806706834942787,1085,206,45,67,24,18,21,49
0.720138799086167,0.772201169873562,1079,212,37,50,17,15,20,35
0.76287696824126,0.805211358354678,1077,214,42,50,18,13,24,37
0.72860779105799,0.731179704361249,1072,219,36,18,18,7,18,11
0.689253847148584,0.738357074693866,1067,224,37,115,16,23,21,92
0.739973793813468,0.74035428102679,1050,241,34,18,17,9,17,9
0.7884087295852,0.831728477783878,1079,212,33,92,20,17,13,75
0.785027376105573,0.835842605018614,1084,207,34,79,19,16,15,63
0.73780412877857,0.772347179062321,1065,226,39,26,21,13,18,13
0.749403697078116,0.790946421627685,1069,222,43,62,23,21,20,41
0.775204863864658,0.820965529086668,1081,210,30,75,17,19,13,56
0.754196997270246,0.754527141260561,1063,228,35,16,17,8,18,8
0.827253502511234,0.862059275560179,1081,210,30,59,19,17,11,42
0.743308932860574,0.772620290570211,1055,236,42,26,22,13,20,13
0.778999754239371,0.778223484045128,1038,253,39,18,20,11,19,7
0.680191772465591,0.685818429292873,1078,213,42,17,18,5,24,12
0.74203187250996,0.771418028631648,1058,233,36,88,18,21,18,67
0.745263788968825,0.780004874973804,1056,235,40,114,18,25,22,89
0.784079741681876,0.820318122285456,1085,206,34,147,16,26,18,121
0.68835304822566,0.757353144149241,1061,230,35,49,14,13,21,36
0.677285573851069,0.732819823781793,1052,239,39,68,19,17,20,51
0.766913102820746,0.762639191290577,1080,211,35,17,21,8,14,9
0.767002581413821,0.769709968239619,1089,202,32,15,17,8,15,7
0.712255296326093,0.750972778091928,1062,229,48,65,22,16,26,49
0.822122620628597,0.836758062845495,1048,243,36,30,21,13,15,17
0.787769573370839,0.831337318341967,1087,204,27,22,15,10,12,12
0.788611841854436,0.827110217058234,1054,237,42,105,22,23,20,82
0.747168795919322,0.820043484766796,1067,224,34,81,20,24,14,57
0.771285316137494,0.827927623002256,1089,202,29,85,15,21,14,64
0.657537698996094,0.735694712804466,1087,204,38,113,15,24,23,89
0.741742493175614,0.784002896209106,1083,208,35,37,17,11,18,26
0.686436762296804,0.732893956224278,1069,222,38,75,12,18,26,57
0.782084332533973,0.825760153256453,1068,223,40,55,22,20,18,35
0.786127382843527,0.787209625759623,1073,218,32,16,16,8,16,8
0.748819675290263,0.765814420533406,1071,220,33,64,16,23,17,41
0.741516727098584,0.780333486112766,1052,239,47,126,24,32,23,94
0.752604276053262,0.782346572797653,1055,236,38,51,18,17,20,34
0.761732913730588,0.805172806602074,1054,237,47,62,29,23,18,39
0.759856630824373,0.794662932247948,1077,214,31,86,17,18,14,68
0.767322565969063,0.807092408707943,1084,207,35,40,17,9,18,31
0.747295142031984,0.789124516030025,1098,193,37,60,15,12,22,48
0.754493138556884,0.806956878395473,1071,220,36,46,17,11,19,35
0.749470423661071,0.806590911150938,1056,235,40,94,19,24,21,70
0.712118174527958,0.744865706790552,1058,233,44,60,17,15,27,45
0.737483399734396,0.784246486523412,1062,229,36,40,18,12,18,28
0.783414634146341,0.817351115445101,1060,231,41,67,20,19,21,48
0.778794582998123,0.780432332866867,1050,241,48,22,30,13,18,9
0.747788154337675,0.800617875431484,1084,207,39,28,19,10,20,18
0.765615155206452,0.80796266724386,1043,248,38,40,20,12,18,28
0.720647721454173,0.778504362430228,1048,243,31,119,13,31,18,88
0.779250232253129,0.776914237710374,1063,228,29,16,12,6,17,10
0.769724582587955,0.820010184669769,1075,216,43,47,26,22,17,25
0.718682926829268,0.720681143021952,1048,243,41,18,17,7,24,11
0.753637090327738,0.754437750386329,1061,230,40,22,20,9,20,13
0.768725019984013,0.802664697731994,1080,211,40,56,18,17,22,39
0.716413902053712,0.745691567779876,1055,236,25,70,11,16,14,54
0.749833589349718,0.792320647001997,1070,221,31,69,13,13,18,56
0.756147876933166,0.761096105677604,1091,200,29,16,15,8,14,8
0.752343039126479,0.798977372466062,1066,225,35,59,18,15,17,44
0.749629923341264,0.825195711926096,1074,217,30,92,18,17,12,75
0.720768017351868,0.747556571308155,1089,202,49,57,17,5,32,52
0.725882581145739,0.743426339242876,1062,229,37,26,14,7,23,19
0.776881363435148,0.813844158164532,1072,219,36,39,20,11,16,28
0.774037184594954,0.818968662283844,1046,245,36,45,22,15,14,30
0.79791856232939,0.821161443746626,1049,242,35,38,20,13,15,25
0.756840305182847,0.789872286540252,1092,199,24,91,9,24,15,67
0.755671664019063,0.791201300106768,1059,232,32,32,17,12,15,20
0.775141560204034,0.828943449759224,1062,229,34,41,19,17,15,24
0.78196981731533,0.824115021625795,1067,224,32,57,18,18,14,39
0.651456853459616,0.692570528327814,1076,215,24,47,7,11,17,36
0.829559539619301,0.866975061790197,1074,217,36,72,20,19,16,53
0.8028978176037,0.854807148817206,1036,255,33,115,24,33,9,82
0.737977485108476,0.762288586435166,1115,176,29,79,10,11,19,68
0.743175459632294,0.786681506386487,1088,203,40,78,16,16,24,62
0.750136619487404,0.800837279095811,1048,243,29,57,15,18,14,39
0.755785365853658,0.798191848097749,1072,219,41,55,21,15,20,40
0.722014533540555,0.75103302472611,1051,240,38,24,19,13,19,11
0.68849756097561,0.728972212359323,1068,223,41,70,15,15,26,55
0.71637384267697,0.779263263137697,1058,233,44,78,19,20,25,58
0.747316694685116,0.748076424724818,1083,208,37,18,16,6,21,12
0.715461838954929,0.74896760804264,1047,244,38,93,17,24,21,69
0.686440157286803,0.723070689956246,1066,225,39,50,18,16,21,34
0.789552921905863,0.857880586674819,1093,198,33,77,19,26,14,51
0.719528351881293,0.775469779142209,1083,208,33,56,15,13,18,43
0.725451049985212,0.762151838067506,1096,195,49,50,21,8,28,42
0.721057347670251,0.743291130895959,1083,208,31,149,13,29,18,120
0.757642089093702,0.804046874688152,1065,226,31,70,18,19,13,51
0.772128428741801,0.820280783354546,1075,216,43,34,28,14,15,20
0.712199915765829,0.735815973326326,1074,217,34,47,12,10,22,37
0.724380238986981,0.72052131749138,1074,217,45,17,19,7,26,10
0.723263104177298,0.751823496539009,1060,231,44,45,19,19,25,26
0.716360975609756,0.748793594273585,1094,197,41,39,19,13,22,26
0.772753430721558,0.802300976317252,1071,220,36,30,21,13,15,17
0.739320367959004,0.772141489373208,1098,193,38,74,15,14,23,60
0.803154050464807,0.827473391076607,1050,241,36,20,22,14,14,6
0.705696537139836,0.750822223669077,1058,233,30,99,11,21,19,78
0.779352290679305,0.821621660184709,1054,237,25,98,13,20,12,78
0.764537264537264,0.802989680263397,1082,209,37,76,18,22,19,54
0.718757680019661,0.764263466628086,1050,241,39,65,20,13,19,52
0.806799569469793,0.826654330153343,1066,225,34,52,20,25,14,27
0.781483166515014,0.795418939956295,1056,235,35,34,13,10,22,24
0.789818526660632,0.841210219459722,1058,233,37,121,21,36,16,85
0.769634467002888,0.80415878227993,1042,249,37,69,20,13,17,56
0.729853658536585,0.776261907455693,1085,206,41,84,16,23,25,61
0.722414234511009,0.738016238641399,1067,224,31,61,14,14,17,47
0.763375796178344,0.80775367360049,1061,230,35,98,20,29,15,69
0.76823903785858,0.808429881446621,1077,214,34,109,14,20,20,89
0.733720309580998,0.773571589231516,1049,242,42,55,21,21,21,34
0.781454836131095,0.822422715908426,1063,228,40,57,21,18,19,39
0.777593266606005,0.821674219517197,1043,248,35,54,22,16,13,38
0.725941949846684,0.727478321102929,1089,202,38,18,17,8,21,10
0.722369498685288,0.761009904436955,1095,196,37,36,13,7,24,29
0.75501922859405,0.806046481651002,1064,227,28,79,15,22,13,57
0.722310545839957,0.761376188947315,1063,228,33,68,17,17,16,51
0.773880895283773,0.787892265857257,1084,207,40,22,17,11,23,11
0.768691981350023,0.82050109384639,1076,215,38,72,21,22,17,50
0.704774150268336,0.758975669551323,1084,207,43,129,21,26,22,103
0.806842525307683,0.837314621372234,1077,214,38,40,23,12,15,28
0.757649299582207,0.772821496131029,1076,215,39,34,16,11,23,23
0.792740150509075,0.846814147167743,1062,229,36,81,22,21,14,60
0.72742260679632,0.767264372814069,1052,239,38,58,17,16,21,42
0.74697185223501,0.810310321083937,1056,235,37,98,18,19,19,79
0.754575858923685,0.795813598987154,1087,204,26,41,12,12,14,29
0.724323380478435,0.76724885990675,1049,242,46,69,23,25,23,44
0.77834648671318,0.848700423754847,1080,211,42,107,24,22,18,85
0.757274180655475,0.761964154394741,1060,231,40,23,25,15,15,8
0.716926819867996,0.762063868383387,1082,209,33,75,13,11,20,64
0.739176322644391,0.771746062741578,1064,227,54,39,22,13,32,26
0.719840803125131,0.724089408736154,1059,232,38,17,18,7,20,10
0.793659165494608,0.81758300489294,1075,216,27,30,15,8,12,22
0.763217023526302,0.792845305418485,1086,205,30,30,16,13,14,17
0.769473017292785,0.807545694109037,1071,220,43,51,25,14,18,37
0.735502434705622,0.765600923736815,1068,223,36,29,16,11,20,18
0.717764397476857,0.783692637543374,1107,184,39,62,18,18,21,44
0.800486941124391,0.833876107392885,1059,232,36,52,21,17,15,35
0.747941646682654,0.774238977075862,1074,217,40,52,16,17,24,35
0.752446759356492,0.784187949667315,1067,224,38,61,19,14,19,47
0.735701438848921,0.786973757707516,1061,230,40,148,19,25,21,123
0.802739950395433,0.803806139078343,1089,202,34,22,20,15,14,7
0.723417157125022,0.771072952933769,1063,228,45,98,20,28,25,70
0.801831925449182,0.805582422880738,1060,231,48,21,28,12,20,9
0.774268287426182,0.805521164597859,1072,219,37,102,14,18,23,84
0.742677169147757,0.743732127935477,1074,217,33,12,16,7,17,5
0.687561420749684,0.713766911716334,1061,230,34,35,11,10,23,25
0.75017548785624,0.781327385297208,1061,230,34,37,17,8,17,29
0.781278434940855,0.817508570377398,1063,228,35,95,19,18,16,77
0.665739902582008,0.697052719602219,1078,213,37,46,11,14,26,32
0.747870630088253,0.812935833227954,1059,232,47,107,25,26,22,81
0.711283312364177,0.763466629535397,1064,227,42,78,19,14,23,64
0.741867606915378,0.783272016940736,1065,226,35,75,15,18,20,57
0.720958473010878,0.757236917591672,1099,192,47,81,20,16,27,65
0.704339477726574,0.747454830903177,1095,196,31,58,11,10,20,48
0.763758247929243,0.790480174542543,1081,210,34,89,16,17,18,72
0.757235266938295,0.804113733887314,1060,231,38,50,21,15,17,35
0.753937917419247,0.766801998360225,1063,228,38,40,17,11,21,29
0.67104213046583,0.698329068918473,1059,232,38,48,10,10,28,38
0.720256166982922,0.771228795304499,1098,193,51,80,20,17,31,63
0.755065749450138,0.783302993335799,1071,220,34,94,15,18,19,76
0.675476157049932,0.708719946965708,1084,207,34,90,9,17,25,73
0.735298441634813,0.770728286329578,1080,211,38,84,14,13,24,71
0.732215582115981,0.810921223292537,1060,231,36,73,19,16,17,57
0.779887503800547,0.778615207396123,1061,230,26,12,14,6,12,6
0.755075433041535,0.795057549530098,1060,231,52,45,26,20,26,25
0.727658317129894,0.755542906797828,1068,223,42,37,16,12,26,25
0.751756097560976,0.755925660077816,1077,214,41,20,20,11,21,9
0.726419512195122,0.771493002080906,1063,228,41,49,18,14,23,35
0.669014634146341,0.718387367826916,1074,217,41,71,15,16,26,55
0.801169082605242,0.854892257836839,1063,228,32,154,19,37,13,117
0.805644090305445,0.844770693138767,1070,221,36,68,19,16,17,52
0.691741998979369,0.700269914237174,1084,207,44,20,19,9,25,11
0.785525265678162,0.821438558060837,1079,212,38,97,22,22,16,75
0.797947680300621,0.825258441124609,1069,222,33,23,24,15,9,8
0.749975178713264,0.794841452745395,1075,216,32,88,14,24,18,64
0.725094267446309,0.763533193874239,1060,231,29,109,13,26,16,83
0.706016833484986,0.746420018176821,1069,222,35,46,15,6,20,40
0.738209432454037,0.790909249008432,1060,231,40,71,18,17,22,54
0.746940791058438,0.8051799157228,1062,229,33,86,18,21,15,65
0.723395307658256,0.770806447356885,1071,220,36,59,14,11,22,48
0.72700487804878,0.776502763712745,1077,214,41,29,23,14,18,15
0.715626536969233,0.739214449424689,1086,205,29,29,11,12,18,17
0.738986594249752,0.740521948004468,1090,201,37,21,22,10,15,11
0.747803316123908,0.754186839177886,1056,235,32,15,17,10,15,5
0.772157398212512,0.777647747701795,1074,217,19,15,7,4,12,11
0.797249120778532,0.830972630503716,1067,224,33,36,18,16,15,20
0.723317815423079,0.792291109553925,1067,224,37,64,20,26,17,38
0.751193774148866,0.795896233617294,1048,243,44,47,25,21,19,26
0.731734126470969,0.764300548709009,1063,228,37,19,18,8,19,11
0.812860892388451,0.842933767862367,1068,223,21,66,9,14,12,52
0.739845423614903,0.792155094100724,1053,238,38,61,20,19,18,42
0.722764497565294,0.759747693214222,1087,204,36,36,14,10,22,26
0.745668685464654,0.797490656482313,1051,240,32,91,15,22,17,69
0.752025493277457,0.775328636826651,1056,235,46,34,26,17,20,17
0.795607712142522,0.84001204137218,1074,217,27,103,13,22,14,81
0.736677143356033,0.770150689135932,1071,220,46,39,17,11,29,28
0.693747575326523,0.696336091104385,1059,232,37,23,12,6,25,17
0.739992439198555,0.781907866303151,1073,218,38,141,16,31,22,110
0.689929172200089,0.696200802376195,1070,221,36,14,15,5,21,9
0.72058432934927,0.7737804762357,1072,219,36,54,19,13,17,41
0.718334225075798,0.751653592661991,1067,224,45,94,19,24,26,70
0.713685712948664,0.764656699753469,1057,234,34,49,16,19,18,30
0.707024380495603,0.742821630425674,1042,249,40,21,21,8,19,13
0.733492442322991,0.727287253589459,1096,195,34,17,13,5,21,12
0.730755850727388,0.733721177379226,1045,246,51,30,22,11,29,19
0.749508478741705,0.752283429187184,1089,202,39,18,17,8,22,10
0.764249494833962,0.821407793985251,1047,244,42,54,23,15,19,39
0.765615607410241,0.805443718846961,1088,203,29,62,16,16,13,46
0.679816556694277,0.744676601012137,1069,222,34,46,14,14,20,32
0.792079659470964,0.821416049629697,1059,232,26,131,13,30,13,101
0.67276431301718,0.727908442127542,1070,221,38,112,14,25,24,87
0.75590243902439,0.792546627288355,1073,218,41,69,17,21,24,48
0.752301356589147,0.794667809322544,1055,236,43,62,22,18,21,44
0.700212992545261,0.753060528978869,1061,230,39,51,16,9,23,42
0.755843293492696,0.798643691625577,1090,201,36,46,19,15,17,31
0.752273804905384,0.793855827740066,1103,188,37,137,16,24,21,113
0.783709749552773,0.824482948275177,1060,231,43,62,27,28,16,34
0.715361083008142,0.779453457706914,1086,205,33,100,14,27,19,73
0.7375,0.789131221052089,1070,221,40,75,19,20,21,55
0.79605598891886,0.822903250003961,1069,222,44,144,23,37,21,107
0.786463741188043,0.786806831930596,1066,225,29,17,18,10,11,7
0.743659038794515,0.784283277750438,1063,228,34,90,17,21,17,69
0.687428065515715,0.722732075898564,1076,215,36,41,13,9,23,32
0.685043902439024,0.722125554222849,1053,238,41,61,16,18,25,43
0.739381857255967,0.774183347594891,1068,223,28,17,14,7,14,10
0.764472640761301,0.810795629959929,1067,224,30,32,17,11,13,21
0.752697396012048,0.792961431732779,1079,212,42,103,18,24,24,79
0.772743226168749,0.813522357278819,1077,214,34,120,17,25,17,95
0.700576036866359,0.734676609645534,1042,249,31,34,16,14,15,20
0.725667054614423,0.737733601214317,1068,223,37,23,16,9,21,14
0.77242553558343,0.802238041578835,1070,221,37,34,17,12,20,22
0.73266849737438,0.745818283211515,1081,210,33,15,12,7,21,8
0.74416777335104,0.793501066910122,1070,221,36,66,16,19,20,47
0.71175534653002,0.717918910063353,1093,198,34,19,14,9,20,10
0.737280725722717,0.786414694078942,1084,207,29,55,15,14,14,41
0.71902054377837,0.776806733834282,1068,223,34,57,13,10,21,47
0.746346825294194,0.779391925386018,1073,218,37,53,17,11,20,42
0.686692682926829,0.731581853278392,1049,242,41,66,19,16,22,50
0.727610362146445,0.768116142503843,1089,202,30,82,13,19,17,63
0.760270398481973,0.813536626146262,1074,217,51,99,30,35,21,64
0.745698767952176,0.793183237390617,1075,216,44,65,24,19,20,46
0.753168240010345,0.793192534396949,1083,208,37,48,18,15,19,33
0.713850483632986,0.718549350265527,1056,235,29,13,13,4,16,9
0.746630633160185,0.745521746930339,1064,227,34,22,13,9,21,13
0.735683822993366,0.809063958848512,1068,223,44,100,22,29,22,71
0.756829268292683,0.799569069795419,1053,238,41,65,22,24,19,41
0.737293443175796,0.785411105284622,1052,239,33,82,15,19,18,63
0.822081016679905,0.836641784700409,1095,196,32,40,18,15,14,25
0.772918318794607,0.833642534878799,1077,214,30,56,19,24,11,32
0.767379679144385,0.806341436782492,1063,228,33,47,17,13,16,34
0.744616274028039,0.789858313498917,1063,228,33,92,18,23,15,69
0.668697823494335,0.72879666528688,1058,233,43,74,19,21,24,53
0.726568745003997,0.75398431423328,1058,233,40,35,13,10,27,25
0.763007026164921,0.794058583633551,1098,193,37,92,18,22,19,70
0.693676069153776,0.746606851438123,1073,218,35,46,14,13,21,33
0.739073777064956,0.792953035871849,1074,217,44,77,25,21,19,56
0.761009780597409,0.831764793948657,1061,230,30,66,19,22,11,44
0.7127600708278,0.717831063816969,1059,232,36,15,15,7,21,8
0.782360847564832,0.827058810193931,1070,221,51,49,31,24,20,25
0.769997786631253,0.812242873777195,1061,230,36,78,17,26,19,52
0.716516084193805,0.717525564552445,1074,217,32,13,11,8,21,5
0.753772835583797,0.798907798575757,1034,257,32,48,17,18,15,30
0.703987084093781,0.755526251055521,1057,234,34,31,16,11,18,20
0.727918586789554,0.795411599085456,1069,222,31,77,15,15,16,62
0.783874006717457,0.822824201676835,1057,234,39,46,21,19,18,27
0.754327135900841,0.756584470014962,1061,230,36,21,17,7,19,14
0.7532563283362,0.79302881171941,1049,242,39,102,19,25,20,77
0.732846392208942,0.765508399258732,1075,216,36,84,16,18,20,66
0.682373353735177,0.713043760466561,1069,222,29,20,9,3,20,17
0.739328901093607,0.740303270593301,1075,216,33,11,16,5,17,6
0.706232939035487,0.742765384112245,1074,217,35,80,14,18,21,62
0.774318516004977,0.802422502999191,1066,225,28,29,13,10,15,19
0.758571854502087,0.808651190524232,1071,220,43,102,25,28,18,74
0.783154121863799,0.805619430501097,1058,233,31,104,18,29,13,75
0.745935700225997,0.795310521106067,1066,225,44,92,20,26,24,66
0.817724239339441,0.873399476238482,1070,221,28,117,18,30,10,87
0.761548002145347,0.788301667267455,1085,206,48,78,23,16,25,62
0.77330161247687,0.81743459489005,1061,230,30,30,17,11,13,19
0.777531302376023,0.780751767514832,1054,237,49,28,27,16,22,12
0.756109649624461,0.791301729917069,1067,224,42,34,20,14,22,20
0.760598427131973,0.79559409110842,1041,250,39,120,20,32,19,88
0.793334778628896,0.842232341512431,1060,231,33,77,18,25,15,52
0.796167593328038,0.832470047148439,1079,212,32,45,18,17,14,28
0.803443902439024,0.811127073021817,1096,195,41,48,17,14,24,34
0.694958327311268,0.733358486205835,1059,232,33,64,10,16,23,48
0.743937670609645,0.796383656995555,1056,235,35,83,18,28,17,55
0.730053019526704,0.761837954051323,1050,241,37,50,18,17,19,33
0.657880515802027,0.69125887114646,1093,198,43,100,14,22,29,78
0.66894007155635,0.722046814327676,1068,223,43,111,19,29,24,82
0.705220365364135,0.76320070985337,1087,204,39,134,17,33,22,101
0.810958961649935,0.832326673530373,1087,204,38,63,21,17,17,46
0.731724043341106,0.771439041505435,1082,209,23,53,9,14,14,39
0.740039089288164,0.789544054169652,1061,230,23,113,12,32,11,81
0.683859291935301,0.731046996542987,1077,214,28,79,11,21,17,58
0.73714186775534,0.800827962485913,1085,206,44,46,24,17,20,29
0.727656262800033,0.792733788765426,1068,223,39,101,18,17,21,84
0.70217276099629,0.734716424270074,1062,229,33,49,12,15,21,34
0.737715972880367,0.757691001668357,1084,207,44,26,18,11,26,15
0.830495591365156,0.839430273470151,1061,230,26,53,17,23,9,30
0.671931203073162,0.717109077397044,1060,231,46,164,18,31,28,133
0.722647781471311,0.757875038681506,1077,214,33,21,16,5,17,16
0.76111237488626,0.815649121752712,1078,213,35,52,20,16,15,36
0.715790553211439,0.740825546983619,1085,206,27,18,14,9,13,9
0.691131377213851,0.73087003440457,1058,233,30,58,13,15,17,43
0.775864422202002,0.838990370644405,1069,222,35,70,20,26,15,44
0.729026012708499,0.757092467476195,1046,245,32,35,12,8,20,27
0.766251096114987,0.80458255143898,1049,242,42,52,24,19,18,33
0.713829229963332,0.769450090311861,1057,234,46,41,27,15,19,26
0.682918889402277,0.762033166296053,1056,235,38,121,15,22,23,99
0.675512751917246,0.721071287645347,1068,223,45,35,19,12,26,23
0.741993553696338,0.781573217998324,1066,225,23,40,12,11,11,29
0.709804367606915,0.76761169571388,1075,216,35,78,17,12,18,66
0.753577106518283,0.787858993391998,1092,199,33,25,14,10,19,15
0.768292939051539,0.807145821349933,1064,227,38,54,21,14,17,40
0.720283443925616,0.718800616373141,1064,227,39,13,16,7,23,6
0.789596741753821,0.789861747875028,1078,213,48,28,26,16,22,12
0.766800293116083,0.766038927149477,1072,219,37,20,21,13,16,7
0.742071034585569,0.772387083074498,1071,220,43,45,20,11,23,34
0.701592356687898,0.750053006829371,1078,213,35,80,13,17,22,63
0.774977252047316,0.796181034479249,1059,232,35,38,18,13,17,25
0.769984139571768,0.818204847943734,1066,225,30,65,13,14,17,51
0.767712060226595,0.762386059095618,1082,209,43,29,17,9,26,20
0.744881800701278,0.802983812500393,1051,240,28,28,16,8,12,20
0.737481866254855,0.751650420557954,1066,225,34,35,17,14,17,21
0.75371605005738,0.797851935896118,1058,233,29,65,13,12,16,53
0.785132668819318,0.812119448399892,1078,213,34,73,16,15,18,58
0.752150405505038,0.797553573844144,1048,243,39,24,23,12,16,12
0.735384821668007,0.770302567634655,1063,228,48,97,22,21,26,76
0.770309477756286,0.794863938632226,1068,223,22,170,13,33,9,137
0.780957975845675,0.824048020572961,1064,227,29,158,16,37,13,121
0.732760975609756,0.758573347290451,1096,195,41,45,13,8,28,37
0.751849185861795,0.790259556790947,1064,227,32,19,21,10,11,9
0.778249525616698,0.815793965405585,1069,222,51,60,25,25,26,35
0.689369851134557,0.687693465779578,1067,224,33,21,9,7,24,14
0.705112195121951,0.73116985072772,1064,227,41,21,19,8,22,13
0.704934718517479,0.726307723058416,1070,221,34,133,12,25,22,108
0.731274980015987,0.772019482501884,1067,224,40,56,18,18,22,38
0.768606514609422,0.796575126820158,1067,224,43,68,21,19,22,49
0.700033200531209,0.749258481658436,1066,225,36,90,14,28,22,62
0.730009914220441,0.734190734924019,1059,232,37,14,18,8,19,6
0.787298440391224,0.821741729350562,1063,228,30,86,17,30,13,56
0.737724014336917,0.806283794361703,1069,222,31,63,14,14,17,49
0.753430721558212,0.753226946840547,1073,218,36,16,18,9,18,7
0.720624007148531,0.765219605253685,1048,243,32,85,15,19,17,66
0.696669943475055,0.711603637951327,1047,244,39,18,16,6,23,12
0.75414364640884,0.785429512858665,1084,207,24,44,10,8,14,36
0.737377752083634,0.74270256063819,1045,246,33,14,19,5,14,9
0.721403275785746,0.737190694537444,1058,233,36,28,17,10,19,18
0.727573967434472,0.732677009830198,1066,225,32,12,15,5,17,7
0.766733750745379,0.801694530549728,1092,199,43,106,21,31,22,75
0.780359503039915,0.827235500920762,1061,230,30,65,14,19,16,46
0.71960216405268,0.770918251986274,1089,202,29,44,11,5,18,39
0.759200656352555,0.764182850159821,1059,232,27,17,12,10,15,7
0.73145204027557,0.804018664133782,1070,221,33,96,19,23,14,73
0.737377752083634,0.768984438268524,1067,224,33,71,17,23,16,48
0.745390011341202,0.7981256009215,1077,214,38,64,16,20,22,44
0.721336983480743,0.722608156077946,1063,228,34,16,17,7,17,9
0.805459508644222,0.852327639245556,1082,209,35,134,22,24,13,110
0.76301087915319,0.792974113501811,1052,239,38,80,19,23,19,57
0.696798598688134,0.734906780294546,1052,239,43,36,22,14,21,22
0.720892414244934,0.764327067081952,1076,215,34,112,16,28,18,84
0.78299512195122,0.815167724651402,1070,221,41,58,23,20,18,38
0.702900363967243,0.757249720078263,1084,207,35,65,16,14,19,51
0.765184258416742,0.783843581812124,1077,214,35,23,17,8,18,15
0.771980487804878,0.815970153450167,1052,239,41,73,21,17,20,56
0.736630695443645,0.773020661775361,1078,213,40,57,19,13,21,44
0.793926296633303,0.830728501916266,1062,229,35,120,19,28,16,92
0.75218372280419,0.795423549658753,1045,246,50,52,28,20,22,32
0.781197432492253,0.823581894835102,1091,200,36,49,19,14,17,35
0.798429445488269,0.822723663544065,1054,237,33,34,17,11,16,23
0.793100358422939,0.823810689314063,1075,216,31,59,15,14,16,45
0.767548785624035,0.811053749365682,1068,223,34,73,20,26,14,47
0.780915277019364,0.809031912316866,1036,255,38,30,21,14,17,16
0.781742170872606,0.83729660490951,1081,210,26,40,17,11,9,29
0.777285658864606,0.805057847652285,1047,244,37,27,19,12,18,15
0.743334849863512,0.789941186965399,1064,227,35,34,18,15,17,19
0.740877298161471,0.775166443788646,1059,232,40,58,17,14,23,44
0.749086403158735,0.793243423181312,1069,222,38,87,18,20,20,67
0.814541832669323,0.816971509422122,1057,234,36,14,26,12,10,2
0.691928811337757,0.724895234337837,1080,211,39,73,14,19,25,54
0.705311765670255,0.708616576996895,1065,226,29,14,12,7,17,7
0.7335931254996,0.738809954327149,1083,208,40,22,15,8,25,14
0.73680618744313,0.766166458592048,1027,264,35,30,14,10,21,20
0.718492695883134,0.775814403680544,1080,211,36,43,19,16,17,27
0.689419078422313,0.752165012796503,1084,207,38,39,14,14,24,25
0.768035571542766,0.804223514130239,1055,236,40,77,20,27,20,50
0.770716127519925,0.770381586246643,1054,237,27,15,14,8,13,7
0.691355230828915,0.749010566754152,1063,228,37,79,12,19,25,60
0.668937670609645,0.6966027309478,1060,231,35,34,16,14,19,20
0.768354949314252,0.815445949632479,1073,218,43,75,25,22,18,53
0.794560110349584,0.831107565131272,1073,218,37,56,20,16,17,40
0.748349954232307,0.80414091558585,1076,215,33,96,17,26,16,70
0.734728622631848,0.739656939465168,1074,217,31,8,16,4,15,4
0.781089702142334,0.836702011989636,1074,217,37,82,14,14,23,68
0.749033212010919,0.792961478838541,1071,220,35,63,17,13,18,50
0.684997832056656,0.721970048423956,1058,233,33,55,12,16,21,39
0.759160466095746,0.798079453945974,1069,222,34,124,17,24,17,100
0.783309530810266,0.812079089450291,1067,224,38,29,21,12,17,17
0.722202001819836,0.785126630745818,1056,235,35,117,19,31,16,86
0.759541644373105,0.814044482833756,1078,213,45,173,21,45,24,128
0.799260691537761,0.831714676402608,1070,221,35,51,19,14,16,37
0.863391212838727,0.875904127192777,1061,230,24,32,17,12,7,20
0.73835304822566,0.771702657767558,1075,216,35,110,16,28,19,82
0.779394660322495,0.816047402674934,1063,228,30,62,16,13,14,49
0.810020473157416,0.848902054914723,1086,205,35,45,20,15,15,30
0.793695043964828,0.8333286863349,1085,206,40,56,22,20,18,36
0.766589198760514,0.807787660112099,1060,231,36,129,19,33,17,96
0.673691992720655,0.755218114202771,1048,243,35,104,13,29,22,75
0.733779289118348,0.729651410944633,1076,215,32,15,13,8,19,7
0.741313847696826,0.801157369831193,1080,211,22,18,14,6,8,12
0.760833450325238,0.763208527799226,1061,230,34,21,17,10,17,11
0.716726618705036,0.753423987675134,1064,227,40,92,18,23,22,69
0.746961075908444,0.775895003529655,1061,230,37,116,15,27,22,89
0.787847136888671,0.830079253475184,1043,248,39,102,18,30,21,72
0.65750620057092,0.703013208891116,1059,232,34,75,16,19,18,56
0.7741016358273,0.79493623173438,1050,241,48,41,24,14,24,27
0.740280387339211,0.776142835244845,1084,207,33,68,12,16,21,52
0.722283288072762,0.720545082875863,1064,227,37,17,14,8,23,9
0.773287641708694,0.817011951049646,1067,224,37,66,20,21,17,45
0.726917497309186,0.775236231386503,1068,223,34,80,15,14,19,66
0.742428697441929,0.799506580812798,1056,235,38,66,22,22,16,44
0.683337124658781,0.756697161777164,1065,226,35,81,13,17,22,64
0.791528460863929,0.832138727794499,1071,220,42,75,24,21,18,54
0.745975478496888,0.788214260195132,1068,223,34,102,14,19,20,83
0.718448780487805,0.755785661202066,1065,226,41,36,17,11,24,25
0.736454157506789,0.771545618631899,1062,229,37,51,20,16,17,35
0.712864372802261,0.764609227830861,1046,245,49,89,22,26,27,63
0.78405017921147,0.809489227147783,1084,207,31,20,12,7,19,13
0.731072114545137,0.733918531870788,1064,227,46,24,27,16,19,8
0.70169616519174,0.749627114422928,1060,231,48,121,18,22,30,99
0.786197336917713,0.83586896961668,1096,195,38,62,17,15,21,47
0.788699444885012,0.821147428812437,1062,229,30,45,15,17,15,28
0.70450420540062,0.754364432811942,1042,249,36,76,19,23,17,53
0.81470909451946,0.843924305835427,1095,196,32,159,16,29,16,130
0.79632937231173,0.840867356606146,1073,218,44,66,24,25,20,41
0.627824348412584,0.651815263888851,1080,211,33,91,6,17,27,74
0.741397849462366,0.785235773172969,1070,221,31,59,14,17,17,42
0.748750328860826,0.79776665778427,1062,229,24,121,11,17,13,104
0.726870700547522,0.768003019589946,1063,228,34,25,17,8,17,17
0.802487804878049,0.831034978786374,1081,210,41,91,23,23,18,68
0.808383293365308,0.834649468068066,1057,234,40,77,27,30,13,47
0.725199203187251,0.79300575215807,1061,230,36,105,19,31,17,74
0.717077003666841,0.722811060390625,1064,227,46,15,20,5,26,10
0.725453658536585,0.767824751098765,1070,221,41,114,17,27,24,87
0.735366382425206,0.765507168495546,1070,221,33,71,13,21,20,50
0.722211260194686,0.76458778597188,1090,201,24,30,9,9,15,21
0.693010325655282,0.684595207726135,1075,216,32,17,12,6,20,11
0.675608676405489,0.696811996666635,1084,207,36,42,11,9,25,33
0.755741051250273,0.799526061943399,1055,236,44,98,24,27,20,71
0.692691495323074,0.734058592663031,1057,234,37,66,13,11,24,55
0.762711213517665,0.805847819109605,1063,228,31,52,15,20,16,32
0.693187206345101,0.741268946883393,1076,215,37,61,15,10,22,51
0.789039206917114,0.787845217867405,1066,225,43,21,22,9,21,12
0.710631326920654,0.711451665874667,1066,225,38,20,12,8,26,12
0.692540436602194,0.754281133093128,1069,222,28,27,9,6,19,21
0.756924460431655,0.783741779672305,1071,220,40,54,19,13,21,41
0.751683348498635,0.752347419586013,1067,224,35,14,16,6,19,8
0.719259962049336,0.762700754217222,1060,231,51,66,23,21,28,45
0.761601455868972,0.808534955148266,1066,225,35,84,18,22,17,62
0.701705741962656,0.757363485766662,1054,237,34,59,18,20,16,39
0.766400859631263,0.787155263480786,1060,231,28,39,14,12,14,27
0.746849666064603,0.81115860132351,1069,222,38,99,22,22,16,77
0.75811656076251,0.765627879787104,1045,246,32,15,18,8,14,7
0.764103675868382,0.79374789914104,1095,196,33,70,14,15,19,55
0.741055823078295,0.814590587699955,1066,225,45,103,23,26,22,77
0.756360619469027,0.80844407296689,1033,258,48,123,22,33,26,90
0.72365847211208,0.723057895882901,1079,212,30,13,13,7,17,6
0.73640027587396,0.795604223319986,1068,223,37,121,18,34,19,87
0.691857131154256,0.75361552831849,1067,224,39,134,14,26,25,108
0.716685937274173,0.741112491772402,1075,216,33,36,14,10,19,26
0.696248881932022,0.697081281229672,1068,223,43,18,16,7,27,11
0.619851969336505,0.676438191473509,1063,228,30,95,11,21,19,74
0.772900665642601,0.826833196492214,1065,226,31,57,17,20,14,37
0.755533717066779,0.810401526224478,1091,200,34,63,17,18,17,45
0.78750243902439,0.820060761626192,1059,232,41,75,22,19,19,56
0.739078737010392,0.788965712915332,1064,227,40,123,19,31,21,92
0.731223201811437,0.799736382340586,1083,208,33,89,16,20,17,69
0.671812148028962,0.67792095407136,1044,247,48,14,25,7,23,7
0.782266223442694,0.806334036730522,1078,213,33,74,16,17,17,57
0.794040036396724,0.827296609715032,1059,232,35,87,18,25,17,62
0.803567146282974,0.839355587131558,1053,238,40,67,27,21,13,46
0.729116385089836,0.777227658935056,1045,246,48,70,23,23,25,47
0.660951239008793,0.69905387902805,1066,225,40,83,12,13,28,70
0.82163330300273,0.860202320088794,1076,215,35,105,24,29,11,76
0.765197841726619,0.770181863903608,1075,216,40,18,19,9,21,9
0.689037343470483,0.735342117169459,1056,235,43,91,20,33,23,58
0.694848153904314,0.719410919749401,1095,196,38,26,16,10,22,16
0.715136412560251,0.784558573094168,1075,216,34,56,14,15,20,41
0.720775729646697,0.767306769570474,1053,238,31,33,16,10,15,23
0.791368337311058,0.833362452830009,1080,211,34,107,18,28,16,79
0.8043631942088,0.833367627359569,1082,209,28,30,17,10,11,20
0.700448028673835,0.762987967748095,1066,225,31,55,14,14,17,41
0.725689205870251,0.791872512803097,1073,218,23,91,12,21,11,70
0.778110599078341,0.808201939140381,1064,227,31,98,18,24,13,74
0.718752278194941,0.787183658860513,1070,221,44,89,20,25,24,64
0.702507993605116,0.706022598423495,1077,214,40,19,15,6,25,13
0.771785365853659,0.807943944838988,1067,224,41,56,22,15,19,41
0.732768425841674,0.734966959656452,1084,207,35,17,18,9,17,8
0.735455958331583,0.773957896488184,1078,213,38,44,17,15,21,29
0.784467928237896,0.80902890009868,1052,239,39,88,21,21,18,67
0.726894952737649,0.76876248263337,1103,188,45,75,16,18,29,57
0.687076255741051,0.748530942695024,1051,240,44,132,17,27,27,105
0.709668246445498,0.719146579369801,1079,212,25,11,10,5,15,6
0.705016612850391,0.725306542689723,1057,234,34,20,16,8,18,12
0.768969886702445,0.771342908116503,1070,221,43,27,22,14,21,13
0.723108186921338,0.763104997028651,1070,221,44,57,19,21,25,36
0.732194060419867,0.804174262602861,1070,221,31,148,16,29,15,119
0.722443849390677,0.767798746830507,1064,227,29,29,11,7,18,22
0.731092682926829,0.765786214507589,1050,241,41,70,17,18,24,52
0.703469320881462,0.752097983628452,1076,215,39,56,14,12,25,44
0.7628819529778,0.764277348899677,1077,214,39,20,14,7,25,13
0.783303002729754,0.82314429426413,1071,220,35,51,21,17,14,34
0.766419512195122,0.81214066236357,1055,236,41,92,22,24,19,68
0.70713494242906,0.757055627935197,1052,239,33,83,16,22,17,61
0.751573343678607,0.758279550109865,1062,229,37,18,19,9,18,9
0.76336323420988,0.797215516771965,1054,237,39,41,19,12,20,29
0.763756458184567,0.821454683133681,1071,220,38,32,20,8,18,24
0.761820330969267,0.788198216704664,1061,230,22,49,11,14,11,35
0.71461090374392,0.738640131342141,1060,231,28,11,12,3,16,8
0.765604049342987,0.792374843312043,1057,234,48,103,25,29,23,74
0.743857925031588,0.792224184315752,1071,220,34,52,17,14,17,38
0.723648780487805,0.754482388796591,1046,245,41,82,19,20,22,62
0.706362007168459,0.745891773584134,1068,223,31,101,13,17,18,84
0.741623379662127,0.76688396482027,1075,216,34,29,14,11,20,18
0.720633493205436,0.785121010943412,1085,206,40,33,19,13,21,20
0.751220023637958,0.787173389583765,1054,237,42,39,20,14,22,25
0.793570300157978,0.862278216923489,1100,191,25,53,17,9,8,44
0.748503564756567,0.780864836224598,1070,221,42,45,18,13,24,32
0.785055390318548,0.818669919719611,1091,200,37,138,18,25,19,113
0.69629522570699,0.748233084758463,1069,222,33,90,15,30,18,60
0.760648332009531,0.792741337501465,1092,199,32,68,15,17,17,51
0.730909694555113,0.786432693504923,1073,218,36,27,19,11,17,16
0.773821135733228,0.80169037416049,1059,232,53,60,25,15,28,45
0.753926386279327,0.800444641494328,1077,214,33,48,15,11,18,37
0.700684357009417,0.710488552665829,1104,187,42,29,14,9,28,20
0.762922746295668,0.805351688763602,1065,226,28,55,15,16,13,39
0.720483613109512,0.763756983977825,1067,224,40,102,19,24,21,78
0.696021640526805,0.697920212119578,1073,218,29,12,14,8,15,4
0.751282051282051,0.75384735994995,1074,217,30,8,13,3,17,5
0.663560666137986,0.71182392428278,1073,218,30,43,10,10,20,33
0.75034965034965,0.786660402217247,1069,222,26,28,12,11,14,17
0.692451682343582,0.728389764525912,1028,263,34,92,13,27,21,65
0.72730637060534,0.763753184478988,1071,220,30,35,12,8,18,27
0.753851261620186,0.796918439048288,1034,257,36,82,21,21,15,61
0.744134508840391,0.780790028348786,1083,208,33,58,15,17,18,41
0.717198669579031,0.795057635970995,1069,222,32,85,18,27,14,58
0.805194290245837,0.819653993604558,1082,209,30,72,15,17,15,55
0.723140417095581,0.784414096671944,1061,230,42,85,20,21,22,64
0.670853110429706,0.691133680851003,1074,217,38,28,15,10,23,18
0.734630307667086,0.811950743186974,1087,204,29,121,13,23,16,98
0.777593266606005,0.829448049061793,1068,223,35,67,21,22,14,45
0.771137671536078,0.793986527493057,1061,230,36,29,16,9,20,20
0.782839024390244,0.82415524933676,1080,211,41,57,22,15,19,42
0.783487791251766,0.786203780303379,1056,235,49,22,30,12,19,10
0.711269882322514,0.71361603611706,1092,199,37,20,15,6,22,14
0.749312714776632,0.748323183988231,1055,236,30,17,15,9,15,8
0.729765886287625,0.763880602150773,1065,226,26,43,11,11,15,32
0.708422012769839,0.751915403761523,1051,240,26,70,11,19,15,51
0.737328733121525,0.765024704003418,1076,215,32,91,16,21,16,70
0.842078315720488,0.876526533846266,1097,194,39,108,28,32,11,76
0.760225204731574,0.847328386966406,1072,219,35,95,18,19,17,76
0.698644629989706,0.704200909063399,1062,229,42,21,19,7,23,14
0.748448780487805,0.792761307960559,1060,231,41,80,20,24,21,56
0.774483902678791,0.815955305032917,1071,220,39,87,21,22,18,65
0.765117308543603,0.813930054587142,1064,227,36,72,16,15,20,57
0.735051652185811,0.765142173962909,1057,234,47,59,22,22,25,37
0.700364239837924,0.726252858207908,1063,228,37,15,17,10,20,5
0.679864311315924,0.681974833994614,1076,215,31,14,9,8,22,6
0.695165894520099,0.758155144630969,1075,216,34,101,13,24,21,77
0.748147833955435,0.791173860447097,1067,224,28,49,15,15,13,34
0.69213587100185,0.715588257017923,1077,214,30,29,11,6,19,23
0.632206677960544,0.67520133673043,1106,185,29,60,7,14,22,46
0.802675371223758,0.859965714561659,1077,214,31,76,15,18,16,58
0.749289578665501,0.782418258432035,1066,225,29,128,14,26,15,102
0.69587206728641,0.730021440936395,1091,200,36,23,16,6,20,17
0.759402478017586,0.794900827784668,1043,248,40,31,20,10,20,21
0.778253544854696,0.823506674242891,1048,243,34,68,20,21,14,47
0.775379765687053,0.801313021407856,1077,214,32,48,16,12,16,36
0.77640503875969,0.829908043591083,1071,220,43,118,25,35,18,83
0.735384440400364,0.793571895755063,1063,228,35,121,17,28,18,93
0.782372085003664,0.823727284972948,1067,224,37,94,22,23,15,71
0.846453358107,0.866863886108254,1066,225,29,87,21,32,8,55
0.679560964513194,0.713022958156822,1071,220,35,52,13,14,22,38
0.661658325750682,0.676798444631201,1077,214,35,19,15,6,20,13
0.722897299690128,0.775506904827792,1057,234,36,69,13,16,23,53
0.763785205293519,0.841482730812456,1073,218,28,83,16,26,12,57
0.729742290588321,0.780591329485057,1067,224,44,113,19,35,25,78
0.708398812641872,0.745324215384572,1095,196,46,74,17,20,29,54
0.706153023006956,0.777395637852684,1087,204,45,129,20,37,25,92
0.72863646646307,0.776135415644469,1072,219,28,79,14,18,14,61
0.753370001746115,0.803006138636417,1073,218,46,66,21,15,25,51
0.705821243712182,0.740323007662865,1084,207,44,32,17,10,27,22
0.752656621728787,0.809101616784261,1075,216,30,57,14,16,16,41
0.699069601377746,0.749991973848264,1058,233,38,125,14,22,24,103
0.726894098928354,0.797858864513918,1085,206,34,103,18,18,16,85
0.716438266127707,0.735304503479077,1089,202,49,36,19,13,30,23
0.78458177278402,0.826823018739337,1067,224,45,105,24,31,21,74
0.759392486011191,0.804149381677361,1065,226,40,125,21,25,19,100
0.756246415990825,0.791934275940007,1057,234,39,98,16,21,23,77
0.790094907741967,0.791994664361446,1080,211,33,19,18,9,15,10
0.74589421957843,0.781916458283145,1067,224,37,48,17,7,20,41
0.718238158477202,0.790700459309767,1086,205,36,104,19,28,17,76
0.733667593328038,0.806873077355677,1067,224,32,87,16,17,16,70
0.698446053709212,0.719316691810822,1074,217,37,41,13,12,24,29
0.748691992720655,0.787317900087488,1062,229,35,88,16,26,19,62
0.687668292682927,0.739626254499428,1074,217,41,71,19,22,22,49
0.760129746971852,0.811187785493138,1074,217,37,94,13,23,24,71
0.77411333952675,0.843804183847174,1079,212,29,82,17,18,12,64
0.753643038163387,0.813192301116117,1074,217,43,131,22,28,21,103
0.767176330420969,0.824828053245212,1079,212,32,69,18,14,14,55
0.740073336825563,0.785674243863529,1053,238,46,40,25,16,21,24
0.768083361610678,0.770141527733541,1050,241,28,11,13,4,15,7
0.785395814376706,0.839937044228591,1070,221,35,49,21,11,14,38
0.768316390226503,0.772811760107312,1055,236,45,22,22,10,23,12
0.702428057553957,0.74636585485869,1039,252,40,35,20,14,20,21
0.718435584257569,0.766743044931212,1054,237,34,44,14,14,20,30
0.717364367684624,0.720368254961736,1054,237,42,16,23,8,19,8
0.726798568903832,0.765288074095157,1073,218,37,35,19,10,18,25
0.756731213508632,0.794811688026788,1070,221,38,60,17,14,21,46
0.714912280701755,0.746951485579474,1081,210,37,118,14,21,23,97
0.722106168591792,0.760178303593359,1061,230,39,117,16,30,23,87
0.733272995441137,0.789150658442149,1077,214,48,81,21,22,27,59
0.712994094573042,0.773587323795425,1044,247,37,65,16,16,21,49
0.760734854560035,0.75908177046198,1074,217,44,16,23,10,21,6
0.783980487804878,0.810044059192063,1077,214,41,31,22,10,19,21
0.754643902439024,0.79566880846419,1045,246,41,78,23,25,18,53
0.702514713750669,0.761569298071547,1062,229,45,88,21,23,24,65
0.773578252957234,0.809983869673489,1068,223,35,49,17,17,18,32
0.779708826205641,0.831486423403441,1047,244,35,56,21,19,14,37
0.764254116490538,0.81571172998363,1077,214,39,73,20,17,19,56
0.770276497695853,0.82073461053121,1092,199,31,49,17,18,14,31
0.706185365853659,0.746342356413782,1067,224,41,55,17,13,24,42
0.738361567308936,0.816319970225364,1055,236,37,81,20,20,17,61
0.760063849194284,0.758858827990207,1079,212,26,10,14,7,12,3
0.767996465364887,0.810632657200825,1079,212,37,68,19,18,18,50
0.706212001057362,0.734774909753557,1042,249,30,89,10,19,20,70
0.748771580345286,0.777716430038634,1065,226,36,32,18,7,18,25
0.738148316651501,0.775464737286056,1059,232,35,106,18,22,17,84
0.769772667195347,0.826274912062597,1061,230,30,98,19,20,11,78
0.74070385126162,0.790569141604444,1084,207,36,50,20,21,16,29
0.686048221111438,0.714262168395353,1067,224,38,37,13,11,25,26
0.852102700309872,0.869353256873228,1080,211,36,77,21,20,15,57
0.752827737809752,0.79982662170962,1085,206,40,53,18,13,22,40
0.746446656189977,0.783639199616122,1068,223,46,48,22,16,24,32
0.67413610847853,0.726941972128766,1057,234,44,115,16,24,28,91
0.753174408126485,0.793332817114131,1081,210,39,41,19,12,20,29
0.726319381255687,0.758109527746946,1052,239,35,39,14,12,21,27
0.748279675595969,0.771955032209243,1051,240,39,39,19,12,20,27
0.734301727095963,0.777278167477736,1079,212,42,115,18,25,24,90
0.699603174603175,0.750657743092622,1066,225,31,30,15,10,16,20
0.685794646320962,0.735202658016663,1076,215,37,69,11,15,26,54
0.775024568299874,0.811139025479227,1056,235,34,70,18,24,16,46
0.775358422939068,0.81896532413262,1075,216,31,23,17,8,14,15
0.718808880150733,0.775331049416573,1072,219,39,56,17,13,22,43
0.691882926829268,0.748131340808688,1058,233,41,117,17,26,24,91
0.781121951219512,0.808065290162066,1047,244,41,68,20,20,21,48
0.68584229390681,0.725328587907084,1064,227,31,43,10,11,21,32
0.728649545342836,0.77652200731846,1060,231,39,72,19,15,20,57
0.736583473425579,0.772147681668711,1077,214,37,105,17,33,20,72
0.725025957702607,0.771088715615151,1051,240,29,98,13,17,16,81
0.800424444003177,0.812873846206626,1059,232,32,17,17,9,15,8
0.752445782308271,0.757627724759884,1086,205,47,15,27,12,20,3
0.789630367419212,0.825087824169906,1073,218,36,93,22,25,14,68
0.710372815726767,0.781336341244662,1055,236,32,72,14,22,18,50
0.74177174344718,0.790183528484968,1087,204,32,28,16,13,16,15
0.741266986410871,0.796523562993412,1083,208,40,110,20,24,20,86
0.68838223249988,0.740171361974633,1048,243,33,65,13,14,20,51
0.717173039986031,0.720671249971257,1058,233,46,20,22,10,24,10
0.751294014726252,0.819059805822306,1074,217,44,96,21,23,23,73
0.709012789768185,0.773025632167365,1050,241,40,101,20,20,20,81
0.722551428433782,0.749994184898034,1065,226,33,36,12,5,21,31
0.766904834296139,0.814822854653638,1057,234,26,41,16,12,10,29
0.705737823384882,0.759783407086259,1064,227,33,101,12,23,21,78
0.766558122388793,0.799481158768705,1060,231,39,125,23,32,16,93
0.708564631245044,0.754035228203978,1092,199,30,43,11,9,19,34
0.779889912954429,0.818054730090306,1062,229,31,68,18,16,13,52
0.747541463414634,0.779872347330399,1055,236,41,70,18,18,23,52
0.75926280124597,0.799245820514244,1076,215,29,65,12,17,17,48
0.770561179485025,0.827364096736473,1072,219,38,69,20,24,18,45
0.68844247490234,0.71883681929953,1059,232,38,27,13,9,25,18
0.730440967283073,0.759284555116858,1063,228,37,61,15,16,22,45
0.746858536585366,0.792442169946133,1066,225,41,102,19,25,22,77
0.763450407787424,0.800393570071432,1078,213,24,96,10,26,14,70
0.710240655401946,0.762080249256604,1092,199,31,44,13,11,18,33
0.74269588313413,0.803061686666281,1054,237,36,48,21,15,15,33
0.851520218911523,0.870788367367994,1079,212,26,33,15,12,11,21
0.837100185038329,0.835299195704255,1058,233,30,11,19,9,11,2
0.777713773681516,0.778295996563018,1072,219,31,13,19,8,12,5
0.753579952267303,0.811283582190332,1081,210,34,85,17,17,17,68
0.791651501364877,0.825544170716785,1061,230,35,82,18,21,17,61
0.776177675371224,0.812232455613804,1077,214,31,42,18,14,13,28
0.748267316335532,0.775359887570305,1075,216,38,86,17,24,21,62
0.727396542692509,0.77924406198169,1062,229,46,69,17,26,29,43
0.714874551971326,0.76465155220522,1065,226,31,55,14,15,17,40
0.762018592297477,0.791713329497606,1049,242,36,88,20,20,16,68
0.765745930077395,0.797066974252124,1091,200,42,117,23,23,19,94
0.734222190104543,0.768922454301375,1077,214,33,25,16,12,17,13
0.803381256656017,0.838969577502182,1076,215,39,53,25,23,14,30
0.783173461231015,0.815811614273134,1063,228,40,53,20,18,20,35
0.725261357614299,0.762019073632765,1071,220,33,62,12,18,21,44
0.769603458556947,0.819411262593184,1044,247,43,45,26,18,17,27
0.776181425163983,0.825164220816672,1072,219,43,52,26,21,17,31
0.762448057155355,0.764680206808821,1052,239,44,23,24,14,20,9
0.797650725377269,0.811556459917123,1063,228,44,24,23,11,21,13
0.772493384298736,0.797944675927313,1057,234,38,34,21,16,17,18
0.784832134292566,0.794656983862753,1080,211,40,56,19,15,21,41
0.713662860721684,0.763359252279682,1059,232,33,81,14,16,19,65
0.74679442182601,0.790308564334712,1058,233,34,75,13,14,21,61
0.708446484762274,0.749361049728266,1093,198,37,66,12,9,25,57
0.788056835637481,0.847578617317347,1071,220,31,88,16,20,15,68
0.717671160454666,0.739678181422379,1074,217,30,77,15,14,15,63
0.750955414012739,0.743388089978927,1063,228,35,14,18,5,17,9
0.705101771081152,0.757279471232354,1064,227,30,52,16,15,14,37
0.740044944764145,0.797719931741425,1077,214,38,79,17,23,21,56
0.758334537746303,0.801738458217209,1082,209,33,59,15,12,18,47
0.751368197020371,0.782423642763061,1051,240,26,106,13,28,13,78
0.710589171974522,0.771502905950056,1081,210,35,46,14,17,21,29
0.743038955289951,0.795148890088823,1063,228,36,119,19,22,17,97
0.694510845506862,0.729825476739461,1062,229,36,74,15,23,21,51
0.717219221456509,0.768542219119363,1075,216,52,62,21,19,31,43
0.68798347398031,0.722510114165674,1067,224,27,43,12,10,15,33
0.711569503942385,0.755230269455029,1053,238,52,48,24,14,28,34
0.74937789842778,0.806845829960746,1074,217,28,71,12,14,16,57
0.738262056414923,0.775887494647845,1078,213,35,84,14,17,21,67
0.69270243902439,0.740649127673865,1069,222,41,116,15,29,26,87
0.747951638689049,0.777155947267766,1042,249,40,74,17,21,23,53
0.780375699440448,0.812263341651365,1067,224,40,67,22,21,18,46
0.699445270502116,0.731431153715012,1082,209,42,103,17,24,25,79
0.710445037203425,0.710518358605574,1090,201,34,15,12,4,22,11
0.77326968973747,0.799345675864492,1075,216,34,108,17,28,17,80
0.803497122620628,0.840442498215461,1065,226,36,45,20,13,16,32
0.797133687472333,0.836836661357782,1080,211,36,42,23,18,13,24
0.72184231697506,0.775807786654012,1082,209,48,39,23,14,25,25
0.732855575366891,0.791291163994729,1086,205,23,106,11,17,12,89
0.739750913596841,0.792484285673418,1072,219,38,67,17,20,21,47
0.731297034085879,0.786436315493766,1044,247,36,52,19,12,17,40
0.761763952892985,0.76206055664058,1080,211,31,13,14,7,17,6
0.779698549245462,0.802422083839397,1080,211,44,80,24,28,20,52
0.690100145069961,0.727655435835932,1087,204,34,47,16,10,18,37
0.702938840349484,0.77523540277159,1066,225,32,70,14,16,18,54
0.742006394884093,0.782021033413563,1054,237,40,85,19,20,21,65
0.660349103842014,0.702591626789438,1052,239,34,52,13,14,21,38
0.773499867829765,0.811478157612058,1087,204,30,110,14,22,16,88
0.726487786217826,0.77960388349598,1051,240,29,74,12,18,17,56
0.697066683908789,0.757862698193564,1076,215,37,112,16,22,21,90
0.743937670609645,0.796198941972872,1060,231,35,55,19,11,16,44
0.777069499778663,0.78071341369439,1040,251,36,19,22,10,14,9
0.741330539549502,0.784850097253197,1054,237,46,109,21,33,25,76
0.773718694771326,0.819168623995783,1091,200,37,65,19,18,18,47
0.79052064698867,0.82715476226651,1048,243,43,100,26,32,17,68
0.741963327969965,0.745845443512893,1028,263,48,20,21,9,27,11
0.783712465878071,0.801337836600762,1073,218,35,23,18,9,17,14
0.765220174091142,0.828967881361863,1059,232,31,53,17,11,14,42
0.780782949884073,0.835965006935216,1081,210,45,61,23,19,22,42
0.693505459508644,0.695464511623737,1087,204,35,16,15,8,20,8
0.818117073170732,0.843616582164713,1049,242,41,90,26,25,15,65
0.786605022056328,0.807872897838383,1067,224,28,49,15,14,13,35
0.804864700516874,0.829438111127419,1076,215,26,21,16,9,10,12
0.686625782332927,0.733350888662902,1065,226,38,47,13,9,25,38
0.79523471227936,0.831288435663002,1049,242,29,92,16,24,13,68
0.752984538551002,0.779720587609415,1063,228,47,32,22,14,25,18
0.666230664240218,0.697502328962343,1069,222,35,82,8,15,27,67
0.729228798252615,0.745485974917279,1083,208,38,37,15,6,23,31
0.824337379762255,0.852152524478263,1067,224,38,18,23,6,15,12
0.699249170595425,0.750090718468412,1060,231,46,93,20,26,26,67
0.634386163155209,0.66875104667951,1075,216,44,56,17,15,27,41
0.714862771137671,0.788272694847267,1046,245,36,113,19,26,17,87
0.720672564921766,0.72659103237004,1086,205,39,22,14,10,25,12
0.71964060087042,0.758421682537255,1097,194,34,27,15,11,19,16
0.687276386404293,0.686251003210055,1073,218,43,16,15,6,28,10
0.728892762632839,0.760503322105839,1084,207,38,65,17,18,21,47
0.716160293347302,0.745820830601179,1069,222,46,98,17,21,29,77
0.698781354172359,0.74960371675836,1095,196,29,19,11,4,18,15
0.740520777599429,0.779927344981992,1049,242,45,53,23,18,22,35
0.774722001588562,0.812948495839962,1037,254,32,54,17,15,15,39
0.7703666233078,0.809975419918629,1066,225,33,124,16,26,17,98
0.779525406429977,0.819521867900875,1053,238,44,52,24,16,20,36
0.688239308462238,0.746863503798814,1069,222,35,63,14,17,21,46
0.749292593328038,0.799552147918455,1062,229,32,124,15,27,17,97
0.712045777835251,0.707745807738795,1045,246,37,20,16,8,21,12
0.746078069959859,0.79317393268088,1057,234,39,68,20,20,19,48
0.75895512737618,0.806177256628617,1055,236,37,35,20,15,17,20
0.739004878048781,0.788131948034301,1060,231,41,114,18,32,23,82
0.804044409199048,0.84070104381672,1073,218,30,36,20,8,10,28
0.730681215975334,0.770487053756895,1080,211,33,84,13,19,20,65
0.793919472433849,0.84383969439314,1078,213,39,93,23,25,16,68
0.716938046068308,0.770067460374377,1069,222,32,76,11,20,21,56
0.730356024473672,0.731748000011685,1074,217,33,17,17,8,16,9
0.694555112881806,0.750399149637411,1105,186,36,121,13,28,23,93
0.72569938359412,0.757138226999432,1090,201,37,48,14,13,23,35
0.676398999090082,0.730492865115834,1058,233,35,56,16,16,19,40
0.767651622914781,0.829985666844712,1049,242,37,99,16,22,21,77
0.713329336530775,0.781701364067245,1067,224,40,94,20,29,20,65
0.755533089239849,0.785802983064035,1067,224,29,62,15,17,14,45
0.756492176619972,0.78139672329076,1084,207,39,31,20,10,19,21
0.757914691943128,0.7927056789133,1076,215,25,58,12,13,13,45
0.783356097560976,0.821577165292512,1044,247,41,72,26,24,15,48
0.696712920837125,0.740645625313965,1065,226,35,107,16,24,19,83
0.738705641492266,0.778331048834614,1063,228,35,34,19,10,16,24
0.684298176050753,0.72735500947205,1080,211,30,86,13,18,17,68
0.685764315556648,0.738562459452609,1074,217,39,48,15,9,24,39
0.727144640627787,0.771285098635846,1061,230,45,41,22,13,23,28
0.686101119104716,0.723975854140612,1071,220,40,69,15,15,25,54
0.719267868437698,0.724202042710174,1046,245,51,19,22,7,29,12
0.742596281540504,0.799351313840203,1069,222,36,61,20,18,16,43
0.758033434504023,0.7964529605221,1050,241,33,27,17,11,16,16
0.702135926408199,0.759515751697784,1060,231,38,75,19,21,19,54
0.783225879425404,0.78278585955146,1071,220,28,10,15,4,13,6
0.796262769946981,0.797809593811112,1048,243,37,18,22,10,15,8
0.792738911159964,0.791583250366396,1066,225,37,17,25,9,12,8
0.750847040821903,0.782699665856312,1066,225,29,22,13,11,16,11
0.716867469879518,0.765165393214908,1070,221,46,72,21,23,25,49
0.779644642332087,0.816984959013613,1051,240,38,116,19,32,19,84
0.734849295523453,0.777933342698499,1062,229,45,52,18,12,27,40
0.784713375796178,0.810179746272162,1071,220,35,23,18,9,17,14
0.686611745435275,0.722909169972695,1049,242,33,90,12,25,21,65
0.743084857008908,0.805326601086129,1062,229,27,107,15,23,12,84
0.644590294351631,0.681701451287508,1051,240,34,29,13,11,21,18
0.764298561151079,0.796635752535346,1072,219,40,50,22,17,18,33
0.752003098716246,0.776218180465156,1099,192,36,118,16,26,20,92
0.714788149619331,0.744716739271953,1102,189,19,42,8,10,11,32
0.755840768998664,0.800706134358252,1064,227,37,53,18,19,19,34
0.764903090623363,0.813101351571853,1074,217,46,60,24,20,22,40
0.744127006411156,0.786792609656038,1064,227,34,75,15,18,19,57
0.750756080144495,0.799597856645328,1069,222,38,146,20,39,18,107
0.749915691092162,0.794896494374,1068,223,33,52,18,14,15,38
0.752187594292858,0.792277654164762,1064,227,37,56,17,12,20,44
0.75518107322231,0.753912815162189,1075,216,30,19,14,9,16,10
0.811080218974956,0.837403376464948,1070,221,37,28,21,14,16,14
0.713713864145582,0.764950455853615,1085,206,29,66,12,15,17,51
0.740443804606831,0.763883722699278,1053,238,32,103,17,28,15,75
0.729240535285371,0.79541016412066,1071,220,42,75,17,18,25,57
0.741541485329215,0.76763068156116,1078,213,34,29,13,7,21,22
0.721819447857787,0.770682548400971,1042,249,39,108,20,27,19,81
0.789250783845758,0.841089761870979,1076,215,34,81,19,23,15,58
0.749012895366909,0.779937444757155,1053,238,38,26,19,11,19,15
0.77796401450366,0.809735841222396,1061,230,47,92,24,28,23,64
0.661108475648324,0.665377663845264,1049,242,51,21,23,8,28,13
0.708306392516919,0.768291005866773,1055,236,37,157,15,41,22,116
0.666666666666667,0.704437946540735,1078,213,37,78,13,15,24,63
0.774616129994037,0.814954687493043,1053,238,43,72,26,30,17,42
0.766994266994267,0.821837298331854,1048,243,33,46,19,10,14,36
0.741707662492546,0.785823725628016,1077,214,43,75,21,18,22,57
0.810743835504219,0.835736352362552,1075,216,39,21,26,13,13,8
0.791836434662074,0.828656723789186,1063,228,38,49,24,22,14,27
0.757994186046511,0.7945065383686,1045,246,43,42,25,19,18,23
0.692179418583913,0.718248678355518,1073,218,45,46,16,8,29,38
0.712825154196836,0.775428746892833,1049,242,48,113,25,30,23,83
0.741242690857424,0.788248954966823,1059,232,29,145,12,29,17,116
0.724293720690838,0.761496997522958,1076,215,42,56,15,17,27,39
0.74568946937368,0.788754832442484,1068,223,37,48,19,16,18,32
0.738469330574594,0.781746186585073,1040,251,37,120,20,35,17,85
0.718249631127384,0.76509564460407,1073,218,29,72,13,17,16,55
0.778006872852234,0.819829988963858,1051,240,30,69,18,27,12,42
0.780383497316637,0.802761769701037,1031,260,43,38,20,13,23,25
0.73714663754358,0.77968337344552,1050,241,38,37,18,13,20,24
0.729376587204063,0.758050753121327,1079,212,39,77,16,20,23,57
0.637139531876374,0.6722131906739,1047,244,37,65,14,17,23,48
0.670380560339396,0.685550558888555,1063,228,38,26,13,7,25,19
0.685303514376997,0.735314281543713,1059,232,39,74,16,17,23,57
0.735725659690628,0.762590192037491,1090,201,35,30,13,6,22,24
0.69230688452976,0.75042084813671,1070,221,38,63,18,15,20,48
0.798035411771135,0.844138292486694,1065,226,29,68,18,17,11,51
0.755805270511153,0.805228212567864,1068,223,33,57,17,19,16,38
0.764964352434328,0.807802666649833,1058,233,42,50,20,18,22,32
0.73766801406553,0.747804728136877,1078,213,49,46,20,14,29,32
0.733359767380386,0.799637473200944,1046,245,30,66,16,15,14,51
0.727140241846124,0.757473691578071,1069,222,33,53,12,12,21,41
0.741198501872659,0.744099807200011,1061,230,45,24,22,13,23,11
0.762590834628471,0.808426927519468,1069,222,38,46,20,17,18,29
0.744201956625847,0.790103231645507,1044,247,47,62,24,23,23,39
0.633563657747721,0.663484813248519,1078,213,38,60,11,11,27,49
0.724636852339014,0.749400046010564,1066,225,42,51,18,17,24,34
0.755705435651479,0.797970724318806,1052,239,40,61,22,22,18,39
0.754546362909672,0.805057245471231,1067,224,40,96,23,33,17,63
0.797145122918319,0.848014471396888,1075,216,30,96,22,33,8,63
0.691880957108817,0.696141955885252,1071,220,32,14,12,3,20,11
0.725256212270111,0.764401844358576,1068,223,34,63,16,16,18,47
0.7805998229305,0.801223685531056,1053,238,36,34,19,14,17,20
0.733698539176627,0.790830554579432,1060,231,36,71,19,25,17,46
0.697465407991724,0.74284849950736,1039,252,37,82,11,21,26,61
0.714598321342926,0.777299775882235,1074,217,40,69,16,16,24,53
0.748386616362192,0.751426701354609,1084,207,32,16,15,4,17,12
0.763864995494388,0.76719260734548,1074,217,39,12,20,6,19,6
0.681551804969526,0.73862902025693,1073,218,27,41,8,12,19,29
0.74284434203789,0.79849814102952,1083,208,31,91,15,17,16,74
0.707660629884412,0.774196596607682,1066,225,34,100,16,23,18,77
0.751530947000073,0.791119641807501,1043,248,44,72,21,23,23,49
0.789531727180183,0.827398853212031,1079,212,28,129,14,23,14,106
0.73582058121578,0.748861472363107,1060,231,34,22,15,9,19,13
0.670677888989991,0.717913866736343,1065,226,35,73,12,18,23,55
0.70691923178111,0.767331803953565,1042,249,24,99,9,19,15,80
0.723969301324348,0.760820617517482,1051,240,34,113,15,26,19,87
0.699424399831532,0.758403480356061,1060,231,34,81,13,21,21,60
0.715692784417884,0.747784316822357,1064,227,36,44,12,11,24,33
0.740942814472226,0.743725623490909,1067,224,33,15,15,7,18,8
0.753319202076966,0.801664413374356,1048,243,49,86,27,28,22,58
0.63217745332023,0.696185318522327,1043,248,34,70,11,16,23,54
0.781316509577379,0.806635232087814,1059,232,26,21,15,7,11,14
0.726188306481009,0.781983295496407,1062,229,44,74,22,24,22,50
0.709005299477677,0.757088232972109,1056,235,42,84,16,15,26,69
0.730656590480872,0.772955750854282,1079,212,39,31,22,10,17,21
0.761380559968229,0.795113808680437,1075,216,32,41,18,9,14,32
0.735738686882868,0.793724087847245,1028,263,34,70,16,20,18,50
0.785469618745036,0.817534899986064,1057,234,32,39,18,6,14,33
0.762447875297855,0.766056492892437,1070,221,32,13,18,5,14,8
0.734826150030418,0.787248431723562,1053,238,34,51,16,10,18,41
0.756491785903551,0.800732166723472,1043,248,33,52,16,17,17,35
0.645377410005461,0.68682929820346,1103,188,38,45,11,9,27,36
0.745625982189628,0.780774893956703,1072,219,46,23,22,5,24,18
0.734262589928057,0.73648758268766,1062,229,40,22,21,14,19,8
0.730193111772059,0.801425385513322,1078,213,37,59,20,20,17,39
0.663063414634146,0.663214369822708,1074,217,41,17,13,5,28,12
0.784758684420549,0.809584497587322,1045,246,38,60,19,13,19,47
0.746790243902439,0.747769824409362,1084,207,41,20,18,8,23,12
0.656289484767654,0.723545798993375,1087,204,34,86,12,22,22,64
0.677015746883429,0.724554806833464,1062,229,44,93,17,22,27,71
0.752166041639726,0.793657488525619,1066,225,37,89,19,24,18,65
0.753281762775434,0.798519839407064,1067,224,27,75,14,15,13,60
0.722144754316069,0.762716105407892,1063,228,36,33,17,7,19,26
0.720580404685836,0.745229644740681,1075,216,39,44,16,12,23,32
0.725694080670508,0.785710698543136,1062,229,46,107,24,24,22,83
0.827165354330709,0.858414910768783,1080,211,21,51,12,18,9,33
0.774264641703762,0.78930971455931,1049,242,18,55,10,15,8,40
0.745445293884035,0.779901224120075,1056,235,32,91,16,14,16,77
0.793785365853659,0.854750851304301,1072,219,41,124,28,35,13,89
0.625981596569832,0.661920613238625,1086,205,33,90,8,17,25,73
0.733828761031675,0.757341518481889,1056,235,47,60,21,16,26,44
0.713278048780488,0.74041441493685,1058,233,41,32,16,13,25,19
0.754007333682556,0.755738828049877,1048,243,46,25,23,14,23,11
0.767086330935252,0.793341171503398,1056,235,40,38,23,18,17,20
0.758692668420451,0.800320921062412,1045,246,42,40,23,16,19,24
0.800541857436888,0.835787841736748,1075,216,38,40,20,7,18,33
0.770447841244301,0.829211363623793,1044,247,48,84,29,19,19,65
0.78156634603268,0.790923943883712,1052,239,38,85,19,21,19,64
0.733423853612306,0.765436275094175,1073,218,44,51,22,24,22,27
0.767938160051851,0.801870769790938,1064,227,42,54,18,20,24,34
0.719733102086043,0.75398007358821,1067,224,33,110,16,29,17,81
0.77725035161744,0.814897419833552,1058,233,27,70,12,12,15,58
0.71200882117081,0.746778016740555,1056,235,44,52,16,15,28,37
0.775006144015729,0.817101373972943,1039,252,39,110,24,29,15,81
0.796872501998401,0.85042989770496,1046,245,40,105,24,28,16,77
0.718588661636219,0.774421009303573,1087,204,32,68,13,15,19,53
0.721479500891266,0.759262225478619,1068,223,33,69,15,19,18,50
0.741120757695343,0.743414075643344,1067,224,24,8,10,3,14,5
0.784387258071469,0.785230445903771,1071,220,37,19,20,13,17,6
0.785998408910104,0.787567079950617,1091,200,34,14,18,5,16,9
0.747344122319301,0.748532635900551,1081,210,32,15,16,8,16,7
0.741341180667023,0.768548785167894,1071,220,45,106,21,31,24,75
0.870979020979021,0.887692640361427,1055,236,26,77,21,20,5,57
0.752308917197452,0.791943704240496,1063,228,35,54,17,21,18,33
0.763535066166645,0.79195945377574,1066,225,37,123,18,35,19,88
0.73078992933689,0.756093323839407,1075,216,34,24,17,13,17,11
0.731413029781157,0.79690713315014,1057,234,38,97,17,16,21,81
0.743913235945108,0.791458557313574,1075,216,36,68,18,18,18,50
0.695483613109512,0.738704830491537,1082,209,40,63,15,14,25,49
0.722351359898798,0.784351938402338,1052,239,51,80,26,28,25,52
0.763557779799818,0.792973566988707,1057,234,35,52,18,17,17,35
0.75067673186168,0.802489861182045,1056,235,42,86,23,23,19,63
0.753584229390681,0.807404591748226,1070,221,31,78,15,19,16,59
0.705404685835996,0.749799870493017,1077,214,39,66,16,21,23,45
0.767060964513194,0.81756624047281,1064,227,35,90,18,19,17,71
0.788004994036971,0.827467487028979,1058,233,43,48,22,16,21,32
0.735522956111192,0.733514188792842,1063,228,33,22,16,11,17,11
0.699738398544131,0.751905714584189,1067,224,35,87,18,21,17,66
0.70053457688808,0.740748041206626,1068,223,35,56,17,12,18,44
0.686484421586166,0.688079696939504,1027,264,43,20,16,6,27,14
0.701028568675627,0.740219570479821,1089,202,33,90,10,12,23,78
0.7416,0.78235662842547,1075,216,41,46,19,12,22,34
0.766207595154964,0.812739869150055,1076,215,37,81,18,25,19,56
0.727750447227191,0.76758545407442,1074,217,43,47,19,13,24,34
0.713279376498801,0.771329923150914,1078,213,40,85,19,23,21,62
0.736906763222553,0.732549203737261,1084,207,37,17,16,10,21,7
0.701169896979221,0.733195047417273,1059,232,46,44,21,13,25,31
0.702107397394937,0.777730231475739,1088,203,39,133,16,29,23,104
0.832433737976225,0.85570601844082,1037,254,38,96,23,27,15,69
0.722778999094789,0.759586704408632,1066,225,37,48,15,11,22,37
0.7806027979701,0.772427539639473,1060,231,23,13,11,6,12,7
0.711271894820851,0.765235445475214,1075,216,38,73,20,18,18,55
0.753954946416855,0.798914744581412,1088,203,44,75,19,22,25,53
0.688657850155746,0.726327617097446,1069,222,29,35,10,13,19,22
0.781170731707317,0.818532367681151,1068,223,41,98,21,18,20,80
0.744148454674771,0.777151165221774,1049,242,37,31,19,4,18,27
0.768346223839854,0.79064627387021,1080,211,35,44,15,12,20,32
0.680045963229416,0.737778082642689,1066,225,40,62,16,19,24,43
0.806053563523683,0.844978857637679,1060,231,36,86,19,31,17,55
0.774142345110087,0.799415396236698,1079,212,31,46,14,14,17,32
0.706388206388206,0.709804632655076,1073,218,37,19,17,10,20,9
0.647900665642601,0.703351637059308,1065,226,31,74,11,16,20,58
0.780254106415836,0.816325581783671,1046,245,34,65,20,20,14,45
0.751560424966799,0.790992944735502,1064,227,36,64,18,16,18,48
0.804943166798837,0.826148384614582,1068,223,30,74,15,20,15,54
0.708818849735598,0.745911627148302,1099,192,34,81,12,20,22,61
0.69660322495374,0.763433175508091,1072,219,30,84,11,14,19,70
0.783967930897538,0.813339226468953,1047,244,32,41,15,16,17,25
0.75918583135078,0.795513408893984,1095,196,30,64,10,11,20,53
0.698077756901286,0.70141885594802,1043,248,33,12,17,6,16,6
0.786697653829128,0.809299346311618,1054,237,36,56,19,21,17,35
0.860960298608755,0.884695322593019,1059,232,28,105,20,28,8,77
0.781507304116866,0.829038166856071,1066,225,36,23,22,10,14,13
0.806039024390244,0.843998763151429,1037,254,41,40,28,21,13,19
0.732536648884782,0.766632753524768,1108,183,38,76,14,21,24,55
0.762549800796813,0.811296672433705,1089,202,36,45,22,16,14,29
0.73447935481161,0.770862197296036,1061,230,38,46,15,9,23,37
0.765434146341463,0.812437212740777,1075,216,41,65,18,16,23,49
0.72740521269933,0.72964129661044,1106,185,33,19,11,10,22,9
0.673397453412755,0.675590810632303,1076,215,29,17,7,4,22,13
0.706653969034161,0.773387934068819,1075,216,39,71,15,12,24,59
0.67201239008793,0.720080409726103,1085,206,40,105,14,21,26,84
0.743785405485987,0.787463547832218,1059,232,43,34,17,12,26,22
0.79659683607052,0.82010585258339,1057,234,37,26,21,10,16,16
0.746376092136616,0.781930977887952,1075,216,32,37,14,12,18,25
0.759034948371724,0.790092544136379,1072,219,32,21,15,6,17,15
0.8003003375695,0.796453880898468,1069,222,32,18,19,10,13,8
0.689975861028493,0.764309256615751,1069,222,37,101,18,19,19,82
0.682813030200203,0.731933748898389,1072,219,28,80,12,20,16,60
0.702685958290442,0.702989526504628,1066,225,42,21,16,9,26,12
0.738569144684253,0.78923610964612,1079,212,40,37,20,12,20,25
0.715583271893176,0.758966017995448,1080,211,39,36,17,11,22,25
0.752047502047502,0.773845488197578,1053,238,37,37,16,13,21,24
0.737046855467908,0.782289535434677,1065,226,37,72,15,20,22,52
0.739420097388225,0.742311163057426,1066,225,36,17,17,8,19,9
0.756397171393162,0.81247566243496,1057,234,44,125,25,30,19,95
0.766791600476569,0.767616662025753,1102,189,32,11,21,8,11,3
0.704822003218021,0.74389723354602,1056,235,48,78,21,18,27,60
0.726212419103793,0.771769865866275,1087,204,39,45,16,10,23,35
0.731078672255143,0.787899740553009,1079,212,33,68,17,18,16,50
0.718780433820274,0.755843900024094,1079,212,36,89,12,20,24,69
0.715818792496109,0.739512067167341,1053,238,39,67,14,18,25,49
0.763373421268158,0.821090216400163,1062,229,37,53,21,21,16,32
0.728209384683488,0.73710486734536,1080,211,36,12,18,6,18,6
0.754474694829242,0.773481940887966,1073,218,23,33,7,7,16,26
0.732036374478235,0.782546133061796,1067,224,43,85,19,29,24,56
0.760208467655276,0.790980025508184,1083,208,22,46,9,12,13,34
0.788629073412554,0.835404509352794,1059,232,44,48,26,13,18,35
0.780417335473515,0.822372084078468,1047,244,45,105,27,28,18,77
0.694687660010241,0.729304950779215,1065,226,31,70,13,9,18,61
0.781302693067399,0.821390681409381,1063,228,33,72,18,27,15,45
0.789796457837695,0.832344607989408,1087,204,30,93,18,28,12,65
0.780790806195393,0.824112944347857,1063,228,32,107,19,27,13,80
0.771655201460059,0.771710657206325,1060,231,34,12,17,5,17,7
0.712207954342786,0.775309413318444,1078,213,45,87,19,18,26,69
0.754655373076426,0.802707318892809,1053,238,37,97,22,33,15,64
0.793512658227848,0.862775453516186,1046,245,27,45,16,10,11,35
0.744002095337873,0.786079214384618,1079,212,46,63,21,15,25,48
0.77876787132645,0.817029168782132,1056,235,32,104,18,25,14,79
0.676559334454071,0.709485565094781,1081,210,37,61,13,16,24,45
0.801203427563322,0.841871968372542,1049,242,38,64,20,22,18,42
0.744009216589862,0.801372964143673,1053,238,31,62,17,17,14,45
0.760402015939991,0.795703617205165,1073,218,27,26,16,13,11,13
0.735388310648519,0.787974888751087,1068,223,42,48,21,19,21,29
0.710099846390169,0.757026977757299,1042,249,31,26,15,12,16,14
0.745600033603562,0.77314081792315,1060,231,38,76,15,15,23,61
0.750310069723787,0.75264861603677,1073,218,48,22,28,13,20,9
0.760312944523471,0.812095945226921,1040,251,37,86,19,19,18,67
0.731264490815053,0.805493770645815,1057,234,45,58,24,21,21,37
0.760077442414615,0.800511375081276,1078,213,32,47,15,12,17,35
0.769961328480437,0.807439062430035,1061,230,35,28,20,13,15,15
0.750284349408553,0.801649108409483,1071,220,35,64,20,21,15,43
0.773398459900057,0.829470893206166,1040,251,39,68,26,25,13,43
0.766776615104641,0.796806995354634,1057,234,35,39,19,13,16,26
0.715957688808007,0.759857396109938,1083,208,35,42,13,12,22,30
0.738798959387195,0.785262173193045,1092,199,33,55,15,15,18,40
0.739541730670763,0.78623697162762,1047,244,31,67,16,19,15,48
0.787679654625936,0.838596538383828,1073,218,29,64,19,19,10,45
0.748992917220009,0.78735949545662,1053,238,36,69,19,22,17,47
0.77031490015361,0.805820332489292,1088,203,31,29,17,13,14,16
0.740524306202272,0.767605675105179,1071,220,52,75,22,16,30,59
0.700417365313115,0.745212248648442,1056,235,44,42,16,10,28,32
0.786176128281391,0.844921236418426,1040,251,37,69,23,18,14,51
0.706554019457245,0.793164832416691,1064,227,31,77,15,20,16,57
0.742040156256563,0.784286034495176,1063,228,38,45,17,9,21,36
0.674274753222122,0.74155281345797,1073,218,37,49,15,12,22,37
0.718238170071591,0.767504486906084,1040,251,46,107,22,29,24,78
0.798782647189022,0.833562889125839,1058,233,36,94,20,25,16,69
0.783816112763481,0.79996013400834,1078,213,37,19,21,11,16,8
0.750453740593183,0.787371364608164,1062,229,36,34,15,8,21,26
0.797644649257553,0.849780710583616,1066,225,31,78,20,18,11,60
0.765647226173542,0.767404702008332,1060,231,37,18,18,8,19,10
0.810181531176006,0.812803111570449,1083,208,24,12,13,6,11,6
0.671053658536585,0.745766187755786,1077,214,41,89,16,20,25,69
0.779946043165468,0.780765797493398,1059,232,40,15,22,8,18,7
0.727705974303252,0.73325476702133,1077,214,42,14,19,5,23,9
0.819256141947225,0.851395636254977,1074,217,35,73,20,19,15,54
0.694965853658537,0.701701096867073,1043,248,41,26,12,10,29,16
0.737142573471009,0.77088917998648,1078,213,32,70,12,18,20,52
0.735407876230661,0.733900979619235,1092,199,27,11,12,3,15,8
0.77306017418844,0.804827970763477,1077,214,28,47,14,13,14,34
0.736169888291586,0.789127980270073,1062,229,42,75,19,21,23,54
0.676000909918107,0.736379656596166,1068,223,35,60,14,8,21,52
0.662315400843882,0.667324254288158,1067,224,27,14,11,7,16,7
0.793100270336692,0.829761276001575,1071,220,39,27,21,11,18,16
0.61998732856291,0.659791269022508,1083,208,43,74,13,16,30,58
0.678849781572677,0.716611737799439,1081,210,32,29,11,8,21,21
0.693492147210501,0.733119335203441,1066,225,27,50,12,16,15,34
0.757980487804878,0.792680741801511,1072,219,41,96,21,27,20,69
0.710536816902592,0.768008731938888,1083,208,38,75,17,19,21,56
0.783975850037627,0.826242987335666,1062,229,47,47,27,17,20,30
0.689128968540733,0.746868459666105,1088,203,33,74,13,16,20,58
0.739700539146741,0.767939749017525,1056,235,27,31,12,7,15,24
0.728221044010518,0.729232037584212,1078,213,37,18,18,9,19,9
0.724955321683876,0.756003276649206,1088,203,32,26,11,6,21,20
0.75220487804878,0.795424230011289,1060,231,41,43,22,18,19,25
0.720690838384994,0.72322659389052,1070,221,42,23,20,10,22,13
0.719977317595665,0.784672992773756,1071,220,38,88,17,24,21,64
0.706153100775194,0.752061384008096,1054,237,43,55,20,16,23,39
0.712674054093461,0.773965277439296,1073,218,44,54,19,23,25,31
0.793266606005459,0.836963532130809,1064,227,35,89,20,21,15,68
0.739524567788899,0.814774225161148,1055,236,35,128,17,32,18,96
0.75972775564409,0.796430134816651,1078,213,36,73,21,21,15,52
0.766972714341135,0.76877232836679,1044,247,37,27,20,14,17,13
0.714319400317712,0.745509083977686,1084,207,32,42,9,12,23,30
0.819904458598726,0.861493625238103,1068,223,35,123,20,31,15,92
0.723815179278362,0.807021054289937,1073,218,28,79,13,18,15,61
0.770103916866507,0.790028434946821,1080,211,40,22,22,11,18,11
0.759874116711124,0.784945506230039,1049,242,34,53,16,14,18,39
0.771360327570519,0.831788711626427,1090,201,35,42,21,13,14,29
0.788302934179223,0.786205316819651,1063,228,30,11,19,9,11,2
0.738965853658537,0.739432660696288,1043,248,41,24,20,11,21,13
0.768305698967435,0.771683963453228,1047,244,32,20,18,10,14,10
0.801027378545276,0.830459369219097,1055,236,29,51,20,14,9,37
0.715548083969137,0.779574385588181,1059,232,37,47,21,14,16,33
0.7877161055505,0.819936080171565,1057,234,35,45,16,11,19,34
0.794024053535495,0.85080736036395,1069,222,34,84,17,22,17,62
0.679910772016035,0.745511045592467,1065,226,37,65,17,15,20,50
0.734654078880222,0.78593370377846,1072,219,44,88,23,21,21,67
0.772468835512314,0.798439310418293,1075,216,26,112,9,27,17,85
0.775033406612354,0.771092164307426,1078,213,37,14,16,5,21,9
0.765787318418897,0.806922059492493,1066,225,37,110,16,26,21,84
0.739271842388507,0.778047056434992,1063,228,34,61,13,19,21,42
0.766987224484066,0.771282361895219,1079,212,34,17,20,11,14,6
0.702112540347834,0.703627372362139,1088,203,33,13,10,2,23,11
0.704750204750205,0.778538657410868,1075,216,37,45,17,11,20,34
0.743569474004257,0.746869965192624,1076,215,26,9,12,3,14,6
0.705955235811351,0.750809518552757,1057,234,40,39,18,12,22,27
0.738183980967486,0.786157868697985,1084,207,30,68,11,17,19,51
0.774932982525814,0.810298120232257,1033,258,32,65,17,20,15,45
0.727427644528687,0.776007773103263,1060,231,44,92,18,23,26,69
0.745163789287295,0.745781603819625,1052,239,36,21,18,11,18,10
0.674197140178153,0.751587412081667,1056,235,27,44,8,9,19,35
0.719482926829268,0.77054859731709,1048,243,41,97,19,24,22,73
0.692789935733188,0.747056936574264,1049,242,38,86,18,22,20,64
0.733233731739708,0.787143749601518,1103,188,36,85,13,19,23,66
0.742184940802097,0.793140788404753,1067,224,34,57,18,15,16,42
0.710517073170732,0.762193328661267,1055,236,41,59,19,16,22,43
0.739353958143767,0.738093828860364,1079,212,35,17,16,10,19,7
0.746478085867621,0.822572616869443,1070,221,43,77,24,23,19,54
0.739770023790642,0.778319383659891,1040,251,30,34,16,8,14,26
0.733316366926818,0.770380368349679,1062,229,28,20,13,6,15,14
0.675126588562351,0.705434126743984,1050,241,32,52,11,10,21,42
0.799113706052842,0.820999645051969,1038,253,38,27,21,13,17,14
0.737704731574158,0.737531350174089,1064,227,35,15,20,7,15,8
0.722402863544456,0.773364411554917,1077,214,29,135,12,19,17,116
0.77990831842576,0.819104921764716,1039,252,43,68,27,25,16,43
0.719684135745123,0.718805580327355,1033,258,29,12,15,5,14,7
0.683986277113767,0.720971866589949,1075,216,36,81,10,13,26,68
0.804293935369632,0.844861684821362,1068,223,36,55,19,18,17,37
0.75877893056664,0.779603225292305,1051,240,38,29,18,11,20,18
0.71035060929968,0.715827308903856,1067,224,54,14,23,10,31,4
0.78108228980322,0.814576915802077,1078,213,43,55,25,17,18,38
0.80954269098599,0.835900048481406,1059,232,30,62,19,16,11,46
0.774887655300026,0.819798551632135,1090,201,30,144,17,27,13,117
0.744091504874252,0.787380595563398,1064,227,39,51,17,14,22,37
0.741263547449114,0.795436658683144,1061,230,30,28,15,11,15,17
0.768632268632269,0.807173513492874,1067,224,33,29,17,9,16,20
0.763579017264276,0.805432649615139,1042,249,36,49,19,17,17,32
0.725019825535289,0.76017502887889,1090,201,30,56,11,11,19,45
0.741028295376122,0.792053967989652,1067,224,49,148,24,27,25,121
0.827784254560417,0.82317549967846,1056,235,23,12,16,9,7,3
0.717234742658471,0.759985267606642,1079,212,52,54,24,19,28,35
0.75645621544498,0.799269178220993,1079,212,45,74,21,20,24,54
0.790843949044586,0.838022528173073,1058,233,35,48,24,15,11,33
0.750079936051159,0.793947310736123,1042,249,40,53,21,14,19,39
0.778239248046341,0.826343351577828,1078,213,29,58,19,17,10,41
0.73262419459377,0.781473808742829,1073,218,42,71,21,21,21,50
0.670841239721695,0.705564879660533,1049,242,51,67,21,19,30,48
0.72711108237424,0.768788178709893,1086,205,37,46,14,12,23,34
0.751734354675531,0.815725336169519,1076,215,33,49,14,10,19,39
0.697853032315183,0.72739431356174,1064,227,36,31,13,9,23,22
0.801949006594699,0.845377800071685,1051,240,38,71,23,19,15,52
0.72078853046595,0.75987247501187,1059,232,31,29,15,12,16,17
0.769696630888491,0.80555034924355,1059,232,43,37,26,16,17,21
0.726812577762696,0.787980329349884,1077,214,28,97,16,23,12,74
0.791122654312322,0.791573667128703,1061,230,34,24,17,13,17,11
0.700739278363507,0.731749509933101,1080,211,38,95,16,19,22,76
0.775304716481187,0.802981244734253,1077,214,33,40,19,10,14,30
0.801032565528197,0.85039530638439,1079,212,32,38,19,16,13,22
0.768665607625099,0.826816139472303,1040,251,32,92,19,26,13,66
0.703321936175918,0.736476961050554,1063,228,48,46,20,20,28,26
0.698107569721116,0.733118208654578,1053,238,36,61,15,15,21,46
0.673406374501992,0.674617587695509,1066,225,36,21,14,11,22,10
0.751843204718604,0.798829574912792,1072,219,39,96,18,21,21,75
0.764706365638043,0.797419008554277,1050,241,49,43,27,13,22,30
0.6883964544722,0.735514084777393,1062,229,50,51,20,15,30,36
0.73068835768039,0.785615422839337,1051,240,36,54,21,20,15,34
0.749828178694158,0.791187790002119,1074,217,30,32,13,8,17,24
0.811063737534326,0.846242471452761,1055,236,33,84,20,22,13,62
0.662101941513706,0.713539884294092,1075,216,33,42,11,8,22,34
0.738592610797084,0.797430856258172,1074,217,39,66,20,15,19,51
0.73942220200182,0.738883783623355,1044,247,35,17,19,9,16,8
0.733268880800728,0.758439806287217,1068,223,35,33,14,11,21,22
0.821555197421434,0.86606851424284,1063,228,50,98,29,30,21,68
0.744506369426752,0.811002874765569,1082,209,35,99,21,29,14,70
0.789496693808405,0.844827092070964,1034,257,29,62,20,21,9,41
0.746923417441346,0.812106590047442,1060,231,36,122,22,39,14,83
0.772030359374524,0.81514764108805,1077,214,53,118,28,33,25,85
0.731795121951219,0.748528914891286,1066,225,41,28,18,11,23,17
0.725931448733566,0.765922614332879,1063,228,38,31,19,13,19,18
0.70877378435518,0.775211341617063,1076,215,44,85,23,22,21,63
0.671788125496426,0.719537911985141,1080,211,32,60,11,11,21,49
0.778937435662816,0.810562073271214,1074,217,42,41,21,18,21,23
0.697170823277018,0.701338782243111,1074,217,48,20,19,10,29,10
0.75987162461266,0.807985852414177,1095,196,36,49,17,14,19,35
0.805068614431164,0.830336579110928,1074,217,36,52,21,15,15,37
0.74093725019984,0.787893193984453,1060,231,40,60,21,21,19,39
0.801331285202253,0.847320024883712,1038,253,31,61,19,19,12,42
0.74962465878071,0.800059826865813,1066,225,35,123,16,17,19,106
0.825218080888184,0.858497884644439,1066,225,30,72,20,18,10,54
0.737747838401908,0.814251653150517,1072,219,43,97,24,27,19,70
0.801528991262907,0.82421060481931,1067,224,32,59,19,17,13,42
0.744175627240143,0.789064596440069,1080,211,31,36,15,11,16,25
0.716112869198312,0.779526573507098,1051,240,27,35,15,12,12,23
0.729928409289331,0.769576047988059,1058,233,46,73,22,25,24,48
0.744125362041642,0.812744818593587,1074,217,29,175,13,43,16,132
0.748109799638762,0.794300454919762,1092,199,38,50,16,16,22,34
0.765512839042251,0.808016288137729,1088,203,33,30,19,13,14,17
0.772955433275927,0.77536821527476,1064,227,38,18,22,11,16,7
0.758366533864542,0.802179478734069,1077,214,36,102,19,25,17,77
0.739915297861388,0.744097183978244,1047,244,34,20,15,9,19,11
0.708678955453149,0.712609797092403,1085,206,31,16,12,7,19,9
0.743581230633023,0.798714554290991,1077,214,36,82,15,17,21,65
0.766512501806619,0.803620464427608,1069,222,33,73,18,23,15,50
0.776769757744242,0.851509002089042,1093,198,32,74,16,15,16,59
0.778625592417062,0.820019833076039,1071,220,25,45,14,16,11,29
0.701810732223103,0.704839201229746,1053,238,30,12,15,7,15,5
0.738871054039593,0.793880454707258,1067,224,45,64,24,24,21,40
0.80528889899909,0.825255623480211,1079,212,35,27,19,9,16,18
0.653501416219439,0.698009300553882,1068,223,43,42,16,10,27,32
0.741365853658537,0.744954403973299,1024,267,41,11,21,4,20,7
0.765807354116707,0.81282977664754,1062,229,40,60,20,13,20,47
0.716739201647246,0.747802818770428,1074,217,34,48,15,9,19,39
0.705766192733017,0.757245871724106,1067,224,25,125,10,21,15,104
0.727888989990901,0.784297860030292,1051,240,35,46,18,17,17,29
0.718427236461009,0.774632226471641,1063,228,29,48,14,13,15,35
0.77406401990725,0.825860030256772,1081,210,28,111,16,24,12,87
0.736624372191382,0.805323271453111,1051,240,30,86,17,29,13,57
0.79384280593958,0.815659907471452,1072,219,31,61,17,19,14,42
0.704811191992721,0.733609413834621,1069,222,35,37,12,10,23,27
0.769881036099391,0.813173850803122,1048,243,27,35,14,12,13,23
0.80019512195122,0.838237759629303,1054,237,41,70,24,23,17,47
0.781950844854071,0.810977851266623,1085,206,31,37,14,9,17,28
0.72017614091273,0.752648012909567,1056,235,42,51,14,20,28,31
0.709815741583258,0.759836038497306,1039,252,35,71,12,22,23,49
0.70637748832637,0.74780534777348,1069,222,39,42,19,16,20,26
0.693258926482288,0.742898398799514,1077,214,34,75,12,18,22,57
0.754645062571725,0.798292185048736,1074,217,29,64,14,14,15,50
0.704515468607825,0.756548692939925,1050,241,35,69,16,28,19,41
0.754721298838946,0.78492397737996,1058,233,33,37,20,17,13,20
0.711021505376344,0.76167554986045,1064,227,31,62,12,14,19,48
0.788075443954304,0.792237435626898,1061,230,28,9,15,6,13,3
0.708080089659037,0.764891578258818,1074,217,37,87,11,19,26,68
0.739534693208815,0.78074642732787,1061,230,39,39,17,10,22,29
0.699950863400253,0.746000714860754,1067,224,34,60,13,17,21,43
0.789859141747391,0.836279671200004,1079,212,34,105,17,23,17,82
0.724408787331457,0.766051862184254,1074,217,38,60,17,11,21,49
0.756905710491368,0.808766345088751,1069,222,36,78,20,21,16,57
0.723278048780488,0.766789857751486,1057,234,41,76,19,21,22,55
0.787775987107172,0.823758714909872,1049,242,50,107,33,35,17,72
0.733160975609756,0.790478999263558,1083,208,41,87,20,20,21,67
0.693118028723482,0.733938985045589,1057,234,44,76,21,27,23,49
0.772823625764802,0.813633241034579,1074,217,33,24,16,11,17,13
0.811897179253867,0.829854433719324,1064,227,35,43,15,10,20,33
0.75012931591879,0.791831697840046,1087,204,37,32,20,12,17,20
0.693395283772982,0.757202946677043,1070,221,40,80,13,14,27,66
0.769887118193891,0.816055945822094,1047,244,36,55,21,22,15,33
0.721914714058777,0.745226320073504,1063,228,32,20,14,7,18,13
0.763499736911339,0.804366219254428,1096,195,24,83,13,21,11,62
0.783676020518126,0.817418951844303,1075,216,37,90,19,27,18,63
0.759274015050908,0.782984745093585,1082,209,36,54,16,14,20,40
0.767948717948718,0.851605328183214,1058,233,30,101,12,26,18,75
0.764963264542094,0.80971909735153,1040,251,34,35,19,13,15,22
0.705407560670719,0.752405221523538,1066,225,37,79,17,17,20,62
0.723862729449322,0.767583178523833,1060,231,38,28,18,7,20,21
0.677298243056062,0.680585317062308,1063,228,44,16,15,7,29,9
0.731068986323411,0.764889695033775,1067,224,48,84,22,27,26,57
0.761540767386091,0.790970205163037,1067,224,40,34,17,10,23,24
0.77891358443615,0.820064317294101,1060,231,28,37,17,15,11,22
0.766732202834439,0.787510006108897,1076,215,39,37,18,6,21,31
0.70704309003031,0.757727966341939,1047,244,39,63,15,13,24,50
0.749960348929421,0.750703567634474,1081,210,30,11,14,5,16,6
0.649451841895241,0.702447240082997,1063,228,38,63,14,13,24,50
0.767155911892754,0.831105930360053,1074,217,37,113,22,24,15,89
0.706565999321344,0.762645131302335,1051,240,28,70,14,18,14,52
0.76489756097561,0.811092776382128,1075,216,41,110,18,24,23,86
0.811021968328643,0.808684282264643,1067,224,38,17,25,10,13,7
0.737284196547145,0.773833563306227,1058,233,36,24,17,10,19,14
0.755981930103257,0.806280286823317,1094,197,32,69,12,13,20,56
0.802496878901373,0.858640402867474,1078,213,45,145,29,44,16,101
0.720386861007267,0.767146944582418,1062,229,38,86,19,22,19,64
0.759429026387625,0.799462591652499,1079,212,35,64,16,10,19,54
0.729229268292683,0.782965197942996,1068,223,41,124,16,29,25,95
0.744254950137303,0.804237608211275,1053,238,33,92,14,23,19,69
0.765138752398334,0.807201785432583,1059,232,34,27,19,11,15,16
0.691375356825308,0.737902430918766,1063,228,34,84,12,24,22,60
0.749262718112558,0.802477717627417,1063,228,39,125,19,29,20,96
0.709772182254197,0.759982878008427,1067,224,40,150,18,30,22,120
0.755420768870136,0.822522059779112,1088,203,27,104,12,18,15,86
0.778321088165211,0.826255067541227,1076,215,32,39,19,12,13,27
0.744234657631565,0.779177882563335,1060,231,29,19,13,5,16,14
0.741732145975205,0.770319644441761,1051,240,46,35,25,17,21,18
0.712007168458781,0.767911853000452,1060,231,31,92,17,24,14,68
0.701095617529881,0.744389194752245,1064,227,36,79,16,21,20,58
0.743751837694795,0.787962348594538,1094,197,38,55,18,20,20,35
0.762440047961631,0.785886230556044,1067,224,40,31,19,12,21,19
0.745612737848763,0.780457056960873,1086,205,49,43,23,14,26,29
0.717127587376994,0.774998302355209,1081,210,28,38,16,11,12,27
0.722735893788525,0.740792021973357,1079,212,37,26,14,12,23,14
0.729731574158326,0.757110128601354,1067,224,35,26,14,9,21,17
0.779781088476741,0.828125417439565,1075,216,26,43,14,9,12,34
0.781072793716134,0.833276745164925,1046,245,38,104,23,23,15,81
0.684275184275184,0.683321386048001,1086,205,33,17,10,6,23,11
0.732597816196542,0.765608984030383,1082,209,35,48,10,15,25,33
0.792070145011321,0.836328496637679,1030,261,33,101,22,28,11,73
0.722575516693164,0.785591690942053,1094,197,33,73,12,18,21,55
0.727325754567117,0.762858213694572,1089,202,32,71,16,18,16,53
0.760279057859703,0.856214954749505,1065,226,31,89,19,22,12,67
0.695004374134286,0.734346684780478,1092,199,44,87,14,19,30,68
0.679873170731707,0.683699806466686,1065,226,41,17,13,5,28,12
0.708721951219512,0.739444725967087,1060,231,41,53,18,14,23,39
0.740855323020928,0.780791648010258,1060,231,35,39,17,9,18,30
0.762775217613927,0.794739963061262,1082,209,31,47,9,8,22,39
0.715572823494335,0.75125176441567,1073,218,43,55,17,14,26,41
0.73704897636014,0.823455069156326,1072,219,28,116,14,28,14,88
0.746685922772879,0.792974660527095,1055,236,26,78,13,24,13,54
0.7941166798211,0.837194421159513,1095,196,24,57,15,12,9,45
0.754632879404745,0.755484529238736,1061,230,34,17,18,8,16,9
0.802445772465693,0.832834970574817,1063,228,36,20,18,5,18,15
0.741231873584815,0.73928419961306,1068,223,33,12,14,4,19,8
0.754736002016214,0.759983461085357,1048,243,38,11,21,5,17,6
0.74409756097561,0.798074483467394,1055,236,41,69,20,14,21,55
0.7378962890145,0.775935874818335,1042,249,39,78,23,22,16,56
0.754333868378812,0.805493668370217,1066,225,45,104,21,25,24,79
0.710272980288993,0.743597865592849,1049,242,42,118,17,26,25,92
0.7548242135871,0.825523473990683,1068,223,30,58,17,17,13,41
0.745829561619035,0.749198536296802,1050,241,37,18,21,11,16,7
0.723813526445105,0.761179008645338,1080,211,37,70,17,15,20,55
0.7474902339648,0.751608285452511,1062,229,38,16,15,8,23,8
0.750040960104858,0.791213340451191,1041,250,39,88,21,27,18,61
0.751228501228501,0.809187914422153,1056,235,37,59,21,17,16,42
0.660197310983063,0.661143189697945,1074,217,46,24,19,10,27,14
0.683055775839281,0.742908511718761,1095,196,30,59,12,11,18,48
0.775767710550319,0.779246328601537,1063,228,26,15,17,10,9,5
0.67059925093633,0.704921688010814,1073,218,45,69,13,13,32,56
0.700863213811421,0.743807274038986,1067,224,36,58,16,16,20,42
0.73502503626749,0.783877436022426,1077,214,34,83,12,18,22,65
0.72426169484993,0.771888296732034,1085,206,33,87,14,22,19,65
0.705800814886378,0.782929828031259,1053,238,38,55,19,16,19,39
0.675845181674566,0.67794489849223,1058,233,25,13,7,4,18,9
0.776728110599078,0.778078475478583,1049,242,31,8,17,5,14,3
0.681703918246899,0.732640796392604,1069,222,29,43,11,8,18,35
0.755227152285976,0.814324415726068,1051,240,33,64,17,19,16,45
0.771904785544083,0.816214688520005,1051,240,32,47,18,15,14,32
0.765997202238209,0.810841607526162,1081,210,40,80,16,15,24,65
0.722233289065958,0.728655059893009,1077,214,36,15,16,10,20,5
0.766682926829268,0.78134309345971,1074,217,41,26,22,11,19,15
0.805182846619311,0.849177522765792,1098,193,24,94,15,21,9,73
0.748923674481726,0.807503436113959,1052,239,34,90,20,19,14,71
0.689253847148584,0.744130332701181,1064,227,37,40,17,11,20,29
0.721981550928919,0.779278374388373,1056,235,37,63,20,17,17,46
0.776576418190342,0.800008715752489,1045,246,27,80,14,21,13,59
0.717335773380609,0.779617904115906,1083,208,42,98,21,27,21,71
0.745343725019984,0.781327093368161,1067,224,40,37,20,11,20,26
0.728684075062006,0.794061539657938,1077,214,34,73,17,17,17,56
0.785529548687443,0.825281864264398,1065,226,37,44,21,18,16,26
0.759347653142403,0.80249126929338,1059,232,34,60,17,14,17,46
0.76671974522293,0.809083518788477,1060,231,35,107,20,25,15,82
0.762943393135086,0.801845559717512,1077,214,39,68,17,23,22,45
0.733482023714209,0.766072571984221,1065,226,42,43,18,17,24,26
0.706596906278435,0.750251706388616,1065,226,35,101,14,26,21,75
0.706413820492454,0.739880667090705,1077,214,32,35,13,8,19,27
0.792809756097561,0.810604666575619,1089,202,41,48,24,18,17,30
0.805643669045731,0.835243970569756,1080,211,30,80,17,15,13,65
0.764912954429083,0.787320053000022,1075,216,31,46,12,8,19,38
0.726140738920292,0.790393087311185,1091,200,39,43,19,16,20,27
0.73433734939759,0.742011840948739,1037,254,46,23,27,14,19,9
0.765339555202542,0.808864863682131,1086,205,32,85,14,18,18,67
0.760922974767596,0.791585971654011,1078,213,36,24,19,11,17,13
0.739968152866242,0.781975977897987,1054,237,35,23,18,12,17,11
0.709137111317558,0.710401069770117,1066,225,29,13,12,5,17,8
0.71679813785077,0.718331778235069,1050,241,37,12,14,4,23,8
0.655965227817746,0.69121018090994,1057,234,40,49,14,15,26,34
0.657368593715827,0.694222945512928,1070,221,44,29,19,14,25,15
0.706641503679134,0.714179399383893,1072,219,42,21,19,9,23,12
0.676665508339952,0.714438733009171,1077,214,32,74,12,11,20,63
0.738211164615659,0.798441386660631,1044,247,45,88,24,27,21,61
0.716391872477252,0.748803071191602,1043,248,47,43,25,17,22,26
0.781037722214193,0.782571021880074,1057,234,33,14,19,8,14,6
0.779156674660272,0.791289960746251,1070,221,40,22,22,11,18,11
0.748647005168744,0.787375382478693,1074,217,26,117,12,28,14,89
0.709171928439884,0.714170857372851,1074,217,24,8,12,3,12,5
0.69645240001525,0.714231094252667,1050,241,42,20,18,10,24,10
0.764448780487805,0.804725629665329,1073,218,41,51,21,15,20,36
0.660745905267818,0.696789437444667,1067,224,36,38,13,10,23,28
0.761395011465207,0.792850047698506,1065,226,34,54,18,17,16,37
0.77040491355778,0.802679016221689,1074,217,35,33,19,12,16,21
0.702762696527542,0.760835011896868,1080,211,28,76,9,13,19,63
0.701293026573925,0.730109292286293,1071,220,45,37,17,13,28,24
0.751250053881633,0.755037236858721,1074,217,37,27,21,15,16,12
0.761533035952572,0.796841521393476,1052,239,42,90,22,25,20,65
0.795112078244186,0.826097967683131,1081,210,34,59,18,14,16,45
0.801487205657214,0.837673598167642,1054,237,44,66,27,17,17,49
0.805045963229417,0.836965626443181,1079,212,40,89,24,28,16,61
0.765792896731139,0.802008727812409,1065,226,28,87,13,18,15,69
0.710445468509985,0.756999517966095,1054,237,31,77,11,17,20,60
0.7459654296715,0.744439453448486,1049,242,39,11,21,7,18,4
0.769980491968178,0.814739216002513,1071,220,53,77,30,20,23,57
0.671302957633893,0.701068963167878,1079,212,40,78,12,18,28,60
0.666299982538851,0.67448653473677,1060,231,46,23,20,10,26,13
0.789747316636851,0.830435398629378,1059,232,43,73,24,24,19,49
0.675988823047646,0.714523452024436,1050,241,33,54,15,11,18,43
0.719359734065616,0.779186538862412,1067,224,33,85,15,18,18,67
0.740525477707006,0.785850456106365,1066,225,35,21,18,4,17,17
0.805151219512195,0.826413881429023,1061,230,41,28,23,10,18,18
0.786901934170343,0.809291073508813,1073,218,28,35,12,9,16,26
0.72529756097561,0.769986607789383,1077,214,41,73,21,18,20,55
0.745905283354392,0.801360232975373,1083,208,34,127,17,30,17,97
0.788950715421304,0.822430060391218,1061,230,33,44,19,17,14,27
0.711960044225857,0.768998673994394,1065,226,42,109,17,25,25,84
0.738072211476467,0.789015890339094,1038,253,22,43,10,9,12,34
0.820724996849666,0.821341528887734,1078,213,38,21,25,12,13,9
0.721166969972702,0.738648579848989,1085,206,35,16,20,7,15,9
0.702765091342335,0.770020115917062,1052,239,32,78,14,20,18,58
0.79173775671406,0.825045880298429,1070,221,25,61,14,14,11,47
0.748591909882232,0.752076830327351,1067,224,31,19,15,7,16,12
0.788812083973374,0.811475072366375,1045,246,31,36,20,18,11,18
0.650989208633094,0.653079542418528,1079,212,40,24,14,8,26,16
0.698757599788528,0.700328538151338,1050,241,30,15,13,6,17,9
0.723693372655034,0.754072047237419,1064,227,39,24,21,14,18,10
0.807910992559315,0.848355758679753,1060,231,34,34,23,12,11,22
0.753093321407275,0.802633317735849,1061,230,43,105,23,24,20,81
0.747973285168228,0.776022298326298,1058,233,38,25,20,7,18,18
0.644517073170732,0.693840255117622,1067,224,41,69,14,18,27,51
0.779177422557585,0.818639097587862,1078,213,32,104,13,22,19,82
0.780757171603725,0.820618835708172,1067,224,34,53,17,10,17,43
0.731849135673127,0.77652105552295,1072,219,46,49,25,16,21,33
0.731874218716324,0.762758845760893,1070,221,37,25,17,12,20,13
0.732714772188456,0.772357089485476,1050,241,37,63,18,21,19,42
0.747112310151879,0.752812457557957,1055,236,40,15,16,4,24,11
0.730858536585366,0.77458106331149,1094,197,41,138,18,31,23,107
0.746242231536349,0.772825200382141,1071,220,33,39,12,8,21,31
0.774113880063542,0.81855105805725,1083,208,32,117,13,27,19,90
0.761274268862128,0.815297413974585,1089,202,39,120,24,28,15,92
0.673066177754496,0.727253316509029,1071,220,46,107,16,26,30,81
0.740190054886541,0.791621605643311,1087,204,39,138,19,31,20,107
0.725542275343072,0.720005929329609,1074,217,36,17,12,3,24,14
0.763600317208565,0.79238959270621,1071,220,30,24,16,9,14,15
0.732411674347158,0.735589593456011,1055,236,31,19,15,7,16,12
0.775811736044021,0.814776063592014,1049,242,38,56,22,19,16,37
0.766402264963264,0.790514242535253,1076,215,34,72,14,16,20,56
0.79013104013104,0.820177296178516,1060,231,33,53,18,22,15,31
0.715809011776754,0.723724828447361,1079,212,31,15,14,6,17,9
0.774573073868149,0.809572891315681,1083,208,32,77,14,16,18,61
0.812686159650516,0.839249587818734,1039,252,32,97,22,25,10,72
0.777463750307201,0.794862887504173,1063,228,39,74,19,22,20,52
0.711935982122318,0.755980842955122,1072,219,49,55,23,17,26,38
0.747456786930471,0.748865922263062,1048,243,37,11,20,4,17,7
0.766777472659826,0.794725954286501,1069,222,33,53,12,9,21,44
0.739952606635071,0.780339199567339,1080,211,25,36,11,11,14,25
0.72169017288444,0.723599078280084,1081,210,35,18,16,4,19,14
0.729962128267213,0.792638951325663,1074,217,52,104,27,35,25,69
0.784195129664769,0.827009753518878,1032,259,51,61,32,23,19,38
0.774200370076659,0.80416114082247,1061,230,30,52,14,11,16,41
0.776533955520254,0.828575855322201,1055,236,32,39,23,20,9,19
0.745079098928337,0.787767169828855,1065,226,44,77,20,20,24,57
0.721857016843785,0.774638644143964,1056,235,38,138,17,30,21,108
0.729684044233807,0.768180194268295,1070,221,25,75,9,15,16,60
0.746201091901729,0.820379621277384,1066,225,35,128,19,30,16,98
0.819611698205947,0.86749284622122,1073,218,39,70,23,17,16,53
0.779454253611557,0.804330947350877,1065,226,45,51,25,18,20,33
0.682204515272244,0.686724727499775,1100,191,36,15,11,6,25,9
0.745133136786934,0.74264395306771,1065,226,34,18,17,7,17,11
0.708374293438191,0.772217389796683,1068,223,39,81,18,27,21,54
0.731090716384834,0.726727899319177,1065,226,33,16,11,4,22,12
0.736565853658537,0.791750661676597,1058,233,41,49,16,9,25,40
0.731444533120511,0.780777608069424,1063,228,38,40,20,15,18,25
0.749375358400918,0.801264453847252,1063,228,39,63,21,24,18,39
0.710366755397811,0.761841303199529,1065,226,49,67,22,17,27,50
0.756810638389586,0.809869088965975,1074,217,37,128,18,28,19,100
0.788258078795927,0.836450151724634,1071,220,36,70,20,14,16,56
0.675799134708279,0.682184865206982,1045,246,38,19,19,10,19,9
0.726097100873709,0.735531866478685,1053,238,32,59,13,18,19,41
0.745687804878049,0.748653565973149,1068,223,41,12,17,4,24,8
0.804526842584167,0.837431780102044,1050,241,35,27,22,15,13,12
0.745350965939201,0.745583543485163,1063,228,33,22,14,10,19,12
0.73530616177675,0.734979756947526,1061,230,33,17,14,8,19,9
0.742784593724859,0.741954798761032,1097,194,48,17,19,7,29,10
0.747457534446308,0.772026296894814,1041,250,44,103,21,28,23,75
0.73876029139187,0.792014928635375,1062,229,37,77,18,17,19,60
0.733269329237071,0.732396237506662,1067,224,31,13,18,7,13,6
0.698061457505957,0.739600536783265,1067,224,32,46,15,9,17,37
0.757130255807116,0.807121334951662,1039,252,38,131,22,40,16,91
0.734987912973408,0.791659222410928,1062,229,50,132,25,29,25,103
0.735077918259335,0.73743310421078,1062,229,38,15,15,7,23,8
0.766756262152579,0.791100565097522,1055,236,42,24,24,14,18,10
0.781349285146942,0.783291771517485,1057,234,32,14,15,5,17,9
0.824141183478952,0.871036413087445,1074,217,32,119,19,28,13,91
0.735945108455068,0.76635342530225,1072,219,36,37,16,9,20,28
0.73683160415004,0.78670748702714,1064,227,38,68,18,21,20,47
0.817020805666224,0.812726822639201,1083,208,36,25,18,13,18,12
0.792430154959846,0.828338724365368,1065,226,28,46,13,16,15,30
0.809361431965266,0.812698580600417,1047,244,39,23,22,15,17,8
0.684318996415771,0.754931557263407,1068,223,31,87,12,20,19,67
0.716252981514609,0.723974116201588,1055,236,43,28,18,11,25,17
0.711838954929223,0.767529601892097,1094,197,38,85,16,19,22,66
0.753872120730739,0.786002985718258,1065,226,32,137,16,34,16,103
0.791312527667109,0.793797538545882,1057,234,36,13,23,6,13,7
0.712147406733394,0.756077254851791,1058,233,35,30,16,13,19,17
0.719177694830901,0.807172607472925,1096,195,28,75,14,15,14,60
0.717619337184555,0.774844205244102,1079,212,26,46,10,13,16,33
0.655925259792166,0.736736804339599,1071,220,40,38,21,12,19,26
0.767396296566304,0.826393088172485,1047,244,44,75,26,29,18,46
0.75568351222421,0.794054570224968,1072,219,43,60,20,16,23,44
0.685116289952735,0.732493106021136,1075,216,34,61,12,13,22,48
0.746067829933645,0.754251684044043,1053,238,39,25,22,14,17,11
0.73589349718382,0.739374659271762,1058,233,31,15,13,7,18,8
0.73983013778523,0.774415371785691,1072,219,44,38,19,13,25,25
0.756984412470024,0.819028571104787,1099,192,40,79,19,23,21,56
0.684956105347167,0.727838703411201,1054,237,38,45,15,15,23,30
0.791294883400147,0.823109904740053,1057,234,37,24,21,13,16,11
0.76332591254673,0.799686988045736,1043,248,38,69,22,21,16,48
0.739534947264878,0.783390130273826,1049,242,29,49,15,12,14,37
0.729879435850773,0.776922860065661,1055,236,35,106,17,23,18,83
0.747097364744424,0.78086812248052,1066,225,33,106,16,28,17,78
0.774945393169182,0.77649483473261,1080,211,32,22,14,10,18,12
0.752408825938238,0.77051330301149,1059,232,33,51,13,12,20,39
0.70944949619071,0.755568023175614,1060,231,39,71,15,17,24,54
0.696780487804878,0.715827166488225,1073,218,41,16,17,5,24,11
0.737751120104061,0.736447603647184,1069,222,33,19,14,8,19,11
0.668437251787133,0.693156614869922,1082,209,32,23,10,6,22,17
0.762113284804368,0.79715185277386,1065,226,35,117,18,26,17,91
0.763219658409682,0.803768835876102,1066,225,28,116,15,28,13,88
0.768380847054968,0.815185769988226,1088,203,39,73,19,27,20,46
0.801162018592298,0.838819149094395,1093,198,36,43,22,14,14,29
0.717460317460317,0.750888428036485,1082,209,31,86,13,17,18,69
0.701313046068308,0.779744396627509,1071,220,32,57,14,12,18,45
0.766298908098271,0.794849785671808,1067,224,35,41,15,10,20,31
0.660600052868094,0.705565478151294,1077,214,30,95,10,20,20,75
0.750619565673961,0.750494826562623,1063,228,38,20,18,9,20,11
0.743963217745332,0.776097194659922,1063,228,34,80,14,19,20,61
0.738589128697043,0.773094559619906,1058,233,40,59,17,14,23,45
0.809724367073799,0.840473968121788,1062,229,34,91,19,22,15,69
0.820889594916601,0.844081229707607,1070,221,32,24,20,15,12,9
0.730721966205837,0.754589921220658,1094,197,31,14,11,6,20,8
0.696985365853658,0.729522879057316,1049,242,41,36,17,10,24,26
0.714409030544489,0.716506686495831,1100,191,36,15,13,6,23,9
0.746794871794872,0.792077941943521,1044,247,43,44,24,15,19,29
0.736062065275549,0.784798260049578,1053,238,45,70,20,19,25,51
0.730115907274181,0.768343045650477,1053,238,40,36,16,13,24,23
0.73539772261817,0.756451366103519,1086,205,39,78,15,20,24,58
0.78029917430155,0.830324919484337,1056,235,28,43,16,16,12,27
0.727123781436881,0.756838057547532,1050,241,39,55,17,11,22,44
0.723599267716915,0.791130697772112,1052,239,33,69,17,15,16,54
0.68391412116352,0.688093723356493,1068,223,44,20,17,7,27,13
0.724488171064604,0.76072600201685,1069,222,35,33,15,10,20,23
0.725322384172722,0.76079039791144,1063,228,38,73,17,14,21,59
0.707279344858963,0.769159967020807,1054,237,35,60,17,19,18,41
0.811802355350742,0.851514453390735,1052,239,31,81,17,29,14,52
0.746825591873515,0.821591497608862,1087,204,39,95,22,23,17,72
0.784703448840829,0.83497760234125,1063,228,39,94,24,28,15,66
0.690833128532809,0.723051117321678,1086,205,39,30,14,13,25,17
0.781894643647632,0.847217393763489,1083,208,36,114,19,25,17,89
0.695806298753372,0.734577677960184,1070,221,44,92,17,17,27,75
0.679524572038583,0.718295739622698,1066,225,42,82,18,21,24,61
0.761512003369367,0.776395134004774,1074,217,34,23,14,6,20,17
0.692944832056121,0.744891824244192,1061,230,42,112,15,24,27,88
0.80812101910828,0.846932658964206,1072,219,35,50,22,16,13,34
0.740668202764977,0.76418925602157,1064,227,31,111,15,24,16,87
0.73703481064539,0.806776358920837,1062,229,29,68,15,17,14,51
0.751649226569609,0.799031428150624,1068,223,35,84,18,15,17,69
0.689158467501491,0.732214884969324,1057,234,43,71,18,20,25,51
0.742432040870792,0.768869696007253,1081,210,42,54,17,13,25,41
0.735145749120905,0.788196476667347,1070,221,49,90,25,27,24,63
0.69321905464078,0.732406794678751,1053,238,39,69,16,18,23,51
0.75609756097561,0.761681601802134,1076,215,41,24,22,12,19,12
0.700806069227122,0.732153928182672,1071,220,37,23,16,9,21,14
0.782876230661041,0.819611847009886,1096,195,27,79,11,9,16,70
0.769720512311358,0.809906455620276,1076,215,32,24,17,6,15,18
0.789941463414634,0.787297068217095,1060,231,41,21,25,15,16,6
0.732860686040526,0.787565616440846,1059,232,34,142,14,32,20,110
0.732521409518461,0.784721072553383,1056,235,34,46,17,18,17,28
0.739126478616924,0.744109738929279,1059,232,35,26,16,14,19,12
0.780998229305002,0.813025109557484,1101,190,36,66,15,14,21,52
0.74958925750395,0.809250868500445,1070,221,25,50,14,16,11,34
0.735855000630067,0.787412797619934,1037,254,38,71,16,15,22,56
0.7548242135871,0.813674337526657,1043,248,30,41,14,12,16,29
0.763079536370903,0.796296334958889,1049,242,40,114,19,28,21,86
0.749644381223329,0.802047763856514,1064,227,37,39,17,11,20,28
0.770879413451298,0.774763440375984,1075,216,39,21,21,12,18,9
0.678961930057548,0.718189780559191,1031,260,36,46,16,11,20,35
0.725799629923341,0.741715074025667,1073,218,30,19,12,8,18,11
0.750760447377041,0.787928956966076,1063,228,34,45,17,15,17,30
0.744982387154911,0.798505750765552,1083,208,39,49,19,17,20,32
0.693169831223629,0.772251115752513,1056,235,27,62,15,17,12,45
0.760997868735997,0.763305919104735,1072,219,29,12,17,7,12,5
0.795163789287295,0.826956996877342,1094,197,36,46,18,18,18,28
0.758300132802125,0.789368456780673,1074,217,36,83,15,15,21,68
0.72849756097561,0.773927794368002,1057,234,41,51,21,8,20,43
0.732575039494471,0.771752863505239,1069,222,25,30,11,8,14,22
0.73858166922683,0.780369129596763,1061,230,31,32,13,11,18,21
0.709183859444485,0.766174152041979,1075,216,44,143,18,30,26,113
0.777145525944565,0.781667992643939,1047,244,42,20,21,12,21,8
0.752675371223758,0.821679594867104,1046,245,31,92,16,23,15,69
0.750838766251096,0.750745059110845,1084,207,42,21,17,10,25,11
0.787957756137704,0.833804029092221,1078,213,23,89,12,24,11,65
0.765021541042358,0.816018672988621,1067,224,42,186,20,37,22,149
0.765621236209472,0.808884724260654,1070,221,33,91,17,21,16,70
0.754655373076426,0.782425835184928,1070,221,37,27,20,9,17,18
0.764869038087613,0.805854246870594,1053,238,42,65,22,24,20,41
0.763007578328243,0.805632191101216,1088,203,28,30,14,8,14,22
0.721009406149094,0.762809381081245,1067,224,34,152,15,28,19,124
0.719476744186046,0.76087864340163,1075,216,43,82,19,19,24,63
0.777174200370077,0.82663955388345,1063,228,30,59,18,20,12,39
0.718798259160466,0.791330535626881,1069,222,34,111,16,23,18,88
0.752429268292683,0.788793542687273,1067,224,41,61,17,17,24,44
0.79117711350347,0.86116028153082,1055,236,29,71,15,19,14,52
0.753160975609756,0.794887558913832,1045,246,41,60,21,20,20,40
0.755278048780488,0.774535314465684,1070,221,41,28,22,16,19,12
0.758733013589129,0.799904634887775,1051,240,40,94,22,29,18,65
0.789524017705886,0.821589313114896,1043,248,29,63,19,20,10,43
0.625739308462238,0.654403318268528,1079,212,35,76,7,12,28,64
0.771189104243059,0.81012342181808,1069,222,46,39,24,16,22,23
0.748610007942812,0.748049807618525,1085,206,32,24,14,12,18,12
0.78050778050778,0.811483558802906,1056,235,37,77,22,23,15,54
0.739650492025789,0.762859675465026,1073,218,28,66,9,14,19,52
0.73814142849336,0.78791964866479,1041,250,29,76,16,21,13,55
0.787842655489714,0.815320742636743,1087,204,33,56,17,12,16,44
0.757980845969673,0.786970267503105,1080,211,38,89,17,19,21,70
0.708898643256185,0.762919454717036,1067,224,38,75,19,17,19,58
0.699185612487275,0.697505105031045,1066,225,28,21,8,7,20,14
0.82873783922171,0.855446427137712,1046,245,31,49,17,17,14,32
0.744098376451318,0.787827931303067,1058,233,33,31,15,10,18,21
0.701618705035971,0.703777896199116,1060,231,40,20,17,8,23,12
0.739785303231518,0.783868808837621,1087,204,36,61,15,16,21,45
0.764054891544931,0.802589228812545,1067,224,36,41,18,13,18,28
0.748262505533422,0.818824165361239,1055,236,36,81,19,19,17,62
0.75840680252445,0.759026285347185,1055,236,33,15,18,7,15,8
0.739834922501785,0.787123915400193,1085,206,38,56,19,19,19,37
0.759827001961833,0.799240115310566,1083,208,45,100,21,22,24,78
0.71334388185654,0.765614714303321,1073,218,27,34,11,8,16,26
0.709672262190248,0.759262572967886,1064,227,40,60,22,19,18,41
0.76605222734255,0.791638606094048,1081,210,31,51,13,8,18,43
0.744255345293684,0.776552184050863,1082,209,39,21,20,9,19,12
0.70896821495863,0.70919027170706,1068,223,39,15,21,10,18,5
0.735651478816946,0.775441660777529,1057,234,40,87,18,20,22,67
0.757405924739792,0.816385789028064,1059,232,42,86,27,26,15,60
0.671093129467832,0.705950876778577,1058,233,32,41,14,12,18,29
0.787079058142594,0.856329663355635,1072,219,24,51,12,13,12,38
0.768678018268467,0.782076194313293,1060,231,32,25,10,8,22,17
0.757865333725375,0.784803351333505,1076,215,38,73,19,16,19,57
0.842255625879044,0.856736361400617,1059,232,27,39,18,19,9,20
0.753237025147138,0.761929701811862,1064,227,45,21,22,10,23,11
0.717186258935663,0.770254187822899,1076,215,32,76,13,24,19,52
0.71541100142795,0.748805648911659,1085,206,52,39,24,17,28,22
0.777645186953063,0.809202380758274,1067,224,34,46,15,10,19,36
0.704351219512195,0.699650996719142,1093,198,41,21,15,9,26,12
0.75950864422202,0.773510758114894,1074,217,35,21,15,7,20,14
0.790913908560967,0.830824331176112,1070,221,33,114,17,22,16,92
0.77836632780453,0.810304174022286,1047,244,45,29,27,13,18,16
0.753946769790719,0.796918913727049,1075,216,35,69,15,18,20,51
0.805653048809022,0.831987685702809,1066,225,34,62,20,22,14,40
0.666181731971206,0.725961817309781,1078,213,37,85,11,27,26,58
0.735375609756098,0.787651653291196,1070,221,41,62,17,15,24,47
0.725318649373882,0.7667659802792,1037,254,43,58,23,20,20,38
0.68873527905786,0.741101148633741,1065,226,31,100,11,23,20,77
0.703507194244605,0.740129214446901,1090,201,40,85,14,19,26,66
0.713760658629815,0.767397936763806,1054,237,38,58,19,17,19,41
0.722501810972588,0.768793720164312,1074,217,42,25,20,9,22,16
0.737220099222312,0.772105132319111,1080,211,48,77,22,24,26,53
0.698441765241128,0.771420111903548,1046,245,35,90,16,23,19,67
0.699389396346307,0.717936945002341,1047,244,32,56,10,15,22,41
0.713985516617096,0.779291018385495,1096,195,37,97,15,18,22,79
0.718484383000512,0.719314411452969,1050,241,31,18,18,10,13,8
0.751103275705186,0.790782717442607,1073,218,35,65,18,12,17,53
0.791398031896844,0.819864966450207,1066,225,28,50,19,17,9,33
0.771148738379814,0.809680921094475,1066,225,36,78,20,23,16,55
0.667337507453787,0.698063685318458,1065,226,43,35,16,7,27,28
0.718051170744541,0.722549646449551,1084,207,24,12,8,5,16,7
0.806502816180235,0.853822727715422,1067,224,31,83,19,23,12,60
0.734263193202147,0.781242635547412,1082,209,43,69,18,14,25,55
0.784104447974583,0.8387096992269,1058,233,32,113,16,29,16,84
0.75797698042107,0.7885502219025,1056,235,39,124,17,25,22,99
0.771936825303482,0.831702379366936,1062,229,38,102,21,23,17,79
0.72454631665158,0.776408376912853,1083,208,37,52,16,14,21,38
0.745710718744427,0.775556810183879,1051,240,45,43,23,15,22,28
0.791814403904076,0.823697113728475,1055,236,42,136,21,35,21,101
0.74205078348393,0.742652087285341,1059,232,42,23,21,12,21,11
0.753664888478178,0.790055394597158,1054,237,38,42,18,11,20,31
0.757802547770701,0.815423373235887,1085,206,35,50,18,16,17,34
0.705021159784971,0.775062179030603,1070,221,42,129,17,25,25,104
0.76441167528124,0.810182940806587,1058,233,26,79,14,19,12,60
0.764535437874109,0.788204947224457,1070,221,42,20,18,7,24,13
0.766911122751877,0.767845877200223,1066,225,46,24,25,12,21,12
0.697707317073171,0.723398462104618,1049,242,41,50,15,14,26,36
0.690651296435657,0.735153886125558,1048,243,47,120,17,32,30,88
0.760620652755484,0.790594067400286,1067,224,45,52,18,12,27,40
0.728165477134549,0.748271129161345,1096,195,30,131,10,20,20,111
0.710289236605026,0.756355249685436,1081,210,37,86,17,22,20,64
0.641350210970464,0.645046742366136,1066,225,27,18,11,7,16,11
0.783860327570519,0.815060329482176,1085,206,35,64,17,16,18,48
0.759212265397832,0.788128942006354,1062,229,30,85,13,17,17,68
0.734192439862543,0.798351004122039,1075,216,30,80,13,18,17,62
0.783299029697148,0.844837235019482,1066,225,38,105,20,25,18,80
0.787579113924051,0.838598280277167,1083,208,27,34,16,11,11,23
0.783655135425047,0.812995012718686,1059,232,48,67,27,17,21,50
0.791366426474513,0.836008534501752,1079,212,42,63,26,17,16,46
0.84049135577798,0.841759966176603,1056,235,35,15,24,9,11,6
0.753276409849087,0.754577199070757,1078,213,32,15,14,5,18,10
0.715673339399454,0.75547015426215,1054,237,35,59,15,14,20,45
0.751459293394777,0.794332405378773,1084,207,31,92,17,25,14,67
0.665676061662536,0.715977124179404,1070,221,38,76,13,21,25,55
0.669354838709677,0.674079837365661,1048,243,31,15,14,7,17,8
0.757219218481199,0.756008832719616,1066,225,39,17,20,9,19,8
0.802839024390244,0.82915550537208,1066,225,41,91,22,22,19,69
0.708436755361398,0.772560578286574,1049,242,32,124,16,34,16,90
0.749720223820943,0.802874196074101,1070,221,40,44,21,10,19,34
0.638209432454037,0.678211507646749,1062,229,40,103,11,24,29,79
0.718643120231518,0.745677825467592,1057,234,24,16,8,6,16,10
0.711533538146441,0.744616488564608,1056,235,31,39,13,9,18,30
0.728007682905535,0.780363989929147,1049,242,46,72,25,22,21,50
0.751627172195893,0.780956327037731,1080,211,25,21,14,10,11,11
0.775057344146801,0.778519403372102,1038,253,39,21,22,11,17,10
0.704502581413821,0.766225776587914,1081,210,32,77,14,16,18,61
0.666910742652899,0.725463230285777,1069,222,32,75,12,19,20,56
