"ROC_observed_outcome","ROC_observed_corrected","sum_low_risk","sum_high_risk","sum_outcome_observed","sum_outcome_true","sum_high_risk_observed","sum_high_risk_true","sum_low_risk_observed","sum_low_risk_true"
0.726015457638509,0.748565155780769,1069,222,38,121,15,29,23,92
0.744665781319168,0.765428462851852,1065,226,36,25,16,11,20,14
0.78134193062872,0.804709515073611,1054,237,47,35,28,15,19,20
0.775369978858351,0.828395912117108,1077,214,44,55,23,20,21,35
0.778992265696087,0.776238920573481,1055,236,35,21,21,12,14,9
0.771513944223108,0.817232762239536,1061,230,36,48,22,14,14,34
0.747411970547496,0.797200851728417,1049,242,44,69,25,27,19,42
0.765178152836381,0.800983111298766,1093,198,27,99,12,25,15,74
0.737859712230216,0.734949398888434,1068,223,40,15,20,8,20,7
0.736376715360779,0.781850091432136,1053,238,36,54,20,15,16,39
0.662721951219512,0.707902135816657,1076,215,41,77,16,21,25,56
0.644426751592357,0.691018899330778,1060,231,35,50,10,10,25,40
0.714129188170722,0.763533687865714,1059,232,39,57,18,21,21,36
0.728673794358508,0.762690222958544,1076,215,35,34,15,10,20,24
0.773685615158794,0.818307232607975,1058,233,42,71,23,25,19,46
0.70062259359384,0.740915240645968,1044,247,39,65,17,19,22,46
0.748232120726107,0.786910328681573,1050,241,44,41,23,14,21,27
0.741821602478973,0.786972160857255,1089,202,36,45,17,15,19,30
0.738694267515924,0.789443552330512,1054,237,35,109,17,26,18,83
0.740306530939037,0.791194839512169,1074,217,42,45,21,10,21,35
0.758397193945633,0.79846467651286,1092,199,42,46,18,10,24,36
0.718649220195612,0.765310288725653,1076,215,30,54,13,18,17,36
0.753757768463651,0.783250301829775,1053,238,33,36,15,8,18,28
0.761960975609756,0.80586571571157,1060,231,41,92,23,30,18,62
0.697637967485602,0.757293186196414,1077,214,44,71,16,18,28,53
0.757987711213518,0.796758359746496,1053,238,31,61,18,16,13,45
0.79639175257732,0.818659524553955,1046,245,30,25,17,8,13,17
0.687807665260197,0.73052604486883,1047,244,27,89,10,18,17,71
0.669200954084675,0.715279510783062,1073,218,43,70,12,17,31,53
0.829040164452878,0.85841600461985,1058,233,51,76,34,29,17,47
0.71637823775591,0.754712487501443,1090,201,28,111,12,20,16,91
0.72558378960176,0.772672619992687,1074,217,34,114,16,22,18,92
0.795455830788372,0.836360905818408,1075,216,28,75,17,20,11,55
0.730898475238375,0.780779864154863,1085,206,38,25,19,9,19,16
0.760953561274331,0.80242018073281,1045,246,44,47,24,15,20,32
0.715381829272942,0.762032743254732,1072,219,42,46,17,13,25,33
0.774429785330948,0.799173667595846,1062,229,43,24,21,10,22,14
0.836731707317073,0.860404256697096,1072,219,41,34,25,10,16,24
0.71790775784386,0.780693625647588,1066,225,39,66,18,20,21,46
0.793997205761912,0.831370531855368,1076,215,33,78,15,11,18,67
0.67684816290394,0.738158562896588,1066,225,36,65,11,16,25,49
0.745656274821287,0.797986299089908,1048,243,32,40,18,15,14,25
0.735161632220456,0.800531077870709,1070,221,33,43,15,11,18,32
0.727064383805957,0.766596087552654,1085,206,45,65,20,14,25,51
0.680471140997457,0.726574870021273,1042,249,37,56,16,16,21,40
0.772599781572677,0.778071125060818,1071,220,32,19,14,9,18,10
0.657366957903098,0.721406201473837,1080,211,32,94,10,24,22,70
0.708760353783518,0.758004904730761,1055,236,34,50,18,16,16,34
0.72367106314948,0.727087563760836,1052,239,40,13,19,4,21,9
0.70939512195122,0.762994285285323,1087,204,41,95,20,20,21,75
0.730758705616748,0.761638788764002,1082,209,47,91,20,21,27,70
0.810160877052968,0.827489188977065,1079,212,38,51,20,15,18,36
0.704549935916395,0.752071908607779,1057,234,49,128,21,34,28,94
0.773992692410834,0.818464559286299,1058,233,48,69,27,26,21,43
0.663778611147032,0.694047123225779,1051,240,37,64,18,17,19,47
0.693382895060211,0.729906288166171,1071,220,39,74,18,21,21,53
0.713364055299539,0.765422810789812,1076,215,31,100,14,21,17,79
0.726222420989863,0.777515765100673,1047,244,43,41,28,20,15,21
0.761023622047244,0.778114435663102,1067,224,21,57,10,15,11,42
0.751895268847396,0.789130717976685,1062,229,34,62,17,17,17,45
0.72166584746457,0.775002993902581,1060,231,39,118,17,32,22,86
0.743291983168479,0.783766263964534,1072,219,29,41,15,10,14,31
0.769273729150119,0.771097355933463,1052,239,32,20,18,11,14,9
0.757138114209827,0.799237933629031,1079,212,36,54,18,18,18,36
0.720826932923707,0.789963045125437,1065,226,31,97,16,26,15,71
0.775708277999115,0.794962045807418,1053,238,36,65,21,22,15,43
0.75857784826857,0.801113808505293,1063,228,30,92,13,21,17,71
0.761890623232666,0.814300476381387,1079,212,28,46,9,12,19,34
0.761231632247816,0.801210970955203,1066,225,32,55,18,18,14,37
0.655812238879331,0.692069298650452,1073,218,39,31,17,12,22,19
0.736779914829894,0.770783477604549,1061,230,34,24,17,10,17,14
0.736370525108544,0.733599336293264,1060,231,39,19,16,6,23,13
0.743466511596087,0.802366231562176,1078,213,47,34,23,14,24,20
0.815937019969278,0.877015362864883,1036,255,31,135,22,43,9,92
0.772260624679979,0.822019668183054,1055,236,31,47,19,14,12,33
0.683493633531887,0.755538956930618,1039,252,29,70,14,17,15,53
0.740964199931374,0.786501918472217,1064,227,42,108,21,27,21,81
0.739148681055156,0.804923845280809,1067,224,40,92,18,24,22,68
0.793668292682927,0.843861858427953,1057,234,41,181,23,57,18,124
0.697810250441829,0.728026033675261,1050,241,37,69,16,15,21,54
0.771966838760921,0.800596908524232,1070,221,32,26,17,10,15,16
0.787161055132301,0.818518713470277,1068,223,39,68,17,16,22,52
0.765384483820209,0.834689128705525,1033,258,47,65,28,27,19,38
0.721266788338247,0.784151808875413,1060,231,34,44,19,12,15,32
0.734705621956618,0.775387107792076,1052,239,36,57,17,14,19,43
0.775389025389025,0.833546008258396,1059,232,33,68,16,20,17,48
0.778038733921087,0.816615821775502,1062,229,33,70,17,12,16,58
0.70845759650523,0.710765781095945,1052,239,38,17,18,9,20,8
0.701733049559137,0.76906862219483,1062,229,26,106,12,23,14,83
0.762683677521843,0.792060072311158,1061,230,32,35,18,15,14,20
0.742704606440071,0.784218558385546,1061,230,43,84,22,26,21,58
0.814785090065989,0.855404977847125,1067,224,45,87,23,30,22,57
0.810203629924745,0.843654443047927,1075,216,36,59,24,22,12,37
0.744096906278435,0.74704925664473,1086,205,35,23,14,8,21,15
0.755833002382843,0.769108971219988,1052,239,32,21,17,10,15,11
0.712420571882446,0.757544015197759,1091,200,32,82,12,14,20,68
0.70932055114092,0.739489371772541,1060,231,44,30,16,9,28,21
0.76969157041042,0.77282654738354,1065,226,39,23,20,13,19,10
0.7350569160331,0.778915779508606,1030,261,38,60,20,17,18,43
0.786752988047809,0.819646071268149,1045,246,36,97,20,23,16,74
0.76254099582588,0.803269621836579,1086,205,43,66,22,17,21,49
0.720903010033445,0.764793706704582,1052,239,26,109,12,28,14,81
0.768975511404209,0.812179506795912,1048,243,38,74,17,24,21,50
0.704929231105525,0.788750415250861,1070,221,29,73,15,21,14,52
0.74566478646253,0.793327939126564,1074,217,50,100,22,27,28,73
0.658521469676848,0.701003595393455,1080,211,36,35,14,9,22,26
0.763067596934691,0.795031964011296,1059,232,42,34,21,13,21,21
0.806822967850625,0.802621915686818,1062,229,34,21,20,13,14,8
0.664167324388319,0.781869146944774,1055,236,24,33,13,7,11,26
0.77027378097522,0.808664135943609,1070,221,40,51,20,11,20,40
0.764777131782946,0.817261450374193,1075,216,43,91,24,23,19,68
0.701542714464063,0.757055201090904,1070,221,45,97,15,23,30,74
0.790502597220272,0.831592683296876,1051,240,34,62,22,16,12,46
0.710048694112439,0.780111187639237,1075,216,36,102,16,22,20,80
0.757874733961691,0.797504709880642,1099,192,26,146,12,25,14,121
0.709136169662485,0.74662189591042,1065,226,37,82,14,20,23,62
0.750192706075059,0.785930437664732,1052,239,33,58,14,19,19,39
0.711853558627752,0.75637495209362,1058,233,31,66,12,18,19,48
0.735402833111996,0.734611799006211,1067,224,36,17,18,9,18,8
0.663884472708002,0.721450918888832,1073,218,33,64,11,9,22,55
0.741003322570078,0.771843448061068,1045,246,34,51,16,17,18,34
0.768168886589939,0.812825293702233,1062,229,37,30,21,15,16,15
0.676057779799818,0.678657090984268,1052,239,35,15,16,4,19,11
0.70542911332385,0.768614674127011,1048,243,37,144,18,26,19,118
0.703717026378897,0.702091517741497,1059,232,40,17,16,7,24,10
0.700486941124391,0.757439106602629,1063,228,36,54,14,16,22,38
0.752064246126004,0.78100850682531,1068,223,28,32,14,11,14,21
0.738284352660842,0.740885634070681,1071,220,32,18,12,7,20,11
0.745494111623144,0.791782502918497,1076,215,31,85,13,13,18,72
0.716833077316948,0.723535479499773,1087,204,31,16,11,6,20,10
0.694730990741416,0.736936287840689,1068,223,44,54,17,15,27,39
0.714355975736379,0.775072362419519,1066,225,29,100,15,19,14,81
0.793107069349351,0.817430231632431,1069,222,38,90,22,21,16,69
0.761490099725394,0.780280811814727,1056,235,33,23,16,10,17,13
0.823365853658537,0.870113226337581,1064,227,41,48,30,22,11,26
0.671441172764313,0.709815535010682,1051,240,38,70,17,20,21,50
0.713056790843479,0.754938204769792,1075,216,44,113,20,27,24,86
0.763594459263419,0.803805444497763,1066,225,34,79,21,24,13,55
0.743161735504369,0.791483974331563,1078,213,32,75,18,20,14,55
0.787793506111648,0.817301383462161,1062,229,38,24,23,9,15,15
0.725924035867901,0.761443056990758,1073,218,44,89,21,32,23,57
0.777777777777778,0.819986704234329,1077,214,31,36,18,6,13,30
0.809205275759231,0.85099698769588,1070,221,38,54,24,15,14,39
0.711895321173672,0.762702623349673,1059,232,30,44,14,14,16,30
0.779293381037567,0.820268351285631,1066,225,43,112,27,30,16,82
0.756278705256251,0.790451861050878,1078,213,44,36,23,9,21,27
0.720473157415833,0.74708324863305,1055,236,35,43,16,18,19,25
0.762462111903007,0.814212481916407,1065,226,39,46,20,12,19,34
0.767290022494186,0.771949948019289,1058,233,42,19,23,10,19,9
0.75601916203336,0.791011235668819,1072,219,32,70,16,14,16,56
0.673229912490056,0.735628848816641,1074,217,34,77,16,18,18,59
0.761422906159748,0.795811518327769,1041,250,37,119,18,21,19,98
0.744239631336405,0.789648192316926,1069,222,31,53,16,18,15,35
0.728443034628602,0.777592518924464,1083,208,30,95,12,21,18,74
0.775054039952296,0.812762629422005,1091,200,43,44,21,15,22,29
0.7772406733394,0.788625730891795,1055,236,35,19,19,9,16,10
0.728929758060742,0.768541246994475,1086,205,34,119,15,22,19,97
0.737175970374434,0.776769084180103,1063,228,23,25,9,7,14,18
0.80362908886705,0.85557602614783,1067,224,34,62,20,17,14,45
0.776342129208371,0.816355941860875,1060,231,35,130,19,26,16,104
0.727682227682228,0.77590149839528,1086,205,33,99,14,19,19,80
0.73488209432454,0.733349961364852,1077,214,40,18,19,8,21,10
0.821528398926655,0.858193049702086,1062,229,43,48,30,19,13,29
0.743134846076022,0.780183747859141,1068,223,33,27,17,8,16,19
0.756325703694125,0.813123448221791,1056,235,37,89,19,25,18,64
0.760778289810548,0.786699106639683,1074,217,31,31,16,8,15,23
0.721548522790759,0.772280372069279,1064,227,49,65,21,22,28,43
0.739309428950863,0.795031283584178,1060,231,36,98,19,31,17,67
0.669573754241488,0.727391460301848,1079,212,42,62,15,16,27,46
0.714575609756098,0.754473422794991,1059,232,41,97,19,22,22,75
0.814298750526463,0.850896095449664,1078,213,34,107,19,29,15,78
0.809971838197645,0.840812058555294,1046,245,31,37,19,15,12,22
0.78923860911271,0.806296024662901,1087,204,40,23,23,17,17,6
0.754853772425657,0.785481853253701,1058,233,39,19,23,10,16,9
0.693887667571878,0.782753138619585,1085,206,37,117,17,18,20,99
0.727372374089748,0.774806830499428,1054,237,42,54,23,15,19,39
0.699922532093847,0.703458885420122,1084,207,36,21,18,9,18,12
0.739324116743471,0.738034958368553,1085,206,31,12,12,3,19,9
0.690995808642867,0.744049173264717,1077,214,33,124,15,26,18,98
0.772222222222222,0.821542096558596,1067,224,36,97,20,23,16,74
0.724291722000885,0.763499052234319,1068,223,36,55,15,14,21,41
0.744931187023839,0.783545407627361,1075,216,39,64,19,10,20,54
0.737898089171975,0.790462727656132,1065,226,35,77,15,18,20,59
0.782663679722503,0.852320404140148,1053,238,33,85,16,20,17,65
0.75578905630452,0.784019991742559,1075,216,30,52,13,15,17,37
0.738194208799909,0.795300196106423,1064,227,28,46,16,13,12,33
0.813376856118792,0.85007204529337,1045,246,31,39,18,15,13,24
0.748830080958398,0.80199697559484,1089,202,34,87,17,21,17,66
0.730144589170148,0.731680697110014,1067,224,39,20,18,11,21,9
0.771802557953637,0.774680946977149,1043,248,40,25,25,17,15,8
0.765195291599786,0.815483970801134,1082,209,45,113,23,34,22,79
0.788969420174742,0.833614657152889,1081,210,32,113,18,22,14,91
0.798276716611384,0.822379060796762,1062,229,42,114,23,28,19,86
0.75936462778568,0.773990908046272,1106,185,37,26,15,5,22,21
0.734318282425852,0.775146210576136,1061,230,36,59,18,16,18,43
0.709290841643783,0.755751528532741,1075,216,33,54,13,12,20,42
0.736844718030183,0.785140496291794,1082,209,32,106,15,24,17,82
0.77410071942446,0.819166556382289,1063,228,40,120,20,35,20,85
0.74124203821656,0.787894659546365,1075,216,35,64,17,19,18,45
0.673268366446843,0.724185728261194,1062,229,38,73,13,19,25,54
0.714588228864965,0.744509936905709,1052,239,29,40,12,11,17,29
0.697086293080768,0.761641455026502,1077,214,24,131,12,24,12,107
0.724928634938462,0.760492255130316,1077,214,34,27,17,7,17,20
0.690712195121951,0.733044471177307,1067,224,41,48,18,10,23,38
0.743589743589744,0.788233399474298,1044,247,43,69,24,24,19,45
0.662842144731909,0.684422353885097,1100,191,21,75,7,14,14,61
0.775682723863104,0.818771120535119,1063,228,27,32,14,11,13,21
0.741230664240218,0.79796660390033,1076,215,35,105,13,23,22,82
0.669131707317073,0.708211334954751,1051,240,41,86,15,19,26,67
0.731608280254777,0.744915455973206,1068,223,35,25,17,12,18,13
0.748992747784045,0.791738440646387,1077,214,50,73,20,17,30,56
0.720019618334225,0.739943940496432,1059,232,45,28,21,12,24,16
0.806515616999488,0.80507216854936,1053,238,31,18,19,11,12,7
0.755058572949947,0.811013295892688,1037,254,39,71,23,20,16,51
0.771206565392003,0.810702322110609,1081,210,46,88,22,20,24,68
0.720827907758222,0.764844297855286,1084,207,38,79,12,23,26,56
0.74158860839249,0.791934149632779,1069,222,38,68,16,15,22,53
0.73611237488626,0.808752685681446,1090,201,35,122,18,29,17,93
0.719526864474739,0.753143729587127,1056,235,44,43,21,18,23,25
0.810087045570916,0.839416463465756,1081,210,31,88,20,20,11,68
0.745378904249872,0.771509176247298,1057,234,31,25,14,11,17,14
0.748694112439132,0.80858902379587,1063,228,36,47,20,17,16,30
0.752026714831772,0.786964855322439,1042,249,38,50,18,11,20,39
0.736798962979908,0.783559153191046,1088,203,42,58,20,17,22,41
0.692741216336722,0.697084261687947,1070,221,45,20,19,9,26,11
0.727417256829022,0.767210297980573,1096,195,33,37,16,10,17,27
0.71707103268861,0.750645732122801,1086,205,28,28,11,10,17,18
0.77968583599574,0.826450430396165,1096,195,39,90,19,24,20,66
0.813173933427098,0.834623421936766,1085,206,27,47,14,16,13,31
0.778120849933599,0.773642346673391,1040,251,36,23,20,14,16,9
0.765968220708923,0.827083062502635,1070,221,46,80,26,23,20,57
0.750542076887014,0.804278244833092,1050,241,27,79,15,14,12,65
0.749181073703367,0.803897228585371,1088,203,35,115,17,25,18,90
0.791758265442476,0.824207390809821,1043,248,37,53,21,16,16,37
0.746675820205232,0.783266977416823,1047,244,33,34,16,13,17,21
0.711177512173528,0.713163579795372,1090,201,36,27,18,12,18,15
0.774871127812304,0.774583412386403,1064,227,33,19,17,10,16,9
0.733348583628808,0.740665507382054,1062,229,42,17,21,9,21,8
0.70699218536532,0.749367292613363,1064,227,29,33,13,11,16,22
0.787045040946315,0.823669990081438,1071,220,35,50,21,16,14,34
0.772202001819836,0.789375492578446,1074,217,35,106,16,29,19,77
0.777912195121951,0.831142659360946,1069,222,41,145,21,29,20,116
0.750942082411731,0.816253149646361,1058,233,39,66,21,22,18,44
0.714058234758872,0.746576356014274,1073,218,35,24,15,7,20,17
0.827676447264076,0.858450763001343,1068,223,30,37,16,10,14,27
0.7527340174399,0.756357597805013,1056,235,33,14,20,12,13,2
0.738513235495817,0.779039971821409,1067,224,23,70,10,21,13,49
0.736266806355858,0.785691358285937,1053,238,46,89,23,18,23,71
0.784837969287939,0.840169112457531,1060,231,29,80,17,23,12,57
0.7056197263865,0.735307163957302,1062,229,39,46,14,13,25,33
0.718075539568345,0.768675948861646,1077,214,40,102,20,18,20,84
0.673401870770292,0.674498756018526,1046,245,37,22,13,9,24,13
0.71808553157474,0.716946047596974,1055,236,40,25,18,8,22,17
0.656892889087657,0.710242863408913,1057,234,43,73,16,24,27,49
0.770398132219218,0.796980411625565,1045,246,39,49,21,14,18,35
0.747452038369305,0.752103015788265,1061,230,40,16,20,8,20,8
0.752141157811261,0.784812167092368,1055,236,30,57,12,14,18,43
0.730126958709825,0.734462815770923,1073,218,42,23,15,10,27,13
0.721731763866595,0.743542127039809,1072,219,45,30,17,9,28,21
0.747841983235242,0.800192408185684,1052,239,45,139,22,37,23,102
0.781235011990408,0.783926887190081,1073,218,40,23,22,12,18,11
0.777108115252445,0.769169223596945,1055,236,30,13,10,7,20,6
0.686382906971142,0.71864589869516,1077,214,33,62,11,8,22,54
0.73219528003355,0.78186898086059,1060,231,42,89,22,26,20,63
0.732042202630438,0.776276613516867,1046,245,33,90,14,22,19,68
0.751831975516186,0.788687965689572,1045,246,37,96,15,27,22,69
0.770883218170623,0.810531732648591,1080,211,47,51,23,18,24,33
0.731505292188432,0.771208435249838,1071,220,43,63,17,20,26,43
0.713114194722475,0.727397935422604,1064,227,35,20,19,12,16,8
0.682120804805309,0.723497953897634,1047,244,38,84,15,14,23,70
0.699300625866342,0.749818867939186,1076,215,38,55,17,15,21,40
0.802096494922551,0.851195167146343,1064,227,34,91,23,27,11,64
0.740536585365854,0.79005569141428,1060,231,41,85,19,22,22,63
0.724668893577121,0.796431848100932,1071,220,27,101,14,24,13,77
0.79172322135505,0.843731551023912,1082,209,28,84,15,19,13,65
0.746670115091168,0.748993712907188,1081,210,37,20,18,9,19,11
0.775706279309161,0.819319118047182,1088,203,42,101,23,27,19,74
0.768203940287332,0.798127239626573,1089,202,34,27,18,9,16,18
0.702083420842609,0.765340132554072,1068,223,38,45,18,12,20,33
0.756872509960159,0.792508790532789,1058,233,36,53,18,13,18,40
0.695898265216113,0.736186220273653,1057,234,38,99,13,18,25,81
0.699027975343765,0.770196226085819,1089,202,37,55,15,15,22,40
0.722949132608056,0.753682971829972,1071,220,38,32,16,10,22,22
0.719504263621911,0.750960305936345,1049,242,33,63,16,19,17,44
0.694662058371736,0.735541776990376,1068,223,31,49,12,13,19,36
0.742308363890344,0.790236200614399,1072,219,46,120,22,24,24,96
0.686701742346258,0.726078287064996,1045,246,42,98,18,26,24,72
0.751822724666175,0.780435025657715,1077,214,39,35,14,13,25,22
0.726970981629367,0.769731577460577,1057,234,49,104,20,27,29,77
0.80036501474098,0.8460493448556,1085,206,34,112,21,28,13,84
0.818873909595559,0.858382208331294,1084,207,30,56,18,16,12,40
0.69852810978309,0.735728672539924,1078,213,36,41,14,14,22,27
0.732467383088501,0.784610460298404,1072,219,49,114,23,28,26,86
0.65715565796211,0.714453378690137,1050,241,31,47,11,13,20,34
0.790759185480301,0.81023511068156,1054,237,36,33,21,15,15,18
0.721549901581979,0.766717774218534,1053,238,44,58,18,14,26,44
0.684144116752812,0.73287405122781,1089,202,26,66,12,16,14,50
0.740026214467109,0.775030896594463,1057,234,39,70,19,19,20,51
0.76809024979855,0.79980822552249,1064,227,50,62,22,20,28,42
0.714548361310951,0.75472566541102,1068,223,40,46,17,15,23,31
0.703877387624385,0.756694033372645,1069,222,42,94,18,22,24,72
0.749552772808587,0.780604943341707,1057,234,43,64,20,25,23,39
0.743221110100091,0.785812583117696,1072,219,35,80,16,20,19,60
0.771298978086234,0.84451237394228,1078,213,29,108,14,24,15,84
0.732284756142014,0.734819460691171,1051,240,44,17,19,7,25,10
0.76699948796723,0.76319234061043,1053,238,31,12,16,5,15,7
0.810560675883257,0.844104277824469,1065,226,31,48,18,15,13,33
0.757706282231599,0.789238945336156,1088,203,27,144,12,25,15,119
0.723932066037329,0.7576271899941,1034,257,37,97,19,20,18,77
0.718532399442943,0.784553106930404,1073,218,39,59,19,17,20,42
0.756809756097561,0.790303416209542,1055,236,41,71,20,23,21,48
0.710612526402,0.774003590367716,1070,221,37,84,15,22,22,62
0.686625485516402,0.718636429237176,1076,215,34,58,11,14,23,44
0.739331562638335,0.798387240750723,1055,236,36,104,14,27,22,77
0.738489208633094,0.772757292328401,1066,225,40,108,16,27,24,81
0.780518284661931,0.844679828214361,1055,236,24,90,12,20,12,70
0.713094284951771,0.754762399402536,1072,219,42,34,21,13,21,21
0.699155145929339,0.736448254899873,1044,247,31,78,11,17,20,61
0.755588756086764,0.791236825139573,1075,216,36,31,19,12,17,19
0.797061611374408,0.854423457249681,1087,204,25,50,14,16,11,34
0.703935599284437,0.762182195325107,1100,191,43,83,14,19,29,64
0.709330321683876,0.746712951536511,1055,236,32,74,13,17,19,57
0.749700239808153,0.775486297085409,1083,208,40,40,17,9,23,31
0.704440877474586,0.756861671875034,1055,236,45,67,19,21,26,46
0.785646312450436,0.786982514955625,1079,212,30,15,15,7,15,8
0.772611464968153,0.822069484483077,1063,228,35,119,18,31,17,88
0.734733942803563,0.765924830477645,1078,213,27,102,12,20,15,82
0.707251950134869,0.752334258471717,1063,228,44,56,19,15,25,41
0.719567774184063,0.768510717852858,1065,226,38,46,19,19,19,27
0.815060240963855,0.83949709874441,1055,236,46,64,27,26,19,38
0.739137462821673,0.786343125272553,1045,246,37,85,20,29,17,56
0.755175238284353,0.793857380010095,1083,208,32,53,13,14,19,39
0.719903691813804,0.724171072588428,1075,216,45,21,21,7,24,14
0.797157205051942,0.822677266994919,1072,219,37,63,16,14,21,49
0.710852104068448,0.741583832663299,1055,236,46,18,22,6,24,12
0.77217139316177,0.808475040159244,1071,220,44,124,26,31,18,93
0.805941463414634,0.84765078798006,1085,206,41,68,25,19,16,49
0.735194102462272,0.739785016856807,1074,217,32,13,18,5,14,8
0.67313836323421,0.739716439298857,1080,211,39,53,14,12,25,41
0.718994804156675,0.758454072320152,1043,248,40,75,17,19,23,56
0.783450864422202,0.815557039925254,1058,233,35,44,18,14,17,30
0.694643647631696,0.745952695884758,1050,241,36,49,15,14,21,35
0.68380162827641,0.752057647263778,1047,244,32,119,14,26,18,93
0.782949188056574,0.827762416433193,1067,224,46,156,28,36,18,120
0.759410405485987,0.800895941225352,1054,237,43,55,23,17,20,38
0.739501819836215,0.796333042715929,1087,204,35,104,18,22,17,82
0.750181983621474,0.764935959116369,1065,226,35,19,13,6,22,13
0.778920398708409,0.805345494984067,1066,225,34,119,13,26,21,93
0.825752545374059,0.850670666573418,1077,214,36,60,18,11,18,49
0.673655913978495,0.71118231245844,1056,235,51,98,16,25,35,73
0.753317281968968,0.797310053786744,1081,210,45,102,23,21,22,81
0.791316946442846,0.830329655504717,1066,225,40,68,22,19,18,49
0.737666811196223,0.758650817422831,1063,228,33,27,14,10,19,17
0.699829390354868,0.741210482782325,1040,251,35,86,16,20,19,66
0.695203782073278,0.693161522793443,1059,232,42,21,20,8,22,13
0.754231119199272,0.785935238293914,1058,233,35,60,16,14,19,46
0.767565424266455,0.787034313134581,1052,239,30,27,18,13,12,14
0.797063160481691,0.852023309889685,1075,216,39,72,22,18,17,54
0.748169939111993,0.797961404162226,1069,222,47,47,25,20,22,27
0.705401772587894,0.762892272578828,1049,242,38,28,18,9,20,19
0.751505516211398,0.793356114538771,1091,200,33,86,13,22,20,64
0.801075268817204,0.803525839196583,1081,210,31,15,18,7,13,8
0.797463414634146,0.835994990568796,1054,237,41,107,24,30,17,77
0.781125893566323,0.816135663852825,1091,200,32,99,15,22,17,77
0.740778184600251,0.776270359207938,1083,208,29,67,12,11,17,56
0.73698262243286,0.798290038928991,1066,225,25,82,15,22,10,60
0.764068100358423,0.80973860700744,1078,213,31,76,15,20,16,56
0.714211108380437,0.74202721947897,1095,196,39,109,13,23,26,86
0.761686586985392,0.779985754606557,1066,225,36,20,15,8,21,12
0.795971809129704,0.832444717113875,1068,223,37,119,19,27,18,92
0.723823064770932,0.767090943022946,1061,230,25,79,12,20,13,59
0.716943106830747,0.750344992598149,1078,213,45,22,24,9,21,13
0.719537534789737,0.777006171207058,1077,214,42,93,20,19,22,74
0.737007168458781,0.736737500442255,1084,207,31,15,14,8,17,7
0.721146755162242,0.72285408814511,1045,246,48,22,27,11,21,11
0.770521876285832,0.806100227371204,1069,222,23,41,9,9,14,32
0.721894904458599,0.765614511495756,1085,206,35,59,16,14,19,45
0.729916067146283,0.73241234038689,1082,209,40,17,17,8,23,9
0.719525769731592,0.766677190133763,1083,208,38,83,12,14,26,69
0.766387277025575,0.797593622681367,1063,228,22,31,10,10,12,21
0.761540767386091,0.788733291619659,1077,214,40,84,16,24,24,60
0.798549886785181,0.832629839688165,1067,224,33,102,19,24,14,78
0.724078048780488,0.768687373922698,1028,263,41,104,21,29,20,75
0.723494909251881,0.777628441006224,1068,223,36,62,19,21,17,41
0.732539913975359,0.766774839970334,1083,208,44,109,15,29,29,80
0.78839928057554,0.793240113057608,1074,217,40,16,23,10,17,6
0.736075672523147,0.774667652703977,1075,216,44,71,21,16,23,55
0.74479386026487,0.747463764033856,1075,216,34,17,16,6,18,11
0.783157549592874,0.827132711703978,1069,222,29,83,12,17,17,66
0.753526645768025,0.801527660221016,1071,220,44,62,22,23,22,39
0.722260698403441,0.750681932584406,1065,226,44,78,19,23,25,55
0.681059401647637,0.681583477504812,1068,223,33,16,11,7,22,9
0.738064195691314,0.791357034878414,1038,253,52,91,27,23,25,68
0.720773381294964,0.761391010468698,1045,246,40,113,20,24,20,89
0.743615323224262,0.752848520998836,1087,204,38,16,20,7,18,9
0.765741677506383,0.809224272017773,1054,237,33,101,16,28,17,73
0.709307317073171,0.752334240035631,1072,219,41,45,18,12,23,33
0.712271644162033,0.739337068855111,1043,248,32,48,15,19,17,29
0.665211862580284,0.671670478897796,1069,222,37,16,15,4,22,12
0.772599031606237,0.815525234885044,1055,236,42,63,23,27,19,36
0.784489213346436,0.853109263867408,1068,223,34,43,22,11,12,32
0.747758256178465,0.775733755188631,1050,241,44,58,21,22,23,36
0.70140487804878,0.726871467603799,1061,230,41,32,18,15,23,17
0.779119284945482,0.820918190851868,1075,216,34,65,19,21,15,44
0.827491428145498,0.844334820563958,1062,229,43,42,25,18,18,24
0.78389656938044,0.814940500882053,1070,221,31,87,16,22,15,65
0.760829493087558,0.796561507829296,1060,231,31,57,15,17,16,40
0.687644390305372,0.741319133698647,1060,231,38,45,17,16,21,29
0.731938876675719,0.766541970857582,1086,205,37,59,15,17,22,42
0.725931800158604,0.764223104325753,1069,222,30,62,10,18,20,44
0.748696882446386,0.802680014428026,1063,228,32,68,14,13,18,55
0.764410828025478,0.804700700988339,1075,216,35,52,17,13,18,39
0.679031879981247,0.73178147215672,1087,204,27,86,9,14,18,72
0.781278604808017,0.829867829991299,1060,231,33,84,19,24,14,60
0.826740196078431,0.869118774832586,1065,226,16,99,9,22,7,77
0.759362549800797,0.791234908084681,1093,198,36,26,18,8,18,18
0.764513193812557,0.833576703799921,1065,226,35,32,15,9,20,23
0.789216653512234,0.824705804075543,1062,229,24,78,13,22,11,56
0.748948649845064,0.806436648590783,1057,234,36,59,19,18,17,41
0.701075802148183,0.706113018597216,1085,206,47,19,22,7,25,12
0.671071270473661,0.711978425080922,1077,214,36,44,15,9,21,35
0.766271380949779,0.807754409060753,1063,228,29,59,16,19,13,40
0.777556968733439,0.803281970617279,1079,212,33,25,16,9,17,16
0.728765969394918,0.733665589783767,1075,216,34,25,15,15,19,10
0.747034146341463,0.797569757644316,1066,225,41,37,19,12,22,25
0.808975377283558,0.840999656554576,1075,216,32,34,19,14,13,20
0.71380487804878,0.754933346582248,1067,224,41,35,17,8,24,27
0.763119504396483,0.821295536073188,1073,218,40,77,18,16,22,61
0.743891102257636,0.786531272448608,1073,218,36,64,15,11,21,53
0.753239279137069,0.825315834473815,1065,226,24,152,12,28,12,124
0.730516401569033,0.766591980359811,1068,223,37,23,18,12,19,11
0.703936206311503,0.802366839574815,1053,238,28,125,12,30,16,95
0.755863414634146,0.804527229344486,1069,222,41,122,21,35,20,87
0.672281619654231,0.709416921846149,1040,251,35,47,14,11,21,36
0.774690064606251,0.822403590758053,1061,230,46,91,28,27,18,64
0.78563981042654,0.804822256866027,1068,223,25,37,13,9,12,28
0.758214634146341,0.825008044345448,1066,225,41,160,24,43,17,117
0.75835888604192,0.760249058139979,1054,237,38,19,19,12,19,7
0.736946341463415,0.796470930572286,1053,238,41,109,19,26,22,83
0.762217795484728,0.802961612071504,1067,224,36,101,19,24,17,77
0.719518471920393,0.762334096868547,1075,216,42,61,18,22,24,39
0.787549800796813,0.813892546737237,1072,219,36,34,17,10,19,24
0.737553342816501,0.774932789064425,1084,207,37,60,15,14,22,46
0.739568345323741,0.780449017706249,1081,210,40,54,17,15,23,39
0.713809142552137,0.753883705732363,1069,222,42,32,21,13,21,19
0.704617719323602,0.758958834363988,1066,225,33,25,18,14,15,11
0.722349986782976,0.780865761785315,1072,219,30,105,14,20,16,85
0.779103885804917,0.799007536394406,1077,214,30,25,13,9,17,16
0.741641373994315,0.779510526921243,1066,225,33,42,15,13,18,29
0.742622547680201,0.78107867866242,1075,216,29,64,15,20,14,44
0.715023696682464,0.712933412312638,1065,226,25,8,11,3,14,5
0.759072741806555,0.796621880388614,1054,237,40,134,19,29,21,105
0.733350575455839,0.794552484108315,1076,215,37,36,20,14,17,22
0.695568774516143,0.702413742803997,1064,227,37,25,15,11,22,14
0.775722945850742,0.823138196864347,1088,203,39,47,20,15,19,32
0.716769073220686,0.754089239341636,1086,205,31,95,13,18,18,77
0.808322859172632,0.831148649996454,1051,240,29,81,16,17,13,64
0.708073541167066,0.711715555616565,1070,221,40,17,19,8,21,9
0.749156076250993,0.786237555378493,1057,234,32,107,17,24,15,83
0.755947660586836,0.756116449076425,1060,231,30,19,15,7,15,12
0.726916203335981,0.756162212408926,1042,249,32,42,15,16,17,26
0.763273430391265,0.806829459959866,1072,219,35,52,19,21,16,31
0.751694081643806,0.797274617305953,1076,215,29,24,13,9,16,15
0.779648696722994,0.816382103301928,1067,224,47,44,24,19,23,25
0.820659775007601,0.825630175419033,1081,210,26,11,18,7,8,4
0.721482075976458,0.784835046288263,1044,247,45,141,23,35,22,106
0.760585365853659,0.787847581435016,1069,222,41,42,21,14,20,28
0.76790243902439,0.815707901468339,1066,225,41,110,23,28,18,82
0.756925720327782,0.793647773588417,1084,207,30,61,14,15,16,46
0.733890214797136,0.787795231734565,1066,225,34,93,17,24,17,69
0.718528163985383,0.765627315150395,1076,215,38,58,15,17,23,41
0.684152585765489,0.711016680669449,1067,224,31,37,13,10,18,27
0.721701546860783,0.744177013081958,1087,204,35,46,11,8,24,38
0.757846392208942,0.820710383869563,1088,203,36,75,19,19,17,56
0.731963645673323,0.779304878349067,1071,220,31,98,10,24,21,74
0.783110642287858,0.824293810982274,1075,216,27,37,13,10,14,27
0.703590243902439,0.74869208499796,1047,244,41,91,18,18,23,73
0.759948451124922,0.762008052766496,1073,218,33,22,16,11,17,11
0.736734247773103,0.783539214455855,1070,221,29,40,14,18,15,22
0.690440020953379,0.736877686791396,1066,225,46,65,22,19,24,46
0.799727024567789,0.83658247999161,1065,226,35,82,22,26,13,56
0.721033558379666,0.763584003531443,1076,215,32,39,15,10,17,29
0.741346341463415,0.746164376295603,1070,221,41,19,20,8,21,11
0.809829635617833,0.834872950839022,1054,237,54,41,33,21,21,20
0.699774126290707,0.724846293610448,1071,220,32,27,12,7,20,20
0.774878408656211,0.825147091707731,1065,226,29,76,16,20,13,56
0.793626360228,0.850762113029739,1069,222,53,90,31,24,22,66
0.797986653093541,0.822936308449171,1064,227,28,26,17,8,11,18
0.704742948134668,0.745388406688239,1066,225,35,30,17,12,18,18
0.693209156521105,0.74867319176145,1079,212,44,100,17,23,27,77
0.773493347895155,0.807015490677551,1083,208,32,48,18,16,14,32
0.761329652634,0.795210204298362,1058,233,49,100,23,31,26,69
0.671239756806767,0.704230691818318,1084,207,30,136,9,24,21,112
0.694887698781354,0.692246889508836,1067,224,29,13,11,5,18,8
0.771842525979217,0.779821330079378,1066,225,40,17,20,9,20,8
0.733964143426295,0.78712498808203,1039,252,36,71,20,18,16,53
0.700509074811864,0.744506314265382,1073,218,36,41,16,10,20,31
0.756306043595538,0.791737678810088,1066,225,44,55,21,18,23,37
0.793968023255814,0.841791737540632,1054,237,43,96,25,31,18,65
0.758148863779561,0.808179587365125,1080,211,38,57,21,21,17,36
0.76033173461231,0.783129636389655,1052,239,40,43,21,16,19,27
0.752957233848954,0.801165298897649,1064,227,35,112,19,25,16,87
0.706540036396724,0.743053475604433,1049,242,35,96,14,24,21,72
0.620814664932312,0.667120243289879,1086,205,33,78,8,15,25,63
0.774509133201067,0.81649809031944,1055,236,47,65,22,12,25,53
0.780663578080397,0.797976880780069,1080,211,34,121,13,22,21,99
0.658404393698511,0.69152508100951,1077,214,33,35,11,8,22,27
0.765227859412232,0.798756810343715,1086,205,32,27,16,9,16,18
0.80042242703533,0.83904977760155,1080,211,31,61,14,15,17,46
0.770208828971715,0.798935647922095,1095,196,30,22,14,6,16,16
0.700691333044274,0.699423829116594,1074,217,33,15,16,7,17,8
0.751731430081946,0.766168351864641,1042,249,30,64,10,14,20,50
0.748577524893314,0.81085470112341,1041,250,37,95,17,28,20,67
0.697421425409473,0.735721439460864,1067,224,36,95,15,17,21,78
0.771642794136179,0.806669751171341,1067,224,38,51,23,20,15,31
0.693864908073541,0.7166530920931,1068,223,40,30,14,8,26,22
0.708855985171775,0.743450149282489,1071,220,37,96,12,23,25,73
0.78104129037678,0.804372146740899,1076,215,38,69,19,14,19,55
0.697573803868341,0.724804698908374,1045,246,28,75,10,18,18,57
0.815415494608532,0.86015876386631,1070,221,27,89,15,26,12,63
0.695990272593598,0.744713571666024,1058,233,28,63,9,18,19,45
0.666429859555167,0.738245206426805,1069,222,29,64,13,17,16,47
0.792540947321824,0.851003394658614,1098,193,36,65,21,13,15,52
0.765851560579995,0.789414774355161,1069,222,39,33,18,7,21,26
0.753795927401505,0.80455870185212,1055,236,36,85,20,25,16,60
0.747230484072589,0.749962198257751,1073,218,37,15,17,9,20,6
0.71062416998672,0.74362967844121,1059,232,36,50,15,15,21,35
0.732036374478235,0.7374879049421,1068,223,43,18,19,9,24,9
0.714633301742364,0.713043639740619,1063,228,44,18,21,7,23,11
0.753567146282973,0.805763922928522,1071,220,40,162,19,38,21,124
0.716392233964119,0.754294167180633,1057,234,39,36,19,14,20,22
0.775217613927291,0.826656494605853,1075,216,31,96,15,19,16,77
0.700147549046396,0.741081459238233,1076,215,29,26,13,4,16,22
0.784086703674333,0.780493266007794,1062,229,30,16,15,6,15,10
0.729218297139497,0.732231620154172,1069,222,38,18,18,7,20,11
0.756279815146094,0.807189203514635,1072,219,43,103,16,29,27,74
0.721756515874163,0.734506784903446,1050,241,33,58,12,12,21,46
0.687931707317073,0.71486085305089,1063,228,41,86,15,15,26,71
0.721853673414923,0.748946246645963,1058,233,42,22,21,12,21,10
0.74630243902439,0.79744004177419,1083,208,41,74,22,26,19,48
0.751722853417769,0.779552274339887,1064,227,52,85,22,21,30,64
0.718065547561951,0.762023421544387,1051,240,40,119,18,29,22,90
0.787210655631708,0.818575121616782,1041,250,37,88,24,29,13,59
0.729991146525011,0.771841801315586,1094,197,36,42,16,11,20,31
0.760307084220128,0.814565421507862,1065,226,26,50,14,14,12,36
0.754586307163627,0.795147357019642,1065,226,30,47,15,10,15,37
0.735725614591594,0.768036141208641,1056,235,30,39,10,8,20,31
0.762932211101001,0.794378589730556,1053,238,35,52,17,18,18,34
0.788292682926829,0.817122113822668,1082,209,41,55,22,19,19,36
0.71985454725973,0.76175439490062,1034,257,32,25,20,11,12,14
0.73670367433254,0.782410246714501,1053,238,30,68,14,17,16,51
0.719732182381585,0.769436382347347,1055,236,36,38,21,14,15,24
0.673989054423837,0.718288153410643,1072,219,26,33,9,7,17,26
0.763701350277998,0.789223988648365,1080,211,32,25,15,12,17,13
0.736111111111111,0.774659329656967,1042,249,36,57,21,17,15,40
0.6926219179233,0.739059568942307,1073,218,38,46,17,13,21,33
0.680406376137374,0.715582583164065,1095,196,47,51,15,10,32,41
0.789190154156341,0.813971975262056,1048,243,38,25,21,10,17,15
0.715450151552388,0.760972369842308,1078,213,39,45,18,13,21,32
0.683371246587807,0.746084217019054,1053,238,35,80,16,21,19,59
0.803313210725818,0.811918245727282,1077,214,34,19,22,13,12,6
0.735077918259335,0.740210248915822,1066,225,38,17,22,9,16,8
0.706383822363204,0.746439215020185,1070,221,30,32,11,10,19,22
0.748243458769775,0.792238962694583,1095,196,37,38,17,13,20,25
0.748147961920086,0.799779336412781,1096,195,48,84,23,24,25,60
0.71113782051282,0.762805822363419,1055,236,43,96,17,24,26,72
0.716675149869924,0.76601987666822,1056,235,28,122,11,26,17,96
0.771408359809373,0.80432205612629,1064,227,32,65,17,21,15,44
0.77115213627217,0.809802648393192,1077,214,34,92,18,22,16,70
0.772838944494995,0.797220008002069,1071,220,35,88,12,14,23,74
0.758141686492202,0.801173844895834,1072,219,30,38,15,8,15,30
0.697816826411076,0.726888063536987,1070,221,39,33,17,12,22,21
0.744881244881245,0.79347754024787,1038,253,37,76,20,20,17,56
0.691141260973663,0.729221752931403,1085,206,38,132,15,32,23,100
0.729015013648771,0.785764307352384,1064,227,35,63,15,16,20,47
0.677229299363057,0.701687567482629,1054,237,35,54,16,17,19,37
0.832547587428065,0.864209495407955,1067,224,36,36,23,18,13,18
0.800289830722057,0.818666515564767,1069,222,38,36,21,15,17,21
0.636527666399358,0.673188508733188,1067,224,44,47,15,14,29,33
0.738657592740859,0.780339090842864,1074,217,42,46,21,11,21,35
0.735668437361665,0.778546495282817,1045,246,36,75,17,23,19,52
0.764390243902439,0.795951801725115,1083,208,41,42,21,15,20,27
0.751735067490027,0.80094507784625,1060,231,29,73,16,16,13,57
0.697160975609756,0.742010167086301,1058,233,41,123,14,23,27,100
0.716309634406252,0.71575598642016,1040,251,29,15,14,8,15,7
0.726078464317218,0.728124217686966,1059,232,38,24,17,9,21,15
0.727063133338193,0.797095957588473,1065,226,44,130,21,25,23,105
0.762107127047366,0.823889102528082,1051,240,36,124,20,35,16,89
0.735612338858195,0.772477493948538,1047,244,24,46,12,12,12,34
0.76508062384351,0.812557457117929,1043,248,30,62,16,18,14,44
0.752047315741583,0.786578480312581,1069,222,35,96,15,17,20,79
0.739265161575919,0.801399960962413,1054,237,36,103,16,23,20,80
0.771353560922214,0.818887506739365,1062,229,47,114,28,39,19,75
0.754827794301479,0.81696295241229,1081,210,37,86,22,20,15,66
0.761266046923417,0.801084311709246,1080,211,36,29,18,9,18,20
0.734782608695652,0.785907822207524,1030,261,46,146,24,30,22,116
0.713576043303649,0.748745816788779,1057,234,46,75,19,14,27,61
0.73620487804878,0.764925041132535,1044,247,41,76,20,16,21,60
0.730079681274901,0.780506098880958,1079,212,36,61,17,17,19,44
0.776834320951968,0.819044831381503,1059,232,33,65,17,16,16,49
0.77937960195378,0.795975379066205,1069,222,44,65,21,23,23,42
0.700379802174982,0.74928704991525,1079,212,29,85,13,14,16,71
0.738999557326251,0.769602005053968,1043,248,36,31,17,10,19,21
0.789355144618303,0.824374336757855,1060,231,37,88,22,28,15,60
0.684986084105379,0.749676616448373,1079,212,42,84,16,17,26,67
0.726714180388302,0.749153620734913,1043,248,39,30,19,10,20,20
0.738224878264719,0.775621729969036,1055,236,36,53,16,14,20,39
0.756816977405213,0.804597985095677,1077,214,33,40,17,12,16,28
0.687902703114873,0.77444787565593,1070,221,42,134,18,25,24,109
0.777593266606005,0.8126141793715,1080,211,35,64,15,18,20,46
0.761213517665131,0.84550799050629,1058,233,31,86,19,21,12,65
0.699249882794187,0.706192410613489,1070,221,27,17,10,4,17,13
0.733438485804416,0.772461688043609,1056,235,23,109,9,19,14,90
0.721478976771538,0.725322547362586,1080,211,38,19,17,8,21,11
0.761744248261102,0.794303007575556,1051,240,45,38,23,16,22,22
0.780264208006049,0.800069280340507,1075,216,38,22,19,12,19,10
0.765013648771611,0.766115699171314,1085,206,35,13,14,7,21,6
0.744497416726173,0.81354634489559,1085,206,38,60,20,19,18,41
0.731179189028026,0.799216047270319,1078,213,43,87,23,23,20,64
0.727921646746348,0.751784023925071,1070,221,36,33,17,13,19,20
0.762648538310126,0.794743682058376,1035,256,44,51,21,15,23,36
0.719793530113297,0.741762666086105,1051,240,43,42,19,12,24,30
0.634519291587603,0.670565275383469,1061,230,51,100,19,35,32,65
0.758552108194113,0.778920519615249,1075,216,34,19,15,7,19,12
0.700891229860757,0.755024951407813,1080,211,44,64,17,20,27,44
0.737015646760056,0.77719906561932,1060,231,39,59,20,13,19,46
0.718911338363781,0.750833158997106,1112,179,32,51,12,10,20,41
0.712808224789055,0.71289873939497,1059,232,39,21,19,11,20,10
0.788279751041228,0.81739856362788,1038,253,34,63,18,20,16,43
0.781336874503574,0.818737920596292,1075,216,32,68,17,20,15,48
0.821915704104203,0.853420826913755,1079,212,39,69,22,14,17,55
0.705097485049562,0.766576224154886,1063,228,39,131,16,27,23,104
0.73833802156587,0.777207391874064,1082,209,27,50,13,11,14,39
0.811941124391324,0.811551591409279,1092,199,36,16,22,9,14,7
0.75940899735372,0.804743094258179,1058,233,38,71,19,19,19,52
0.737560192616372,0.785284338377313,1083,208,45,44,21,15,24,29
0.708951319381256,0.737419109663924,1065,226,35,50,15,16,20,34
0.771264630752221,0.816570742023694,1046,245,42,54,24,17,18,37
0.705175159235669,0.740874293839084,1065,226,35,73,15,16,20,57
0.692930410297667,0.704653998552763,1066,225,48,30,23,10,25,20
0.746912470023981,0.805772368382846,1059,232,40,101,21,18,19,83
0.723296262769947,0.766459511941485,1106,185,37,61,13,12,24,49
0.734585980937252,0.741787423558671,1055,236,32,16,18,8,14,8
0.715346997987739,0.731077357629931,1057,234,34,42,11,8,23,34
0.750769459888801,0.814956575670074,1089,202,32,128,17,32,15,96
0.777848654953707,0.812588551833343,1072,219,44,107,23,24,21,83
0.738321456848773,0.786456358629926,1077,214,28,103,13,22,15,81
0.776288659793814,0.775823531925246,1060,231,30,16,19,12,11,4
0.713852707462931,0.759169355159122,1064,227,39,49,17,12,22,37
0.809757363790371,0.850718644029472,1067,224,29,50,18,20,11,30
0.748965853658537,0.811054449694924,1069,222,41,92,19,20,22,72
0.681627252488764,0.724293789453002,1069,222,38,41,14,10,24,31
0.755445643485212,0.813533090528838,1057,234,40,46,25,22,15,24
0.656310616836933,0.693016869157811,1084,207,37,97,13,22,24,75
0.745683966470483,0.780649059055273,1067,224,45,41,20,14,25,27
0.688057193800576,0.770567092190107,1088,203,23,31,8,5,15,26
0.805547756095278,0.845087570067257,1068,223,34,46,21,12,13,34
0.75020475020475,0.812328465841529,1078,213,33,136,17,34,16,102
0.776782168387609,0.826888460727151,1059,232,32,115,20,31,12,84
0.776777728085868,0.802831753259792,1058,233,43,29,23,14,20,15
0.73652959179275,0.800120485479131,1059,232,37,108,18,28,19,80
0.800719481340924,0.831407440313842,1048,243,51,49,29,25,22,24
0.747780076727445,0.795744792200597,1046,245,37,68,21,13,16,55
0.767864663765268,0.815033499880112,1040,251,34,69,18,22,16,47
0.729248152976967,0.777325514005706,1070,221,52,106,24,16,28,90
0.756221565059145,0.820694304534885,1063,228,35,83,20,26,15,57
0.774018437924096,0.831503418877014,1072,219,34,104,14,21,20,83
0.695389940198247,0.734847784924176,1082,209,39,105,13,21,26,84
0.774047342135869,0.811791489820327,1074,217,47,124,23,32,24,92
0.746312949640288,0.74732078493153,1066,225,40,31,20,14,20,17
0.792228227406445,0.834807298404849,1064,227,47,65,27,25,20,40
0.689436465699497,0.73164528301531,1060,231,44,66,16,14,28,52
0.714503011113181,0.751843998304423,1056,235,52,32,25,14,27,18
0.769920611584828,0.80527362361364,1070,221,38,34,16,12,22,22
0.773937532002048,0.816226294348536,1091,200,31,56,18,16,13,40
0.740277972764285,0.808530932980301,1062,229,34,89,20,27,14,62
0.713319611878859,0.747934849565365,1067,224,38,49,16,19,22,30
0.752693109610802,0.798409399427088,1078,213,32,47,16,9,16,38
0.744134572819832,0.747118740345071,1080,211,36,16,18,6,18,10
0.713964869938321,0.74569446888896,1054,237,48,109,23,21,25,88
0.75355328909642,0.806818824920675,1055,236,39,55,22,21,17,34
0.803814634146341,0.831276951218084,1084,207,41,38,22,16,19,22
0.699639118834234,0.745647182472263,1060,231,47,57,18,16,29,41
0.766002656042497,0.818340178981687,1069,222,36,51,18,9,18,42
0.726258992805756,0.727907424676252,1056,235,40,22,15,9,25,13
0.734179159498648,0.821861094256493,1088,203,39,179,21,39,18,140
0.802202301903497,0.839329158923042,1069,222,36,51,21,16,15,35
0.753364320495795,0.808127780647023,1062,229,36,45,20,14,16,31
0.710514325289786,0.716215152404256,1085,206,44,11,16,4,28,7
0.756042496679947,0.803707757803883,1073,218,36,81,17,22,19,59
0.733273381294964,0.783331959847032,1072,219,40,75,19,16,21,59
0.723302451484997,0.788871627397643,1071,220,42,91,17,25,25,66
0.715382095558987,0.771956420240389,1046,245,34,78,16,20,18,58
0.740108717235902,0.772721457182543,1068,223,32,56,12,8,20,48
0.712687286216698,0.71625479501928,1064,227,33,14,12,7,21,7
0.752346170872067,0.794800207493309,1059,232,36,36,20,14,16,22
0.778070973612375,0.844345995041139,1038,253,35,73,21,21,14,52
0.75147737237409,0.762723513538371,1057,234,42,24,23,14,19,10
0.749589924910695,0.791686016519023,1067,224,44,113,22,26,22,87
0.729250200481155,0.787005022921086,1071,220,44,87,20,24,24,63
0.697678048780488,0.736747398613814,1063,228,41,52,16,10,25,42
0.716569211432319,0.758497491381001,1077,214,29,62,14,20,15,42
0.680518508119238,0.755765366485293,1072,219,34,60,14,14,20,46
0.820086321381142,0.863622084927277,1082,209,36,101,20,29,16,72
0.771053094233474,0.835383477225954,1038,253,27,47,19,15,8,32
0.748911930363543,0.792668252479705,1055,236,31,44,14,14,17,30
0.698952541057804,0.736505544812234,1081,210,37,36,17,16,20,20
0.744849266814123,0.772149961724727,1049,242,39,47,19,18,20,29
0.798463901689708,0.800998300093452,1087,204,31,12,17,6,14,6
0.620767970611597,0.643518647483976,1058,233,32,19,10,5,22,14
0.710991207034372,0.766236449829775,1060,231,40,62,20,23,20,39
0.784318996415771,0.828825730659635,1083,208,31,49,18,12,13,37
0.577795358649789,0.607278814047967,1087,204,27,48,7,7,20,41
0.707927661510464,0.737074745901976,1070,221,35,90,12,15,23,75
0.751154332700822,0.775990853716942,1050,241,51,24,25,12,26,12
0.773904312903789,0.775698274839341,1063,228,46,19,22,5,24,14
0.753648780487805,0.767937095525317,1071,220,41,34,17,14,24,20
0.800456041695241,0.836848583675429,1066,225,23,59,15,18,8,41
0.71511790567546,0.786592535173779,1054,237,40,93,21,24,19,69
0.843129037890693,0.875376272702577,1074,217,46,46,32,22,14,24
0.780117192422397,0.816867165340763,1060,231,38,55,23,21,15,34
0.774919304331069,0.813372054078171,1095,196,33,63,15,12,18,51
0.740684713375796,0.801032311028934,1080,211,35,59,19,15,16,44
0.738502534287418,0.774060811592678,1056,235,43,45,19,13,24,32
0.71554174495351,0.718465200697022,1055,236,33,16,15,8,18,8
0.747551958433254,0.81587997453115,1052,239,40,66,23,22,17,44
0.821085325832161,0.862713096195303,1052,239,27,52,15,17,12,35
0.659834339463709,0.685541967519685,1045,246,34,44,13,7,21,37
0.754306554756195,0.795994957925121,1056,235,40,50,19,16,21,34
0.72889756097561,0.769959927794324,1069,222,41,58,20,16,21,42
0.761453507417287,0.800031350491796,1081,210,34,60,16,22,18,38
0.793335790939625,0.8299060756774,1056,235,39,43,21,14,18,29
0.872970564147035,0.881392033796345,1050,241,33,61,21,16,12,45
0.765591966173361,0.792013676088612,1036,255,44,59,22,15,22,44
0.725171343592396,0.779709473856589,1058,233,37,118,17,22,20,96
0.7472,0.801951862159751,1072,219,41,83,18,21,23,62
0.718138760880696,0.759724248669516,1088,203,31,29,14,11,17,18
0.801057386814932,0.852075286388019,1050,241,32,109,19,31,13,78
0.675176231135822,0.720453519267469,1062,229,32,30,11,11,21,19
0.669836214740673,0.713616641192175,1037,254,35,119,14,26,21,93
0.778969075552926,0.805895438895142,1059,232,49,40,25,17,24,23
0.72867818063975,0.759949659871168,1061,230,42,74,20,25,22,49
0.736411052200526,0.768715486293092,1092,199,37,72,14,18,23,54
0.772875064004096,0.808245292165977,1068,223,31,30,16,12,15,18
0.727601125719326,0.762777531336921,1053,238,38,47,15,9,23,38
0.801069011595327,0.826150445903671,1055,236,37,59,21,14,16,45
0.70941719618745,0.725200604619036,1080,211,32,24,13,11,19,13
0.704858729941023,0.762877030032062,1079,212,23,31,10,9,13,22
0.724670154686078,0.759687445935137,1060,231,35,57,18,12,17,45
0.755555555555555,0.777683480886629,1087,204,31,26,12,5,19,21
0.791438532453554,0.816601667769491,1077,214,34,63,20,19,14,44
0.752235502434706,0.785906593032571,1071,220,36,57,16,17,20,40
0.79124203821656,0.828777476287116,1059,232,35,35,20,12,15,23
0.749240440020953,0.79250249346325,1055,236,46,83,22,23,24,60
0.676305599682288,0.707120240323099,1050,241,32,109,10,23,22,86
0.691387559808613,0.717721478792459,1056,235,37,43,12,9,25,34
0.796823722456634,0.836475986602101,1071,220,27,68,15,15,12,53
0.767596281540505,0.80047537681951,1066,225,36,41,17,15,19,26
0.722733816521048,0.783697951132271,1063,228,32,46,14,13,18,33
0.771682653876898,0.771963104036892,1048,243,40,22,21,9,19,13
0.775176657775282,0.808114438464739,1090,201,34,75,17,15,17,60
0.776677747265983,0.832701816029667,1060,231,33,74,20,23,13,51
0.817948897936263,0.84833436388007,1068,223,34,43,19,15,15,28
0.745771046420141,0.746511794677149,1060,231,20,12,10,5,10,7
0.774000799360512,0.778460189634388,1047,244,40,17,21,10,19,7
0.825875796178344,0.851361856703915,1063,228,35,102,23,25,12,77
0.728625722103983,0.769325661550576,1059,232,26,81,12,17,14,64
0.737826603325416,0.770999783804623,1040,251,28,105,15,22,13,83
0.71527224435591,0.760282883644086,1062,229,36,122,15,28,21,94
0.743553680262541,0.79424232592124,1061,230,27,30,14,8,13,22
0.817168843484633,0.834547023897633,1089,202,37,79,21,16,16,63
0.747434146341463,0.785937689990085,1063,228,41,44,21,19,20,25
0.725196370815306,0.758777146644044,1063,228,38,102,18,26,20,76
0.704614634146341,0.77628509200351,1068,223,41,85,20,23,21,62
0.666413739943152,0.717042932410675,1090,201,33,26,12,5,21,21
0.747395723946738,0.795490588455384,1055,236,38,31,23,15,15,16
0.738044034818228,0.762592507939883,1065,226,31,75,12,17,19,58
0.743522785458269,0.77041734336272,1061,230,31,17,14,9,17,8
0.747683560297627,0.794595013998062,1077,214,34,71,14,17,20,54
0.731011715647339,0.790680856352904,1076,215,32,61,15,17,17,44
0.769085532302093,0.808997244183048,1076,215,35,71,16,15,19,56
0.745024390243903,0.7828733929505,1082,209,41,58,18,17,23,41
0.826641234535971,0.845137054671946,1052,239,37,27,20,15,17,12
0.761230121864583,0.76510370970858,1072,219,29,13,15,8,14,5
0.708732694355698,0.757679442624033,1074,217,39,77,17,16,22,61
0.773200725183006,0.812015982469932,1060,231,47,79,24,21,23,58
0.742613933996857,0.780908426458871,1085,206,46,42,22,14,24,28
0.753229268292683,0.789593950192931,1048,243,41,27,23,12,18,15
0.68387646019225,0.745026945379577,1070,221,37,85,13,16,24,69
0.762250199840128,0.764916867696017,1063,228,40,12,25,7,15,5
0.774969442989348,0.77861704306536,1038,253,46,25,27,13,19,12
0.740049194991055,0.792171021900192,1029,262,43,89,23,25,20,64
0.753822478157268,0.799978403760846,1053,238,32,105,17,28,15,77
0.756551546632973,0.80375102523011,1087,204,34,35,18,8,16,27
0.736653658536585,0.810749462255626,1067,224,41,125,21,26,20,99
0.784398034398034,0.843308601343177,1062,229,33,67,21,23,12,44
0.76296962430056,0.817473381840539,1085,206,40,68,21,24,19,44
0.780976079298763,0.809539482680909,1076,215,39,40,19,14,20,26
0.778093721565059,0.800061203798684,1062,229,35,56,18,15,17,41
0.726583042372516,0.767261404657861,1049,242,37,94,18,22,19,72
0.66933575978162,0.67309328449271,1036,255,35,16,14,5,21,11
0.77207062600321,0.827395046669621,1076,215,45,119,24,35,21,84
0.707678048780488,0.751748680504448,1098,193,41,76,13,15,28,61
0.749346305868045,0.780731629393563,1072,219,26,73,12,20,14,53
0.718546897448177,0.753309144571828,1051,240,47,36,25,17,22,19
0.715162030712061,0.711985460444014,1068,223,29,17,11,9,18,8
0.720595524038278,0.750252060808379,1077,214,42,56,20,16,22,40
0.777544290702186,0.835538106759624,1086,205,37,68,22,17,15,51
0.674238662694472,0.736898262635372,1065,226,19,35,8,12,11,23
0.70928062436376,0.747198132104147,1071,220,28,33,11,7,17,26
0.67808764940239,0.760434835830758,1069,222,36,41,17,11,19,30
0.785646041856233,0.823842790446309,1063,228,35,46,19,11,16,35
0.777726574500768,0.819346086331382,1079,212,31,55,17,10,14,45
0.733369176933732,0.769686705568097,1091,200,44,55,21,12,23,43
0.672819689673622,0.672412993688916,1085,206,45,15,17,7,28,8
0.752887689848121,0.756520823775712,1048,243,40,19,22,11,18,8
0.713824884792627,0.766681644140161,1066,225,31,41,14,13,17,28
0.694529777996232,0.725593472181146,1063,228,39,45,18,12,21,33
0.728473489634517,0.734792908641476,1044,247,34,19,19,10,15,9
0.741024390243902,0.802312887083287,1058,233,41,142,20,33,21,109
0.736293796942316,0.745930151712124,1066,225,42,18,19,8,23,10
0.767842501490757,0.808736412367222,1063,228,43,70,24,27,19,43
0.705202810465968,0.73360344137179,1079,212,37,82,13,20,24,62
0.74391592920354,0.779337646782288,1052,239,48,58,22,22,26,36
0.743612391193036,0.78364127233879,1047,244,31,75,18,19,13,56
0.720933253397282,0.775342817313925,1073,218,40,58,13,16,27,42
0.686241007194244,0.68806215921681,1068,223,40,24,16,12,24,12
0.769004796163069,0.773419285758949,1043,248,40,21,25,15,15,6
0.708036421219319,0.70858281427196,1083,208,28,12,11,3,17,9
0.741115003443217,0.778949383367037,1074,217,54,60,24,20,30,40
0.772545889864326,0.827458933763775,1078,213,38,66,22,20,16,46
0.777030015797788,0.85472803570099,1087,204,25,112,11,22,14,90
0.755690266498913,0.812602886724214,1073,218,42,99,19,27,23,72
0.707259849490925,0.749810359681274,1075,216,36,59,13,15,23,44
0.783663342486872,0.870387959089299,1058,233,33,101,20,31,13,70
0.773693597289103,0.821876570702098,1057,234,45,66,27,24,18,42
0.675320056899004,0.681025886805535,1062,229,37,21,15,9,22,12
0.769759450171821,0.84077295938316,1069,222,30,61,16,21,14,40
0.710798308220989,0.789305575623306,1054,237,30,64,14,16,16,48
0.750507317073171,0.810324781639222,1079,212,41,41,18,12,23,29
0.787972953269665,0.822928561557018,1068,223,44,60,26,21,18,39
0.7981889653236,0.840976614353933,1084,207,34,61,20,16,14,45
0.721393467037331,0.757432233401323,1078,213,32,46,14,14,18,32
0.747648780487805,0.79145250906602,1063,228,41,42,22,13,19,29
0.735157647584973,0.77496929315611,1056,235,43,99,22,35,21,64
0.706854957340394,0.745843114500536,1059,232,55,56,26,20,29,36
0.792186129856266,0.833025916478875,1059,232,42,67,28,19,14,48
0.796305868044998,0.825799932653938,1077,214,26,85,16,17,10,68
0.781331711766494,0.824254108674286,1078,213,26,29,14,5,12,24
0.729131734344244,0.767874651680942,1085,206,44,47,20,16,24,31
0.757813921747043,0.817746972012885,1086,205,35,144,19,29,16,115
0.798686953931692,0.833920982363945,1044,247,32,111,15,22,17,89
0.722760607647983,0.782462018427183,1067,224,46,109,19,27,27,82
0.739769677996422,0.776449978286608,1065,226,43,38,23,13,20,25
0.752385926107971,0.813416203315328,1065,226,39,91,21,28,18,63
0.676838529176659,0.72411271680886,1088,203,40,75,13,20,27,55
0.706554019457245,0.711965385015125,1052,239,31,18,14,8,17,10
0.726810019444127,0.752365759323145,1070,221,42,26,19,9,23,17
0.699014634146341,0.749834862053886,1045,246,41,57,12,14,29,43
0.723955675439236,0.786681015719421,1067,224,44,73,22,11,22,62
0.770539678434415,0.793511020778607,1050,241,37,27,20,14,17,13
0.764592037355616,0.816215668413934,1070,221,39,60,16,11,23,49
0.708889044878094,0.756792497482202,1070,221,34,74,14,16,20,58
0.712386182974418,0.757923325168285,1074,217,33,68,17,17,16,51
0.740067174571967,0.783385630353127,1057,234,39,80,18,15,21,65
0.721676260002808,0.76146858226736,1081,210,34,40,11,11,23,29
0.690019512195122,0.690903032232166,1077,214,41,23,16,7,25,16
0.785191082802548,0.829690007167603,1084,207,35,47,18,12,17,35
0.713822487826472,0.778316686949516,1068,223,36,61,19,19,17,42
0.741359015516319,0.742304461370537,1043,248,45,22,24,12,21,10
0.743990703851262,0.779326135821203,1046,245,36,73,17,25,19,48
0.718633175116562,0.764764768562758,1067,224,38,53,18,20,20,33
0.734360782529572,0.770494044106893,1066,225,35,50,18,9,17,41
0.716581692451945,0.766612932112931,1053,238,27,72,13,17,14,55
0.755481581047591,0.770035345417134,1091,200,38,48,21,17,17,31
0.782575500508992,0.816178894348539,1054,237,28,44,16,14,12,30
0.717641037306642,0.765288189293504,1078,213,35,47,13,14,22,33
0.747931280715756,0.811180126061101,1066,225,38,76,18,19,20,57
0.65868248610008,0.667060654976052,1068,223,32,21,12,10,20,11
0.779856115107914,0.814323325512,1067,224,40,62,19,17,21,45
0.691528949835912,0.729929503261253,1075,216,27,81,11,19,16,62
0.744437611806798,0.785672324385171,1076,215,43,74,24,15,19,59
0.775860531478509,0.81850907425195,1067,224,45,65,24,21,21,44
0.67832005312085,0.730477616492438,1078,213,36,68,15,17,21,51
0.77572726370135,0.809880537732871,1073,218,32,84,15,25,17,59
0.744660322495374,0.792334573187835,1085,206,30,64,13,15,17,49
0.743227091633466,0.829266444922633,1073,218,36,86,22,24,14,62
0.7628,0.764992282135555,1063,228,41,18,20,9,21,9
0.719071457961871,0.738452016294096,1072,219,23,97,10,18,13,79
0.784055109841643,0.833612085149174,1067,224,38,91,21,22,17,69
0.611908553230209,0.643364284059297,1078,213,35,45,11,11,24,34
0.808882999070988,0.833105119129747,1042,249,29,71,17,18,12,53
0.673395307658256,0.675802654445006,1090,201,36,20,13,8,23,12
0.725519584332534,0.769620783497242,1086,205,40,65,18,19,22,46
0.673521951219512,0.699690796041842,1081,210,41,39,12,9,29,30
0.684234146341464,0.746717697151944,1079,212,41,88,13,19,28,69
0.66842510960158,0.720224622468002,1064,227,33,75,12,13,21,62
0.719574613284804,0.747908777854892,1090,201,35,28,15,13,20,15
0.657860244122225,0.696078035447071,1083,208,39,50,13,9,26,41
0.747589966774299,0.775880541622068,1073,218,34,59,16,11,18,48
0.775305348869858,0.778871450362264,1080,211,34,21,15,9,19,12
0.739248780487805,0.786513401508958,1061,230,41,91,24,25,17,66
0.693966060402403,0.698801638376015,1056,235,38,21,15,7,23,14
0.743229268292683,0.795988647562679,1066,225,41,48,20,15,21,33
0.729818872987477,0.762382453528097,1066,225,43,84,20,25,23,59
0.745327700972862,0.744030005067114,1065,226,31,12,12,4,19,8
0.751588964553868,0.755125000140231,1057,234,46,18,27,9,19,9
0.704825143868969,0.757732487522355,1065,226,36,49,17,16,19,33
0.734366719660837,0.771560878437477,1109,182,33,75,15,15,18,60
0.726804507545671,0.800415459181779,1054,237,32,123,15,26,17,97
0.731341301460823,0.776292395662645,1065,226,36,57,15,11,21,46
0.741885143570537,0.796533457650948,1049,242,45,86,25,30,20,56
0.711317106460419,0.732702766035512,1051,240,35,97,13,23,22,74
0.700388882534599,0.745118817206089,1080,211,42,68,18,13,24,55
0.724612660469234,0.793934122180974,1067,224,36,161,19,34,17,127
0.763005551149881,0.810193394346745,1046,245,30,58,16,16,14,42
0.734926958831341,0.763402767748892,1078,213,36,83,16,19,20,64
0.721992327255485,0.745893546072109,1082,209,37,42,15,10,22,32
0.690919904837431,0.740046059436492,1049,242,30,69,13,18,17,51
0.747255672974523,0.817935902410282,1064,227,39,129,19,25,20,104
0.727628788397072,0.749514038054276,1072,219,47,29,21,14,26,15
0.723657870791629,0.72551315522245,1089,202,35,13,17,7,18,6
0.754766893661603,0.812667323160855,1075,216,46,85,25,20,21,65
0.721765071824454,0.782944046318222,1047,244,28,87,13,19,15,68
0.716592549391266,0.746662530150302,1059,232,44,55,19,18,25,37
0.735884895359418,0.768951361492721,1078,213,35,73,14,14,21,59
0.712273129703409,0.770312270655903,1062,229,36,50,15,9,21,41
0.760693060040245,0.77827183747068,1069,222,34,39,16,10,18,29
0.78752049791294,0.833172048671293,1048,243,43,98,25,29,18,69
0.79420968622674,0.823205602936814,1075,216,38,38,19,15,19,23
0.712261304366568,0.780002575599532,1098,193,37,64,17,17,20,47
0.765957695727456,0.786771354699691,1062,229,34,29,11,7,23,22
0.680748610007943,0.707230839279438,1068,223,32,76,9,11,23,65
0.723063302346171,0.751833148554114,1060,231,36,54,16,15,20,39
0.642647934868943,0.689287119183391,1066,225,32,34,11,8,21,26
0.65825586542718,0.698585855744127,1041,250,36,59,17,16,19,43
0.745664816283373,0.776244326440547,1045,246,30,69,17,25,13,44
0.759062890641838,0.760209221556918,1077,214,37,14,19,8,18,6
0.743371212121212,0.780544752172369,1060,231,48,71,19,17,29,54
0.752234721799939,0.778886590544625,1065,226,26,98,12,22,14,76
0.751267680811316,0.793794625707348,1047,244,42,32,22,13,20,19
0.75800934624464,0.821525311746622,1061,230,33,50,22,17,11,33
0.754403211272221,0.798853939597739,1071,220,39,108,20,28,19,80
0.703586361481098,0.762375260464526,1062,229,37,114,17,19,20,95
0.811445147679325,0.836816233632344,1060,231,27,98,15,28,12,70
0.770077564195211,0.795365223760801,1059,232,33,27,17,12,16,15
0.726372288623285,0.760435464634461,1090,201,36,29,12,9,24,20
0.757554204922626,0.826790428602432,1074,217,37,105,19,29,18,76
0.655495825231614,0.695943263117157,1076,215,42,65,13,17,29,48
0.736278364872614,0.815562836341612,1055,236,39,127,20,31,19,96
0.769841826945575,0.814425284686628,1056,235,34,32,15,5,19,27
0.733610004426737,0.757092010394615,1060,231,36,33,16,15,20,18
0.74096012247576,0.77671792611103,1082,209,44,62,15,8,29,54
0.763379814077025,0.799104670852967,1078,213,36,36,18,14,18,22
0.674977660841938,0.72836790873841,1092,199,32,69,11,8,21,61
0.6997838944495,0.768732521253785,1073,218,35,98,14,17,21,81
0.720768880800728,0.720693670777337,1071,220,35,13,14,8,21,5
0.774601593625498,0.805497722597613,1059,232,36,18,16,8,20,10
0.717895745381598,0.74703191623736,1066,225,54,41,27,16,27,25
0.71300487804878,0.749680709299966,1048,243,41,29,22,11,19,18
0.68146256304151,0.695755021328563,1055,236,37,19,17,7,20,12
0.8103093265946,0.838852488298033,1060,231,34,62,18,14,16,48
0.751163098070315,0.800341630414661,1078,213,30,34,14,12,16,22
0.756366468113012,0.806457777711367,1089,202,29,87,13,17,16,70
0.785385365853658,0.809333949127569,1060,231,41,36,23,12,18,24
0.736401604840831,0.773945905031683,1074,217,24,23,11,8,13,15
0.785967242142541,0.824697862823231,1068,223,36,84,17,24,19,60
0.784938025675078,0.812123931598841,1055,236,36,57,18,15,18,42
0.771299194991055,0.823619841575379,1058,233,43,61,26,19,17,42
0.703208556149733,0.77168586417321,1050,241,33,66,13,14,20,52
0.758678485092667,0.798456362428127,1065,226,50,97,21,20,29,77
0.780862464317469,0.848935446629054,1035,256,34,119,22,35,12,84
0.758005901961856,0.777486059262628,1073,218,29,17,16,5,13,12
0.706222327640734,0.748681784746956,1031,260,51,81,26,26,25,55
0.709262648213809,0.76113247992849,1072,219,42,88,16,19,26,69
0.751062467997952,0.794260573455803,1066,225,31,42,18,17,13,25
0.724490925188137,0.768597455462399,1051,240,36,80,14,20,22,60
0.766179241418858,0.768437431113835,1091,200,39,17,19,6,20,11
0.661195000565547,0.686023747724399,1077,214,28,11,11,5,17,6
0.842189620478263,0.874555892500881,1058,233,34,47,23,18,11,29
0.765616999487967,0.794141685861989,1095,196,31,19,16,8,15,11
0.768999485235622,0.815227899098041,1069,222,34,86,18,22,16,64
0.706922656870532,0.780744485970783,1061,230,32,58,17,15,15,43
0.786800966962127,0.838004306733135,1065,226,50,98,29,33,21,65
0.699741951339395,0.746412231956112,1082,209,39,55,14,15,25,40
0.736331618962433,0.778706033498371,1074,217,43,46,20,16,23,30
0.728945960406635,0.79888140587284,1069,222,45,90,24,22,21,68
0.798878357030016,0.801043907533874,1074,217,25,15,15,7,10,8
0.777129666401906,0.786206363867077,1086,205,32,42,16,13,16,29
0.673328488372093,0.716649295363351,1072,219,43,40,18,9,25,31
0.750546057882135,0.785523328629641,1062,229,38,126,20,32,18,94
0.674408553230209,0.709563238414404,1072,219,35,31,14,10,21,21
0.731299109481404,0.735011985962903,1050,241,46,25,22,13,24,12
0.762742689213277,0.759521607221723,1065,226,33,21,17,9,16,12
0.698475700655933,0.736802203666689,1087,204,43,70,16,20,27,50
0.736821103036922,0.763293141371089,1041,250,38,83,20,18,18,65
0.74351518784972,0.770104948739227,1060,231,40,37,13,7,27,30
0.696126604692342,0.752719322111775,1050,241,36,116,17,29,19,87
0.76669490136073,0.786018612254311,1073,218,29,30,14,8,15,22
0.724360975609756,0.769157561446928,1058,233,41,63,17,14,24,49
0.775376981259334,0.844706205514594,1058,233,33,121,19,33,14,88
0.72884012539185,0.769210011988315,1066,225,44,98,20,21,24,77
0.716986687147977,0.794688862920541,1085,206,31,50,11,11,20,39
0.748781436880478,0.755688374641423,1041,250,39,15,20,7,19,8
0.742068623647571,0.80325014137986,1047,244,37,97,17,19,20,78
0.675872093023255,0.674876717136679,1070,221,43,25,17,9,26,16
0.755796614441131,0.800736413225471,1046,245,38,45,20,20,18,25
0.671966399925125,0.673599570536976,1064,227,34,13,12,6,22,7
0.71417949049528,0.742936856468573,1072,219,37,132,17,30,20,102
0.689967161524252,0.748982406271231,1089,202,47,66,20,13,27,53
0.745046082949309,0.770282897136055,1095,196,31,45,11,7,20,38
0.779142683326314,0.78443779763495,1089,202,34,16,17,9,17,7
0.744660347551343,0.781697739648753,1060,231,25,61,12,15,13,46
0.762751917246299,0.784018708770869,1071,220,45,38,23,16,22,22
0.753162055335968,0.807344987254675,1040,251,26,80,12,19,14,61
0.769303664186438,0.787726719460072,1045,246,34,67,13,14,21,53
0.730718030638158,0.779920712592254,1060,231,39,71,21,22,18,49
0.721250222935616,0.748846981570557,1046,245,45,37,22,15,23,22
0.751794575323987,0.797199406845364,1060,231,33,89,17,25,16,64
0.730881041555199,0.764795146008344,1058,233,45,55,21,16,24,39
0.751455868971792,0.810237589909955,1067,224,35,40,19,9,16,31
0.741298908098271,0.746173237034791,1070,221,35,19,21,10,14,9
0.72365107913669,0.783409742185171,1060,231,40,73,17,19,23,54
0.761644197726672,0.794680456577869,1064,227,30,95,13,19,17,76
0.761927330173776,0.807774372658977,1066,225,25,37,13,13,12,24
0.788235945108455,0.828259799504635,1049,242,36,94,22,30,14,64
0.717745803357314,0.772988971823958,1062,229,40,57,19,23,21,34
0.734242191500256,0.778121595169042,1083,208,31,54,12,11,19,43
0.723432183811484,0.779620187848235,1084,207,38,100,22,25,16,75
0.754150145387259,0.775335614272409,1061,230,30,28,13,6,17,22
0.725570067675331,0.778788456866199,1078,213,37,82,16,14,21,68
0.768536963258079,0.853512594242489,1064,227,36,136,21,37,15,99
0.766402264963264,0.76709745440599,1070,221,34,24,20,14,14,10
0.783157549592874,0.824283750320018,1056,235,29,78,16,26,13,52
0.79671530447928,0.832725503603933,1065,226,49,97,26,29,23,68
0.759887366042137,0.798032228087004,1077,214,44,60,22,20,22,40
0.701960267229255,0.762034196149874,1065,226,27,36,11,12,16,24
0.739299172605882,0.743226462625241,1069,222,39,14,20,8,19,6
0.750987104633091,0.779943275238798,1066,225,38,28,22,9,16,19
0.779719488745617,0.781113479643619,1066,225,28,11,11,4,17,7
0.78989054423837,0.830456920139335,1065,226,26,75,8,16,18,59
0.723285486443381,0.746141850393436,1058,233,37,35,16,10,21,25
0.742906153165117,0.784789122126017,1072,219,36,101,13,17,23,84
0.724584457242837,0.759905451886368,1066,225,44,36,17,7,27,29
0.693817084078712,0.757176539396677,1079,212,43,79,19,22,24,57
0.784984639016897,0.827758954717624,1057,234,31,56,15,14,16,42
0.711862580283633,0.752339733682631,1087,204,37,77,17,26,20,51
0.834181653659088,0.848018397010776,1078,213,28,82,16,19,12,63
0.791713252832439,0.817004169819284,1066,225,43,63,20,19,23,44
0.806722020018198,0.837834237270162,1071,220,35,53,21,9,14,44
0.789528833646481,0.82141973710882,1056,235,33,31,15,11,18,20
0.674358123063302,0.722287754350752,1068,223,36,58,14,16,22,42
0.737239024390244,0.798721250578737,1077,214,41,58,23,17,18,41
0.707195438561898,0.77266028140673,1075,216,49,96,24,23,25,73
0.722579645695123,0.752297378762174,1050,241,44,76,19,16,25,60
0.763308763308763,0.797352769919641,1052,239,33,27,16,10,17,17
0.738284352660842,0.822139340161951,1068,223,32,54,15,17,17,37
0.725010529271374,0.787201022694805,1051,240,34,71,16,14,18,57
0.757583932853717,0.785457376802112,1061,230,40,61,21,24,19,37
0.77687403463801,0.827783016103941,1046,245,49,42,29,16,20,26
0.754569162463899,0.760070278520619,1058,233,37,14,20,8,17,6
0.748351040283311,0.80590376592657,1098,193,36,69,15,20,21,49
0.829187177684013,0.858224151363651,1068,223,27,50,17,16,10,34
0.746418186624372,0.800400868534913,1096,195,30,114,15,22,15,92
0.742407225420001,0.809670820641104,1061,230,34,142,19,32,15,110
0.754977081480468,0.75749235832433,1059,232,47,19,21,7,26,12
0.746962581991652,0.803242379700065,1075,216,43,172,20,37,23,135
0.818432287529786,0.859018634046067,1077,214,32,69,20,16,12,53
0.770530710282512,0.818708893381429,1066,225,42,30,21,10,21,20
0.784351482957061,0.841582879976304,1073,218,36,78,21,28,15,50
0.741426858513189,0.785740492568449,1058,233,40,82,24,27,16,55
0.835329103885805,0.834558065246198,1041,250,30,14,22,12,8,2
0.809233001076326,0.838939203536687,1089,202,34,25,17,11,17,14
0.689923310148029,0.733254143695476,1056,235,45,91,23,18,22,73
0.723813526445106,0.772544787842125,1063,228,37,139,17,26,20,113
0.683666969972702,0.727427385149457,1077,214,35,43,13,10,22,33
0.702598918653232,0.750799182563964,1082,209,39,47,19,15,20,32
0.698611111111111,0.717305676205418,1055,236,40,20,19,8,21,12
0.784277829389584,0.774327187807552,1073,218,29,9,11,3,18,6
0.777081681205392,0.827681828214201,1082,209,30,85,17,20,13,65
0.744212022745735,0.79709669870837,1020,271,60,65,31,22,29,43
0.747280185482433,0.749862629665337,1062,229,45,16,17,5,28,11
0.721591412129261,0.753016198717862,1088,203,36,109,14,17,22,92
0.689439324116743,0.711246983404075,1095,196,31,41,9,12,22,29
0.799148677409547,0.803442235978745,1077,214,26,7,16,3,10,4
0.757475219136561,0.808397232108499,1090,201,39,69,21,19,18,50
0.741605241605241,0.800249053071535,1051,240,37,47,19,14,18,33
0.763391665713523,0.819052842324773,1072,219,42,55,24,21,18,34
0.68175326584618,0.715279531705131,1073,218,38,37,14,7,24,30
0.770216388637441,0.791791548270526,1058,233,37,44,18,15,19,29
0.72244623655914,0.768448872285997,1070,221,51,90,25,28,26,62
0.694788485465445,0.743218472287121,1078,213,28,71,11,18,17,53
0.773649289099526,0.798949190231626,1062,229,25,61,11,16,14,45
0.706523583305056,0.796981776468066,1075,216,28,54,17,16,11,38
0.69821975085133,0.753824328236569,1069,222,37,105,16,21,21,84
0.80863309352518,0.842160576286883,1056,235,40,102,25,35,15,67
0.778737293443176,0.812719260258732,1058,233,33,35,17,15,16,20
0.724770714737508,0.758460093272214,1074,217,51,48,17,12,34,36
0.737330135891287,0.781745345736671,1085,206,40,32,21,12,19,20
0.75437492851424,0.756101750762333,1093,198,42,24,18,14,24,10
0.721102646022774,0.756403386126042,1071,220,39,87,19,25,20,62
0.749646533197602,0.791472247716626,1076,215,28,72,12,18,16,54
0.771071270473661,0.776822682129992,1059,232,36,22,15,11,21,11
0.780463729155291,0.834634805566805,1082,209,38,99,23,26,15,73
0.728179039952296,0.72675594877737,1070,221,43,18,20,10,23,8
0.697205383354302,0.735067801703868,1072,219,42,37,17,11,25,26
0.791766268260292,0.847886878724409,1076,215,36,52,23,20,13,32
0.677807940278249,0.679513322154457,1069,222,28,12,12,5,16,7
0.729410742652899,0.73004921447181,1085,206,32,19,14,7,18,12
0.752820746132848,0.808641355668483,1073,218,35,41,20,15,15,26
0.751300766006648,0.803347452433601,1078,213,33,58,18,15,15,43
0.715399126290707,0.770644416424922,1054,237,32,33,16,12,16,21
0.761670761670762,0.819075125488572,1059,232,37,48,21,16,16,32
0.74759524509598,0.796297940157374,1051,240,38,82,21,19,17,63
0.665789774676884,0.736066381533381,1069,222,42,72,17,17,25,55
0.686137482419128,0.716445874737088,1044,247,27,31,10,6,17,25
0.79247491638796,0.833764539962311,1077,214,26,82,12,18,14,64
0.743175614194722,0.805067576778544,1081,210,35,122,15,30,20,92
0.779686646784559,0.828879190491491,1087,204,38,80,18,20,20,60
0.725099601593626,0.769332208232051,1051,240,36,40,16,14,20,26
0.746682653876899,0.770069435944923,1065,226,40,59,17,13,23,46
0.744559876456549,0.798254881531517,1063,228,34,55,17,14,17,41
0.688402457757296,0.720160592773405,1065,226,31,42,11,7,20,35
0.703032733104906,0.767620073488809,1073,218,44,90,20,24,24,66
0.729006794564348,0.739146333922419,1072,219,40,29,17,11,23,18
0.792461336685065,0.832195627934168,1062,229,29,37,14,6,15,31
0.724420427207115,0.770070856730794,1052,239,44,74,19,13,25,61
0.730438805181073,0.782704240640199,1082,209,30,102,12,20,18,82
0.765388594335963,0.784641725527259,1060,231,37,19,19,10,18,9
0.783603121838416,0.833493793964801,1054,237,33,88,22,22,11,66
0.700044456923581,0.732308322153803,1111,180,34,29,10,8,24,21
0.686555959963603,0.701497770354207,1090,201,35,19,14,7,21,12
0.783857829348336,0.842175372867633,1058,233,27,100,14,18,13,82
0.738618297441827,0.779919500825391,1074,217,33,43,14,13,19,30
0.697247497725205,0.757646973569523,1054,237,35,82,17,20,18,62
0.802061855670103,0.841757533412746,1055,236,30,71,16,19,14,52
0.701322476638068,0.708413336504809,1076,215,29,18,10,5,19,13
0.785950303991541,0.837847056761761,1075,216,30,98,17,23,13,75
0.712508790436006,0.720487815311284,1069,222,27,16,14,8,13,8
0.730720527911539,0.732347244885304,1065,226,45,28,22,11,23,17
0.745238095238095,0.781157087281586,1074,217,45,102,22,24,23,78
0.792005032597507,0.811986488525253,1057,234,42,91,24,26,18,65
0.71882408724514,0.756132931928866,1062,229,37,86,15,23,22,63
0.784278196981731,0.834128557838364,1081,210,32,58,19,18,13,40
0.784551450684357,0.813731794103828,1055,236,42,72,24,21,18,51
0.805582853666526,0.832424467989991,1055,236,34,43,18,18,16,25
0.761663389858278,0.762935628449582,1085,206,39,20,21,11,18,9
0.781020362992475,0.78373477958287,1061,230,36,23,18,10,18,13
0.774845064187694,0.804413595879743,1050,241,36,73,19,24,17,49
0.774989470728626,0.776239992512436,1074,217,34,17,18,10,16,7
0.750682438580528,0.772029635645211,1057,234,35,64,13,16,22,48
0.738493150684931,0.786174500184128,1068,223,50,77,24,14,26,63
0.740750860702771,0.793195264839211,1072,219,29,32,15,10,14,22
0.749810979963876,0.782437765049255,1053,238,38,23,20,10,18,13
0.778015769541193,0.810985757740756,1043,248,52,63,33,21,19,42
0.812780861749934,0.855920435684196,1077,214,30,31,20,12,10,19
0.768488745980707,0.771353560756298,1058,233,47,26,26,13,21,13
0.717101876550143,0.748913566014838,1045,246,34,49,14,9,20,40
0.7355109119815,0.785873771211602,1076,215,33,57,14,12,19,45
0.713421302033972,0.753642577511681,1066,225,44,42,20,17,24,25
0.755603912209275,0.830819143915176,1038,253,34,127,18,35,16,92
0.758794162826421,0.764395456638923,1043,248,31,14,18,8,13,6
0.749298048575039,0.803089403597726,1077,214,34,76,18,25,16,51
0.820660522273425,0.84886878948667,1070,221,31,78,21,17,10,61
0.768436360051267,0.813237751690921,1046,245,49,65,29,27,20,38
0.727582065652522,0.787248216830065,1061,230,42,59,21,17,21,42
0.799332307386815,0.842051127681732,1088,203,32,90,18,17,14,73
0.741987605135016,0.777101650423056,1063,228,36,55,18,19,18,36
0.742101894521249,0.786538824454101,1058,233,31,33,17,12,14,21
0.770637371893865,0.811867781081163,1085,206,34,58,17,13,17,45
0.821999807293925,0.864442786478082,1069,222,33,93,22,20,11,73
0.69946743495722,0.701297575070259,1067,224,46,25,16,7,30,18
0.784373616644533,0.841179402736323,1088,203,36,123,20,26,16,97
0.740554348240497,0.814219342141606,1077,214,42,110,22,30,20,80
0.760299342987396,0.798182027044998,1064,227,48,42,24,14,24,28
0.80251364877161,0.846796751864976,1102,189,35,118,17,25,18,93
0.800319744204636,0.830489068900338,1078,213,40,45,22,16,18,29
0.77197991012424,0.766586393787922,1068,223,30,13,16,7,14,6
0.733905823475887,0.775374242299179,1062,229,35,43,16,12,19,31
0.787393853183327,0.843220129942559,1062,229,37,75,19,17,18,58
0.793498007501172,0.793422664594296,1067,224,27,9,11,3,16,6
0.804377837053676,0.842470922051365,1062,229,34,88,21,22,13,66
0.735130961912387,0.768694564749542,1084,207,42,165,19,27,23,138
0.736379037105853,0.797616271290315,1066,225,29,80,15,25,14,55
0.717869943676395,0.721722236921759,1089,202,31,17,14,8,17,9
0.692016917790114,0.725299796669619,1076,215,30,121,11,22,19,99
0.778867151956324,0.807132526263225,1065,226,35,52,17,16,18,36
0.788297304510275,0.814778595289933,1052,239,42,74,23,25,19,49
0.807082201819044,0.853706719666126,1050,241,37,104,21,26,16,78
0.697921951219512,0.719582943314344,1046,245,41,24,19,10,22,14
0.783320031923384,0.835295542112976,1057,234,38,92,19,23,19,69
0.613682893539581,0.724751583859284,1053,238,35,100,11,16,24,84
0.752070756703636,0.788758474410807,1070,221,34,48,15,11,19,37
0.777137736815156,0.795392488791721,1071,220,31,38,15,13,16,25
0.761462374993169,0.794005925922251,1069,222,29,37,15,13,14,24
0.751348920863309,0.801231157110158,1095,196,40,32,21,13,19,19
0.762010643726762,0.801831618041946,1062,229,44,35,18,9,26,26
0.716782290311702,0.763575124193856,1071,220,33,67,13,16,20,51
0.710448780487805,0.75741931378645,1089,202,41,129,16,30,25,99
0.790923566878981,0.813264925636795,1086,205,35,81,17,19,18,62
0.686518636003172,0.748866624119093,1054,237,30,53,15,16,15,37
0.74123417157125,0.745692908452521,1075,216,45,33,23,16,22,17
0.725132486941934,0.763093293076052,1036,255,42,65,18,16,24,49
0.668207781925122,0.701836008244781,1079,212,28,50,9,15,19,35
0.779802159028857,0.77753944654502,1069,222,38,19,19,12,19,7
0.712239751713436,0.763079480246972,1077,214,37,65,14,20,23,45
0.730686573916978,0.798409067154966,1097,194,28,85,16,23,12,62
0.743516833484986,0.797027941257271,1101,190,35,126,15,23,20,103
0.765497630331754,0.770275504059848,1072,219,25,13,13,8,12,5
0.762167158032664,0.798991944160256,1085,206,34,44,14,12,20,32
0.769127979654295,0.798084532509787,1068,223,37,29,19,13,18,16
0.757174260591527,0.792789223404499,1034,257,40,46,17,14,23,32
0.658045605414027,0.705471701247389,1068,223,37,50,11,12,26,38
0.79206745915067,0.842895306791148,1071,220,38,120,21,30,17,90
0.779019457245264,0.844568809719691,1086,205,31,55,19,18,12,37
0.700125113739763,0.764275432615563,1050,241,35,58,17,15,18,43
0.782536520584329,0.823619013936312,1058,233,36,34,24,18,12,16
0.684670481883794,0.726163751479462,1069,222,44,53,18,15,26,38
0.718260292164675,0.764446681981504,1060,231,36,82,15,18,21,64
0.731253953194181,0.78643148351653,1060,231,51,116,27,30,24,86
0.826021339323319,0.8362019827954,1079,212,34,21,19,10,15,11
0.776791146052693,0.804175577834784,1072,219,34,16,21,10,13,6
0.723840610229772,0.750406191162183,1072,219,34,24,13,10,21,14
0.699929189028026,0.74127584487737,1070,221,43,43,17,15,26,28
0.769733848953594,0.813746193521612,1090,201,35,106,20,24,15,82
0.670698924731183,0.730111594505559,1062,229,31,92,13,24,18,68
0.681294964028777,0.724533362863629,1068,223,40,32,18,12,22,20
0.719290263876251,0.758842519977225,1050,241,35,65,15,16,20,49
0.775647657226605,0.818653839354286,1057,234,37,47,23,17,14,30
0.684347168819218,0.713555166278501,1057,234,49,79,17,22,32,57
0.73381483166515,0.784613551087175,1059,232,35,67,21,25,14,42
0.703533747651395,0.733543592901374,1052,239,33,48,10,11,23,37
0.686234114376489,0.759608801754267,1081,210,32,75,13,17,19,58
0.694848153904314,0.74062263812483,1048,243,38,68,13,18,25,50
0.792536088116577,0.796122365086361,1060,231,47,27,22,12,25,15
0.761535401750199,0.810100048255083,1060,231,34,85,19,18,15,67
0.733960409939632,0.778400848446858,1068,223,34,65,19,21,15,44
0.758547787417073,0.806946638860435,1062,229,44,60,26,25,18,35
0.713722478238607,0.758799891569562,1062,229,31,38,14,12,17,26
0.748540345276599,0.797171498096905,1073,218,38,67,16,18,22,49
0.765259912318736,0.815493835598003,1087,204,33,86,21,27,12,59
0.734362549800797,0.73717683801575,1072,219,36,14,18,6,18,8
0.744159231001336,0.773866277138691,1059,232,37,37,15,8,22,29
0.728812766156582,0.785696443539816,1059,232,34,117,17,24,17,93
0.773733272332152,0.808771107687365,1057,234,42,52,23,16,19,36
0.696910405485987,0.697113909924433,1073,218,43,15,21,7,22,8
0.739548361310951,0.793795294426847,1071,220,40,151,19,37,21,114
0.705234617087207,0.759488070601098,1066,225,36,51,14,15,22,36
0.686232856290996,0.729395227381963,1070,221,43,71,19,14,24,57
0.745495905368517,0.78497153433713,1054,237,35,77,18,20,17,57
0.717675159235669,0.756897448446045,1087,204,35,55,13,13,22,42
0.742355189650103,0.791867511894492,1066,225,38,66,16,17,22,49
0.764442231075697,0.820719144156254,1082,209,36,41,16,12,20,29
0.75293402249924,0.751132256010471,1059,232,26,9,13,4,13,5
0.691712926249009,0.7886923223698,1059,232,30,76,14,17,16,59
0.780791758826903,0.831619344075011,1058,233,39,132,22,33,17,99
0.789696768481629,0.818764602966686,1068,223,36,47,20,16,16,31
0.781047240650288,0.815090743295997,1060,231,44,34,22,14,22,20
0.733208399523431,0.789098925660761,1075,216,32,66,16,15,16,51
0.753402722177742,0.754384770094168,1076,215,42,16,22,9,20,7
0.707503996802558,0.777581466107215,1106,185,40,74,18,15,22,59
0.786035313001605,0.825525170329959,1078,213,45,65,21,17,24,48
0.68232414068745,0.731591156204152,1081,210,40,59,15,15,25,44
0.709686226740034,0.775182037120634,1085,206,38,78,21,24,17,54
0.755547733976937,0.756838071048691,1082,209,48,20,19,8,29,12
0.769230769230769,0.826951756384189,1065,226,26,84,14,13,12,71
0.795813586097946,0.827758366248995,1080,211,25,58,11,13,14,45
0.739626933575978,0.774779653192408,1079,212,35,80,12,22,23,58
0.684615384615385,0.716748338532041,1033,258,26,52,10,14,16,38
0.754892452260873,0.812273239205743,1049,242,37,79,21,22,16,57
0.779871977240398,0.829898658821048,1055,236,37,37,19,12,18,25
0.817446043165468,0.843604707069298,1067,224,40,66,28,18,12,48
0.701894478210268,0.770773000859613,1061,230,37,124,20,34,17,90
0.748750367538959,0.794135265936106,1063,228,38,219,18,41,20,178
0.744580141638965,0.787512298374642,1031,260,33,85,17,27,16,58
0.757768924302789,0.766307473941547,1096,195,36,20,14,8,22,12
0.696272044700541,0.737371246876603,1064,227,46,66,15,9,31,57
0.706608511763151,0.748160517683911,1052,239,30,30,17,13,13,17
0.719655976965846,0.781427453426301,1062,229,32,78,14,16,18,62
0.659060103442126,0.719595546905758,1076,215,45,70,18,20,27,50
0.747642762284197,0.783693265599704,1079,212,36,55,13,13,23,42
0.708751219512195,0.750468322653404,1079,212,41,68,17,19,24,49
0.712250528040002,0.802972269335838,1057,234,37,59,18,20,19,39
0.744334942343792,0.781321386213298,1084,207,48,42,24,18,24,24
0.719566129093751,0.753033015107781,1072,219,42,45,20,12,22,33
0.757252109704641,0.76123325596777,1078,213,27,16,14,8,13,8
0.678984107312094,0.727931598707726,1052,239,44,33,19,13,25,20
0.721562985676482,0.756024513752161,1060,231,38,38,16,17,22,21
0.770876212878565,0.789830821515475,1079,212,38,28,21,12,17,16
0.665551219512195,0.698157367804109,1058,233,41,102,13,22,28,80
0.730131246046806,0.764674105656227,1055,236,51,46,26,19,25,27
0.666501191421763,0.686580630715994,1049,242,32,22,14,9,18,13
0.728530805687204,0.798463089829771,1077,214,25,87,9,18,16,69
0.721859736093898,0.765447764925855,1020,271,44,71,26,27,18,44
0.718328642836141,0.770520078708536,1089,202,38,150,14,28,24,122
0.763730307847955,0.781782492581937,1078,213,33,25,17,13,16,12
0.818841838760921,0.859336299871586,1078,213,32,78,23,20,9,58
0.720530027297543,0.791508122520569,1057,234,35,139,19,34,16,105
0.716023593020398,0.770419739341659,1050,241,39,69,19,20,20,49
0.730380457672329,0.763734624917578,1076,215,34,39,15,16,19,23
0.733644071879366,0.7986359213535,1063,228,33,45,16,17,17,28
0.714929934406679,0.777235615772602,1091,200,43,116,15,25,28,91
0.777716098334655,0.77969610479283,1073,218,30,9,16,4,14,5
0.675989871086556,0.6998769715046,1071,220,24,23,8,3,16,20
0.721319913073316,0.75881667233757,1048,243,42,62,20,18,22,44
0.728731942215088,0.73391107003679,1093,198,45,29,22,13,23,16
0.825046972105796,0.835813767337964,1072,219,33,71,20,18,13,53
0.698234330587272,0.756244955343646,1060,231,33,71,16,18,17,53
0.738091737724199,0.786158041370419,1061,230,38,86,16,18,22,68
0.653718459495352,0.707888348567589,1058,233,36,74,10,16,26,58
0.798524533912845,0.831223061538517,1070,221,42,38,24,14,18,24
0.665906597174599,0.69137412157477,1084,207,23,90,8,14,15,76
0.694481605351171,0.701356111946995,1051,240,26,13,15,5,11,8
0.778305203938115,0.829361557837626,1057,234,27,65,17,21,10,44
0.724313855688358,0.766386462259306,1058,233,36,26,18,6,18,20
0.799533666969973,0.820791036978935,1069,222,35,22,22,5,13,17
0.740042674253201,0.778282375526524,1085,206,37,57,18,16,19,41
0.73703037569944,0.780116559570169,1062,229,40,40,19,16,21,24
0.711988171064604,0.763901417602658,1066,225,35,66,15,18,20,48
0.713414834532847,0.788308285381027,1080,211,49,101,27,22,22,79
0.752826247235193,0.783074762310339,1085,206,39,130,18,27,21,103
0.745353717026379,0.78124667614327,1046,245,40,65,22,23,18,42
0.6760108093316,0.724667942688913,1072,219,47,70,16,15,31,55
0.759791332263242,0.803002009801212,1061,230,45,159,25,43,20,116
0.729116945107399,0.766157120932272,1053,238,34,54,18,15,16,39
0.714270672469465,0.769070255887361,1078,213,34,71,15,21,19,50
0.753391859537111,0.755915680893221,1090,201,38,17,18,10,20,7
0.775279776179057,0.775614630803373,1065,226,40,22,24,12,16,10
0.735613604034657,0.766583492942812,1078,213,37,46,13,10,24,36
0.723815179278362,0.779375773278721,1066,225,28,34,13,13,15,21
0.744572786106332,0.749139756311369,1064,227,39,22,19,9,20,13
0.742976588628763,0.790818577123858,1081,210,26,41,14,18,12,23
0.812693669765383,0.839961640171773,1076,215,36,49,20,14,16,35
0.731632247815727,0.771355336283483,1068,223,32,28,16,10,16,18
0.746366508688784,0.813951738153584,1068,223,25,48,15,13,10,35
0.625885243532302,0.648917845676765,1081,210,33,27,10,5,23,22
0.770948273234371,0.823114620406365,1053,238,53,132,29,41,24,91
0.739894975189093,0.743517723488599,1089,202,33,16,18,7,15,9
0.710341463414634,0.745188031987493,1075,216,41,133,17,31,24,102
0.719444042973455,0.782420660398753,1052,239,33,30,17,9,16,21
0.783598307217202,0.825567469988315,1066,225,42,43,21,14,21,29
0.776582558654272,0.780651938597298,1069,222,36,24,21,14,15,10
0.769787516600266,0.768914390856475,1051,240,36,19,23,11,13,8
0.743550092519165,0.804564992315039,1081,210,30,82,12,16,18,66
0.661082395865005,0.707603032927311,1055,236,26,44,12,7,14,37
0.758493205435652,0.759943400796061,1070,221,40,24,18,10,22,14
0.74357513988809,0.786417013420624,1059,232,40,149,18,28,22,121
0.703459080855247,0.775502881223901,1043,248,39,50,16,15,23,35
0.6618407578085,0.725528938550556,1078,213,31,67,12,10,19,57
0.789454821004342,0.853270657170711,1049,242,39,121,24,34,15,87
0.767399722001589,0.793648610965224,1072,219,32,31,18,10,14,21
0.652844178840195,0.720643943107156,1057,234,36,76,16,17,20,59
0.633863414634146,0.675170785847326,1069,222,41,59,15,9,26,50
0.708746587807097,0.712204137543926,1086,205,35,18,15,6,20,12
0.795280799764775,0.842800872363043,1052,239,38,105,26,22,12,83
0.754282315622522,0.782565305450524,1069,222,30,85,11,18,19,67
0.752150405505038,0.790485580755505,1060,231,39,24,19,8,20,16
0.804185623293904,0.839863483840137,1077,214,35,54,19,18,16,36
0.762762591025201,0.796088856756479,1062,229,42,31,20,10,22,21
0.806005459508644,0.84864958099822,1088,203,35,93,22,24,13,69
0.712741621868924,0.763170643338207,1065,226,42,76,19,25,23,51
0.799477284771402,0.83716241819298,1070,221,33,78,15,17,18,61
0.771409518461323,0.816743093295672,1070,221,34,77,18,14,16,63
0.698328827721799,0.720589400511928,1062,229,39,30,17,10,22,20
0.740268977111082,0.772827553838663,1079,212,37,83,19,19,18,64
0.771436712255296,0.829392719958469,1066,225,48,82,25,23,23,59
0.742166169613979,0.805480024613746,1061,230,38,137,19,31,19,106
0.749344845336703,0.801226031424955,1082,209,34,53,17,17,17,36
0.739008792965627,0.787256038243522,1066,225,40,48,20,17,20,31
0.624638993060046,0.661049413417399,1052,239,37,92,14,22,23,70
0.793330773169483,0.855192425519601,1074,217,31,64,18,21,13,43
0.7621996624305,0.819065757619881,1053,238,32,38,18,13,14,25
0.680815983447562,0.720568991550418,1050,241,37,47,11,10,26,37
0.710823956868261,0.785389586777946,1072,219,27,80,12,12,15,68
0.758469064585454,0.792862319045362,1046,245,28,65,13,16,15,49
0.785931690602901,0.817623423193556,1065,226,44,87,22,29,22,58
0.755980861244019,0.759657692952387,1049,242,37,17,15,7,22,10
0.728048780487805,0.794339152660652,1063,228,41,80,21,25,20,55
0.738879971464241,0.769268768518202,1078,213,45,20,23,6,22,14
0.767796862589357,0.804010154911962,1080,211,32,78,11,13,21,65
0.707295796986519,0.734061512368578,1068,223,30,65,11,12,19,53
0.739054891544931,0.741170281812526,1058,233,36,18,16,7,20,11
0.710581534772182,0.770549532115417,1084,207,40,64,19,21,21,43
0.735081894643648,0.7702006088592,1058,233,36,47,16,14,20,33
0.715554189028026,0.763049959656928,1053,238,43,40,19,12,24,28
0.684949092518814,0.755049250359294,1073,218,36,46,17,13,19,33
0.752007149554618,0.803802392606171,1067,224,27,44,14,14,13,30
0.735401459854015,0.779465319414277,1048,243,58,41,29,13,29,28
0.725670858023799,0.779123469570153,1076,215,33,65,13,13,20,52
0.81151434320745,0.848483786875991,1065,226,34,37,22,20,12,17
0.754717533989686,0.798672558488466,1072,219,27,71,12,17,15,54
0.796417197452229,0.841509907762645,1058,233,35,27,23,13,12,14
0.719005914467698,0.775737885140194,1042,249,35,81,19,22,16,59
0.74057859703021,0.791168709931188,1055,236,31,67,15,18,16,49
0.7119791070952,0.756245483819993,1050,241,42,58,18,12,24,46
0.735089367442309,0.808690153917575,1079,212,33,110,13,25,20,85
0.717923380966859,0.763226983781783,1063,228,26,98,11,22,15,76
0.728766199354435,0.783973590273292,1078,213,33,74,14,17,19,57
0.829401728844404,0.86628907075688,1036,255,35,87,24,30,11,57
0.824388982283719,0.866898261269834,1070,221,37,123,25,33,12,90
0.759154583435734,0.824656653376541,1082,209,39,82,19,24,20,58
0.689164004259851,0.731800926978786,1076,215,39,72,13,14,26,58
0.743135479977585,0.743120131912204,1060,231,37,13,19,7,18,6
0.722455580291511,0.778358148264696,1063,228,38,97,19,34,19,63
0.784585365853659,0.818406443974618,1067,224,41,80,19,21,22,59
0.747145417306708,0.810969349965998,1078,213,31,81,15,17,16,64
0.834058683139127,0.878361066113156,1066,225,34,59,27,21,7,38
0.687254565557208,0.74222281064597,1078,213,42,41,17,7,25,34
0.739280993920169,0.792780247450071,1045,246,30,53,14,14,16,39
0.711312987628777,0.764765135239085,1082,209,37,61,16,17,21,44
0.74885347933923,0.806870054937549,1049,242,34,108,17,28,17,80
0.742188336008561,0.789039570813378,1053,238,45,142,27,32,18,110
0.740966648831817,0.77813951640165,1089,202,45,70,21,17,24,53
0.771656176239182,0.82271916513071,1079,212,20,53,13,15,7,38
0.692131126341653,0.743263632496625,1047,244,37,93,13,19,24,74
0.707237650528385,0.737891679590073,1086,205,39,77,15,16,24,61
0.767759630659253,0.767030326555368,1083,208,32,13,17,6,15,7
0.77411526173507,0.828107566473753,1077,214,39,42,23,20,16,22
0.686328725038402,0.722062419364232,1068,223,31,54,10,15,21,39
0.81923933427098,0.849637344850212,1066,225,27,67,14,19,13,48
0.743814388551231,0.788406326567617,1051,240,37,75,16,20,21,55
0.76670330617699,0.811859675458209,1033,258,37,47,19,15,18,32
0.751413803587717,0.781459080717159,1084,207,26,97,11,20,15,77
0.769921388983147,0.803158733498441,1063,228,28,55,14,18,14,37
0.714981509016737,0.767279038468816,1080,211,42,67,18,19,24,48
0.734004251817309,0.775105085200761,1089,202,23,69,10,15,13,54
0.659765907964467,0.71490969493375,1076,215,42,43,18,12,24,31
0.702220037683296,0.704405858679859,1054,237,39,19,18,9,21,10
0.733177808558723,0.774092602616232,1039,252,44,42,19,11,25,31
0.77205621956618,0.838451571570184,1072,219,36,46,20,15,16,31
0.771175534653002,0.84261891186176,1059,232,34,99,20,24,14,75
0.744111623143881,0.770458691127474,1081,210,31,18,13,5,18,13
0.730450652814825,0.728503951042493,1073,218,34,18,14,7,20,11
0.718306823569982,0.721178244402043,1063,228,37,17,19,8,18,9
0.706408816509897,0.736762461848447,1072,219,34,53,14,12,20,41
0.744835783376141,0.80510194830978,1068,223,29,60,16,21,13,39
0.727759764460346,0.730127675095845,1071,220,43,22,20,10,23,12
0.774661893396977,0.791782793658812,1048,243,34,53,18,13,16,40
0.687695717107482,0.707371032863439,1070,221,33,32,10,8,23,24
0.763552422557585,0.802140891857922,1077,214,32,45,15,14,17,31
0.773180449121202,0.810040797734529,1054,237,42,47,23,12,19,35
0.735048694112439,0.780489431491619,1062,229,36,51,17,12,19,39
0.742485919098822,0.800682611818756,1075,216,31,58,14,17,17,41
0.741628264208909,0.777148273391852,1055,236,31,113,12,26,19,87
0.746682948166509,0.804256759023821,1041,250,44,53,21,15,23,38
0.725440751756541,0.777388390649428,1058,233,37,95,17,17,20,78
0.730026882849582,0.789693250299892,1073,218,38,59,18,14,20,45
0.750248212867355,0.779619290904906,1085,206,32,62,15,16,17,46
0.696126604692342,0.752701033816898,1062,229,36,51,19,17,17,34
0.743725019984013,0.74644669639461,1079,212,40,26,18,11,22,15
0.723851732473811,0.784671921626213,1023,268,50,93,25,29,25,64
0.72141920323515,0.761049361954893,1064,227,29,56,14,18,15,38
0.747952641677196,0.799252983865741,1070,221,34,36,17,13,17,23
0.796692682926829,0.833262182405976,1088,203,41,86,21,25,20,61
0.75705674801529,0.809890093877113,1045,246,38,81,19,23,19,58
0.762951242381622,0.793832799585631,1080,211,27,72,13,19,14,53
0.73064415790069,0.753741735104631,1062,229,28,37,14,12,14,25
0.768685051958433,0.818994363824895,1055,236,40,84,23,24,17,60
0.777315826052422,0.805703162659037,1088,203,32,29,16,11,16,18
0.730635947410426,0.777728318385153,1068,223,38,138,16,29,22,109
0.752365787079163,0.807568787367275,1071,220,35,52,20,13,15,39
0.713141092955853,0.745677640653143,1077,214,38,61,20,16,18,45
0.76071716357776,0.783533845766118,1056,235,50,39,25,14,25,25
0.785512410911772,0.833085746130066,1076,215,39,47,24,16,15,31
0.716852019483598,0.757533873138467,1068,223,37,99,16,24,21,75
0.696592725819345,0.772783643518739,1063,228,40,75,21,21,19,54
0.771348762968875,0.825247897168185,1050,241,38,43,25,17,13,26
0.762618595825427,0.7656379050019,1049,242,51,24,28,15,23,9
0.73405931028689,0.775244792633475,1049,242,38,177,20,49,18,128
0.768186286556894,0.793377103082852,1035,256,39,35,22,14,17,21
0.73390243902439,0.780775009639491,1093,198,41,132,16,20,25,112
0.762822312695961,0.825714202480989,1072,219,34,107,21,26,13,81
0.748294946332737,0.787557300470166,1054,237,43,62,22,17,21,45
0.749871308905424,0.778981377234083,1073,218,34,78,12,16,22,62
0.713003872120731,0.752334824349432,1055,236,32,65,13,12,19,53
0.736264544041668,0.750896999978443,1062,229,38,28,18,5,20,23
0.745290745290745,0.809042471951718,1091,200,37,62,16,12,21,50
0.722600090991811,0.720071973768023,1041,250,35,15,17,8,18,7
0.766644532979194,0.804551722533249,1044,247,36,82,18,25,18,57
0.696121474067334,0.749126328032615,1061,230,35,45,14,9,21,36
0.724734192964597,0.79536247578257,1074,217,28,109,12,22,16,87
0.740485991515101,0.771569820157802,1046,245,38,67,20,23,18,44
0.713249357888409,0.721775980353172,1083,208,29,14,13,7,16,7
0.705792034052904,0.734368445924822,1069,222,26,24,8,7,18,17
0.74769756097561,0.79859017428455,1056,235,41,56,20,22,21,34
0.758801498127341,0.801154457256349,1038,253,45,109,26,38,19,71
0.723307039096513,0.773105099916781,1080,211,37,60,17,12,20,48
0.75715565796211,0.760506082670412,1082,209,31,14,14,6,17,8
0.805562739773266,0.844412323349215,1058,233,37,52,22,17,15,35
0.72682908231347,0.755110077279636,1056,235,42,28,18,10,24,18
0.678490798385442,0.711975148814354,1075,216,47,38,15,9,32,29
0.737241147561642,0.739312775145905,1069,222,38,24,20,11,18,13
0.700697211155378,0.750893149840719,1083,208,36,78,13,18,23,60
0.705064882991908,0.729928053237134,1062,229,44,26,21,13,23,13
0.704846557787734,0.737938534968783,1059,232,33,69,7,8,26,61
0.724314277313395,0.768254287042956,1063,228,38,37,17,17,21,20
0.820891852013771,0.866164501271918,1057,234,29,59,19,21,10,38
0.803209521032296,0.861808195279426,1052,239,44,67,27,24,17,43
0.795810164231217,0.823804618092352,1047,244,37,30,21,12,16,18
0.765266630996968,0.796350217285906,1067,224,45,30,21,13,24,17
0.761866257823329,0.813748102447503,1060,231,38,121,21,34,17,87
0.707859033057504,0.773168480679995,1076,215,38,49,17,13,21,36
0.697658862876254,0.698840392828917,1070,221,26,9,11,6,15,3
0.6521482813749,0.679495549508165,1068,223,40,63,12,12,28,51
0.706624801429706,0.746989313318865,1068,223,32,71,11,13,21,58
0.719609416800428,0.719358872244511,1040,251,45,20,21,10,24,10
0.750537654005978,0.750838553501563,1070,221,44,20,23,12,21,8
0.652766710934042,0.695742481167847,1097,194,36,40,9,9,27,31
0.752900363967243,0.811427522614286,1091,200,35,136,17,31,18,105
0.737651409849087,0.734749523391358,1093,198,32,12,11,3,21,9
0.819245971419885,0.862283105929753,1066,225,26,73,14,20,12,53
0.730294051878354,0.731679770697096,1064,227,43,17,23,11,20,6
0.755785614811174,0.808594853129495,1059,232,39,97,21,22,18,75
0.815833212892037,0.841940850243475,1045,246,33,145,19,32,14,113
0.748862602365787,0.792617311765249,1087,204,35,40,18,15,17,25
0.790058536585366,0.833810006303578,1068,223,41,69,21,23,20,46
0.807415832575068,0.86251633959471,1076,215,35,102,20,23,15,79
0.717297954725973,0.717268070904704,1072,219,32,16,13,6,19,10
0.768086948383172,0.802465457946469,1056,235,34,47,19,12,15,35
0.718131433095804,0.720333526543724,1075,216,28,15,12,8,16,7
0.739651070578906,0.774033717675266,1068,223,30,47,14,7,16,40
0.786122912939774,0.814832645333379,1061,230,43,42,24,16,19,26
0.758563343923749,0.794431248355222,1070,221,32,35,17,10,15,25
0.757707009531374,0.794485307403499,1065,226,32,31,12,8,20,23
0.744488501189532,0.791443248775356,1059,232,30,45,16,15,14,30
0.76265140738825,0.781428479156049,1084,207,37,24,17,11,20,13
0.757950409463148,0.808777631731178,1074,217,35,43,17,7,18,36
0.703600178890877,0.746706793046528,1061,230,43,63,20,13,23,50
0.755389144905274,0.795131940861655,1062,229,31,31,14,11,17,20
0.764684113137721,0.769664429873349,1071,220,30,19,17,12,13,7
0.712633611784784,0.718025714769013,1044,247,54,24,27,12,27,12
0.727248465439018,0.756647093311988,1074,217,42,37,19,13,23,24
0.811716022242338,0.816871651668332,1077,214,37,17,20,9,17,8
0.756351219512195,0.793310777407927,1066,225,41,33,19,13,22,20
0.796796895553802,0.847177218700493,1067,224,24,42,14,13,10,29
0.756447683454446,0.790410549771777,1072,219,38,68,18,21,20,47
0.689268585131895,0.716875303970817,1062,229,40,89,15,19,25,70
0.805970787439283,0.805198870116685,1066,225,47,18,25,11,22,7
0.754036961434716,0.79640692427739,1070,221,44,117,20,38,24,79
0.748332441590869,0.803821311526596,1089,202,45,81,21,24,24,57
0.716905187835421,0.761752332011165,1062,229,43,97,19,24,24,73
0.76265923566879,0.801510912392918,1056,235,35,49,22,16,13,33
0.727853432542468,0.775829033680602,1070,221,34,101,15,25,19,76
0.753946769790719,0.78445387525168,1078,213,35,100,15,19,20,81
0.750808962070943,0.781335649793326,1052,239,39,69,19,25,20,44
0.738917073170732,0.777118609714963,1072,219,41,48,20,17,21,31
0.740263414634146,0.784410173554519,1052,239,41,55,24,16,17,39
0.717812353492733,0.719609417892304,1074,217,27,12,11,4,16,8
0.804892601431981,0.804811003176816,1072,219,34,13,19,9,15,4
0.736808494414579,0.777752315680882,1065,226,42,86,19,16,23,70
0.680568356374808,0.756844043963835,1069,222,31,118,15,23,16,95
0.73091461802802,0.79244231917131,1083,208,30,41,12,14,18,27
0.763798960831335,0.803410288694109,1054,237,40,33,21,16,19,17
0.711360911270983,0.732930601995874,1054,237,40,35,16,11,24,24
0.779052969502408,0.81771912670483,1072,219,45,66,24,19,21,47
0.684889434889435,0.73482857573844,1075,216,33,76,14,16,19,60
0.699891920095408,0.753763188559389,1070,221,43,117,18,23,25,94
0.78776558776807,0.829765107234246,1049,242,32,39,19,15,13,24
0.786518388983004,0.829771531488587,1048,243,29,62,18,18,11,44
0.689240559499307,0.691608732769872,1064,227,38,17,11,6,27,11
0.716422954042762,0.771534731429466,1044,247,39,60,21,19,18,41
0.798609213618231,0.827150078291236,1063,228,29,26,19,12,10,14
0.715207373271889,0.743724483895894,1071,220,31,99,13,22,18,77
0.717672237240927,0.75263767793712,1063,228,39,61,18,18,21,43
0.773611111111111,0.835678618312196,1049,242,40,67,24,26,16,41
0.632608056453984,0.647940804923928,1065,226,38,63,9,9,29,54
0.813395219893309,0.84301421892787,1081,210,38,82,19,22,19,60
0.696905464077988,0.7173848970839,1066,225,39,43,11,12,28,31
0.700442229397726,0.756637755446331,1074,217,34,40,14,10,20,30
0.715117030906505,0.720705257198067,1060,231,37,15,14,5,23,10
0.692529850424587,0.756900402666838,1059,232,37,65,18,20,19,45
0.753673794358508,0.805212002907376,1067,224,35,73,20,18,15,55
0.734142685851319,0.762297769588226,1078,213,40,40,13,11,27,29
0.724858439795966,0.761480181203691,1046,245,34,61,19,18,15,43
0.758166203335981,0.813819149887683,1065,226,32,97,18,26,14,71
0.742839768926725,0.793965966421331,1080,211,26,126,13,24,13,102
0.787774253238171,0.839141612101497,1053,238,30,87,19,28,11,59
0.724018276649855,0.775549415237586,1100,191,37,44,18,13,19,31
0.711431131592422,0.738301237397267,1101,190,31,17,13,7,18,10
0.657461328480437,0.708139705428916,1059,232,35,75,12,16,23,59
0.698825727248465,0.749770077492318,1064,227,42,110,18,25,24,85
0.736620185922975,0.772821707096509,1069,222,36,33,18,15,18,18
0.734911738914941,0.821901631853233,1073,218,42,73,23,19,19,54
0.719058630823337,0.75778594679917,1090,201,33,23,18,10,15,13
0.720570164659622,0.758132113534548,1062,229,39,73,17,21,22,52
0.686310953524725,0.691023819929549,1062,229,42,24,17,10,25,14
0.761185826975301,0.79166613878396,1056,235,37,50,16,15,21,35
0.733492442322991,0.774736012930416,1042,249,34,54,16,17,18,37
0.770705333005652,0.769949127249261,1064,227,39,21,21,13,18,8
0.736637589214909,0.763163734944575,1104,187,30,23,13,11,17,12
0.685639357712143,0.737974203988587,1048,243,27,51,14,17,13,34
0.784331797235023,0.833047832358351,1078,213,31,44,17,14,14,30
0.716171472105016,0.722290676686873,1084,207,27,16,12,9,15,7
0.781014553792878,0.813752287023564,1077,214,34,49,15,11,19,38
0.718024110555719,0.761631136968736,1082,209,38,124,19,37,19,87
0.749449973808277,0.793511862832658,1087,204,46,80,20,21,26,59
0.730837789661319,0.782394502234527,1065,226,33,52,16,18,17,34
0.726905721192587,0.776471699914804,1056,235,50,60,23,19,27,41
0.780553670399276,0.828463583841966,1043,248,28,100,13,21,15,79
0.679095657478364,0.751032785633605,1054,237,42,122,19,30,23,92
0.761619404316033,0.803068386891112,1079,212,45,60,26,17,19,43
0.770631594161006,0.771614506643838,1073,218,33,12,15,7,18,5
0.672002398081535,0.677102412096527,1079,212,40,21,13,7,27,14
0.746010359591605,0.793306678444855,1065,226,54,65,28,24,26,41
0.74027224435591,0.781869090475185,1065,226,36,40,15,7,21,33
0.691597641443212,0.735837184253126,1052,239,34,67,14,9,20,58
0.734312148028962,0.757727314274853,1051,240,48,43,21,17,27,26
0.654655115917097,0.703036613816572,1074,217,39,97,13,29,26,68
0.767093654563963,0.833306469509522,1074,217,28,67,18,28,10,39
0.737456355877408,0.788022385988424,1079,212,37,70,12,19,25,51
0.794750670840787,0.832280098231971,1059,232,43,46,26,22,17,24
0.735194102462272,0.804074821512119,1066,225,32,82,16,19,16,63
0.76141684402554,0.802840096393247,1077,214,26,41,9,7,17,34
0.694450516421662,0.762538547098748,1077,214,29,70,12,10,17,60
0.76806340624232,0.772300367594429,1019,272,39,19,26,13,13,6
0.712530712530712,0.773060438018901,1081,210,33,62,11,12,22,50
0.752678176184152,0.811942547517805,1085,206,36,74,16,15,20,59
0.766701828410689,0.825976550012533,1088,203,27,38,14,15,13,23
0.715497601918465,0.75118066318898,1065,226,40,107,18,26,22,81
0.762295263390881,0.807083325998524,1084,207,36,51,17,16,19,35
0.703834850893674,0.756730076045822,1098,193,33,124,16,27,17,97
0.740589479249273,0.817100966265446,1071,220,30,87,15,21,15,66
0.716519624476869,0.721807400379194,1067,224,28,15,12,8,16,7
0.784796758480969,0.833016497779556,1071,220,37,55,21,18,16,37
0.801159072741807,0.829928646722594,1068,223,40,81,24,28,16,53
0.663489535941765,0.709777170100741,1091,200,35,61,14,13,21,48
0.776163788173396,0.820033670281769,1047,244,42,86,23,28,19,58
0.779026778577138,0.81493805932072,1069,222,40,46,24,19,16,27
0.704517072529495,0.745716751801219,1068,223,49,63,21,18,28,45
0.664823914823915,0.693389864236948,1072,219,37,32,14,10,23,22
0.812436768319121,0.855935206219946,1053,238,33,101,21,28,12,73
0.75748159218488,0.812834315814881,1068,223,44,102,25,28,19,74
0.736790366183337,0.735585810123088,1057,234,39,24,17,10,22,14
0.758975900322422,0.795448814983431,1081,210,29,18,18,7,11,11
0.730861749933915,0.729212276686986,1068,223,30,13,13,8,17,5
0.759174413457282,0.762073349845923,1066,225,36,18,18,8,18,10
0.752099334357399,0.780125801706164,1052,239,31,44,16,16,15,28
0.759942042720711,0.804910819702409,1077,214,44,58,22,23,22,35
0.776605482487835,0.822104880016229,1070,221,33,75,18,18,15,57
0.784072842896372,0.783872834696384,1072,219,33,12,21,7,12,5
0.799596757256269,0.825944720313761,1077,214,38,63,19,13,19,50
0.765478552370528,0.818166519792092,1041,250,47,80,28,23,19,57
0.731289808917197,0.787672954234084,1060,231,35,76,18,16,17,60
0.674734395750332,0.725962723538695,1076,215,36,43,12,10,24,33
0.74423339399454,0.774180838900096,1055,236,35,28,18,10,17,18
0.781391441503223,0.78028488262917,1037,254,23,11,13,6,10,5
0.815247795682578,0.841799286411351,1080,211,26,20,14,9,12,11
0.763915894620458,0.812759469713853,1047,244,42,89,23,24,19,65
0.762907317073171,0.815834808861133,1070,221,41,113,19,24,22,89
0.767561644957811,0.82240953485972,1056,235,39,70,24,20,15,50
0.748651863600317,0.751983048388546,1078,213,30,19,14,11,16,8
0.766843398422346,0.808430454994043,1054,237,37,78,19,15,18,63
0.743594875900721,0.77692975708507,1066,225,42,35,21,15,21,20
0.733371246587807,0.77935640609168,1086,205,35,64,17,20,18,44
0.752478676095356,0.798430036308744,1043,248,44,114,20,34,24,80
0.771087352138307,0.822006664553738,1096,195,35,55,16,13,19,42
0.662231663685152,0.703932406686706,1049,242,43,48,13,14,30,34
0.691755201416556,0.737517651316401,1081,210,36,84,15,17,21,67
0.762870739265162,0.801726210912487,1093,198,36,93,17,21,19,72
0.704015512839042,0.747209277794516,1071,220,33,110,12,24,21,86
0.749450138050447,0.766945968002628,1063,228,34,37,15,12,19,25
0.739942378208486,0.743658999845376,1071,220,46,26,26,17,20,9
0.72484674060555,0.783137252884328,1080,211,34,70,18,15,16,55
0.72550412590852,0.772766063277817,1085,206,29,55,12,14,17,41
0.753023076552488,0.751499398183602,1081,210,33,16,16,6,17,10
0.731281678592725,0.732290963590544,1071,220,43,25,21,14,22,11
0.720577964030033,0.770839440181513,1099,192,46,55,19,11,27,44
0.762923351158645,0.772465003005969,1059,232,33,24,18,14,15,10
0.71295422954726,0.719994158585539,1072,219,32,12,16,6,16,6
0.783376986205692,0.808703100647207,1068,223,46,32,27,13,19,19
0.775707151709557,0.810996204587282,1051,240,44,59,23,20,21,39
0.731059010716458,0.786056302985576,1073,218,34,50,15,15,19,35
0.736607574536664,0.738971835895886,1061,230,50,23,24,11,26,12
0.787620572648595,0.825618792508929,1030,261,42,66,26,20,16,46
0.751538919777601,0.798447370790809,1077,214,32,50,14,7,18,43
0.720419617478441,0.764445582758166,1057,234,33,113,17,35,16,78
0.801687023257991,0.848971867068198,1067,224,34,49,18,13,16,36
0.684224294813467,0.720519568032799,1101,190,35,49,14,11,21,38
0.73792965627498,0.806251475199936,1045,246,40,48,21,17,19,31
0.692941264162194,0.749552900449898,1057,234,43,85,19,16,24,69
0.70632798573975,0.762711819447869,1074,217,33,74,16,15,17,59
0.660614205650234,0.693017398481586,1086,205,42,63,14,12,28,51
0.728273170731707,0.728237788906724,1062,229,41,23,14,9,27,14
0.773414206917114,0.800191809491382,1077,214,43,43,19,16,24,27
0.764526829268293,0.787414468657097,1070,221,41,34,20,11,21,23
0.728956097560976,0.729118703246441,1062,229,41,23,20,12,21,11
0.655955235811351,0.704424438783936,1057,234,40,128,14,30,26,98
0.744972702456779,0.749373386159146,1057,234,35,16,18,7,17,9
0.738864183130422,0.782733692562793,1077,214,44,98,20,21,24,77
0.648787580896207,0.655998435336844,1058,233,39,19,14,6,25,13
0.766866506794564,0.802479409822419,1047,244,40,37,24,22,16,15
0.789496693808405,0.831514280686233,1041,250,29,65,19,26,10,39
0.779628559040324,0.839124223437059,1059,232,33,80,21,24,12,56
0.701049160671463,0.762771209985373,1073,218,40,139,15,36,25,103
0.620876035378352,0.6536120061866,1055,236,34,37,11,5,23,32
0.704426737494467,0.746071800610402,1073,218,36,68,15,12,21,56
0.719810426540284,0.788689875878897,1079,212,25,48,11,10,14,38
0.750379696243005,0.784910207483598,1065,226,40,113,19,25,21,88
0.746748411437649,0.806514421068492,1060,231,32,92,19,16,13,76
0.699372759856631,0.743045019262947,1080,211,31,112,12,22,19,90
0.767710811525245,0.818235732662822,1075,216,30,39,15,10,15,29
0.737445579550843,0.784520143931138,1069,222,37,54,18,14,19,40
0.746286016389109,0.785665985818959,1051,240,30,37,15,12,15,25
0.760926672038678,0.804955702777523,1081,210,50,89,26,24,24,65
0.733639024390244,0.752584392199896,1072,219,41,26,18,10,23,16
0.775958751627673,0.802780302081533,1052,239,38,30,21,14,17,16
0.711210780699598,0.772220479577602,1076,215,39,121,19,34,20,87
0.744064062088924,0.780686967286508,1069,222,24,63,8,12,16,51
0.816062502625278,0.847726623377731,1058,233,38,69,23,23,15,46
0.692368061874431,0.737145753797738,1063,228,35,70,15,14,20,56
0.792667791898332,0.83935630806578,1070,221,32,44,20,20,12,24
0.658009756097561,0.69796784391575,1083,208,41,47,16,17,25,30
0.749889331562638,0.796108032281559,1072,219,36,63,18,20,18,43
0.711776367961935,0.767595854642802,1038,253,30,71,15,18,15,53
0.747998398718975,0.754947964011245,1050,241,42,22,26,16,16,6
0.761698240013441,0.804260781436721,1084,207,38,116,18,18,20,98
0.664415032231519,0.721097218692001,1089,202,23,64,10,17,13,47
0.700096803018268,0.736007585351277,1066,225,32,37,10,7,22,30
0.701519957705525,0.743505354484882,1090,201,30,66,12,19,18,47
0.727738183009749,0.773309608613297,1055,236,39,77,19,21,20,56
0.704533034592054,0.704925745604703,1068,223,29,21,11,7,18,14
0.761907840855209,0.779314587390871,1042,249,37,23,23,15,14,8
0.763477958697379,0.805423378083707,1058,233,32,57,19,17,13,40
0.748590836826131,0.801744978998269,1072,219,33,54,18,13,15,41
0.726676579358725,0.729383373494821,1065,226,42,21,17,8,25,13
0.78522073339774,0.813175567209571,1066,225,38,35,22,11,16,24
0.694590544056102,0.710872519872802,1074,217,28,18,8,4,20,14
0.729655107866536,0.784071702652637,1059,232,34,50,17,16,17,34
0.661201039168665,0.710330395716836,1058,233,40,92,18,27,22,65
0.735156870532168,0.813748983399474,1086,205,32,38,18,10,14,28
0.746878726893262,0.779622738871259,1094,197,43,46,20,17,23,29
0.679144877983373,0.743821420249358,1072,219,48,91,24,16,24,75
0.79331797235023,0.840408414915239,1088,203,31,70,16,16,15,54
0.72824926607953,0.779278807841827,1060,231,42,45,20,14,22,31
0.67330161247687,0.690547726122893,1053,238,30,25,13,10,17,15
0.731961044710049,0.798451918982676,1064,227,36,91,20,28,16,63
0.75884903891233,0.791600135448734,1066,225,27,63,14,18,13,45
0.723915235014912,0.723841461141648,1074,217,38,20,16,8,22,12
0.77105694692904,0.819649864817973,1066,225,43,91,25,24,18,67
0.780254106415836,0.817058961476669,1042,249,34,101,20,29,14,72
0.708304031879981,0.751083371076276,1076,215,27,73,14,15,13,58
0.779619349722443,0.811412496979877,1076,215,30,25,17,8,13,17
0.804391471552992,0.819705200245727,1076,215,28,59,18,13,10,46
0.793075566009997,0.824335931177903,1067,224,38,36,22,18,16,18
0.675074724794051,0.705498216338424,1067,224,44,38,17,14,27,24
0.724812292648856,0.78431671466041,1034,257,46,70,27,24,19,46
0.739141849035998,0.785622224645955,1054,237,38,57,19,15,19,42
0.686547702766057,0.716312509091425,1076,215,27,79,8,14,19,65
0.663635618907184,0.710093233135853,1082,209,39,43,19,15,20,28
0.739922656960874,0.77542061199753,1079,212,35,32,19,18,16,14
0.710094617842222,0.774417976834295,1053,238,39,57,17,19,22,38
0.764464925755248,0.798935623457993,1056,235,31,58,13,16,18,42
0.779049135577798,0.81278444688342,1089,202,35,61,18,16,17,45
0.75,0.788912605105388,1056,235,36,35,16,9,20,26
0.697554850647634,0.774619790760149,1052,239,30,45,13,17,17,28
0.812040133779264,0.856822825368687,1072,219,26,71,15,16,11,55
0.693043335701404,0.734546547611644,1065,226,29,34,13,11,16,23
0.767536252830371,0.76709305163241,1071,220,33,8,17,5,16,3
0.720237661296202,0.776529782125632,1062,229,44,33,20,11,24,22
0.721823284974849,0.764667822748848,1058,233,44,77,20,23,24,54
0.75284318728585,0.806115449600048,1050,241,44,107,25,22,19,85
0.749745462594068,0.790458051396812,1070,221,36,99,16,25,20,74
0.74508538522637,0.770776416961991,1055,236,32,109,10,19,22,90
0.729039778216491,0.781405250145404,1072,219,38,82,21,22,17,60
0.70620743844945,0.755464363118358,1078,213,46,75,19,18,27,57
0.8166947974583,0.83686117703307,1069,222,32,26,17,9,15,17
0.783819764464926,0.820778633300061,1064,227,31,88,14,20,17,68
0.635006446319737,0.655372428331617,1064,227,27,19,10,5,17,14
0.776039879522666,0.837479731548121,1049,242,42,76,26,27,16,49
0.737915006640106,0.741004411886051,1071,220,36,21,18,12,18,9
0.738256973551091,0.793756912109127,1084,207,33,127,16,23,17,104
0.747212230215827,0.762735180533379,1079,212,40,40,17,16,23,24
0.7580725503985,0.820201100134192,1074,217,27,64,13,12,14,52
0.754401728844404,0.783462403558893,1039,252,35,26,17,10,18,16
0.700751219512195,0.771544525986921,1061,230,41,152,19,35,22,117
0.703699655718892,0.774936844569739,1062,229,29,60,12,15,17,45
0.794704084675015,0.830169376637083,1065,226,43,123,22,29,21,94
0.810056467951205,0.853263916482811,1083,208,37,38,17,12,20,26
0.759484943351222,0.809602673575392,1075,216,43,74,23,17,20,57
0.707941410454396,0.768689345899559,1072,219,34,88,16,22,18,66
0.720501639833035,0.729611782798746,1048,243,43,28,20,14,23,14
0.813569550411656,0.856399942005064,1054,237,37,121,19,29,18,92
0.708827146690519,0.751718128936936,1071,220,43,115,16,24,27,91
0.694704236610711,0.769564012071355,1055,236,40,97,19,27,21,70
0.76125099920064,0.763754111594781,1079,212,40,15,22,10,18,5
0.710864155638502,0.772124227733049,1051,240,28,55,14,14,14,41
0.763942553036378,0.811501384999504,1034,257,44,90,23,32,21,58
0.700523202911738,0.754082752284896,1077,214,35,76,15,17,20,59
0.735373988481446,0.741413040390743,1041,250,44,31,24,15,20,16
0.701589868526064,0.746843329867526,1074,217,38,76,15,17,23,59
0.697209756097561,0.731992283556472,1073,218,41,60,14,12,27,48
0.666247653526415,0.716341010236118,1073,218,48,66,17,16,31,50
0.717710811525245,0.739979522075362,1079,212,30,26,14,10,16,16
0.776408835751258,0.814187620050267,1078,213,44,98,22,19,22,79
0.775297076620252,0.803149120366694,1054,237,44,109,23,23,21,86
0.711539416203336,0.766407398881998,1090,201,32,112,15,24,17,88
0.703050536139794,0.730880688557247,1058,233,32,18,14,6,18,12
0.716890354868062,0.77085933571746,1084,207,35,99,18,26,17,73
0.783388667552014,0.839128021534383,1069,222,36,123,21,32,15,91
0.722546341463415,0.720129320790032,1062,229,41,15,19,8,22,7
0.730463314358001,0.735008112437922,1080,211,51,24,22,11,29,13
0.781800939695677,0.823171362317297,1070,221,37,79,20,25,17,54
0.731658536585366,0.783873732560816,1071,220,41,86,17,16,24,70
0.791722000885347,0.829078460635121,1063,228,36,37,19,11,17,26
0.760924025629908,0.807103204729387,1061,230,33,41,18,20,15,21
0.692164089222913,0.725275110120753,1055,236,33,63,13,11,20,52
0.742869744192884,0.794149050217668,1069,222,38,28,21,8,17,20
0.740646148540885,0.78430559154652,1089,202,37,69,18,16,19,53
0.627092682926829,0.672207823613693,1068,223,41,65,13,15,28,50
0.713903970139125,0.7221665676624,1086,205,28,13,13,7,15,6
0.768421807159826,0.824480167197846,1070,221,39,70,18,16,21,54
0.774068199841396,0.81491118826774,1063,228,30,18,19,7,11,11
0.712808224789055,0.757271415523468,1043,248,39,40,21,14,18,26
0.74361661126367,0.803945566954967,1085,206,33,122,13,19,20,103
0.783227597145123,0.803629575902757,1074,217,30,80,13,19,17,61
0.73150479616307,0.766254094927926,1063,228,40,44,19,9,21,35
0.757472702456779,0.815945254832064,1073,218,35,57,23,18,12,39
0.725229268292683,0.786599272566746,1082,209,41,64,21,19,20,45
0.75310243902439,0.795795582363453,1051,240,41,125,21,40,20,85
0.737096486534689,0.790672074563312,1045,246,45,36,26,16,19,20
0.793171950520193,0.832497428765198,1061,230,39,79,25,23,14,56
0.741415761463877,0.806704131253842,1100,191,44,94,20,26,24,68
0.73662158188768,0.786618355373041,1056,235,38,62,21,19,17,43
0.782321094971215,0.81632105080688,1069,222,42,91,22,27,20,64
0.654079457893874,0.708689776070959,1083,208,29,38,10,12,19,26
0.818100358422939,0.822958496061334,1093,198,31,13,20,8,11,5
0.708982813749001,0.732848654048121,1060,231,40,31,16,11,24,20
0.666058683584457,0.690113662261967,1066,225,30,21,13,8,17,13
0.728492355043685,0.752382023652651,1066,225,32,36,14,8,18,28
0.746975609756098,0.783448604680414,1079,212,41,120,16,29,25,91
0.83232414068745,0.862760649388026,1058,233,40,32,25,16,15,16
0.776369671106513,0.807350281307771,1046,245,37,30,20,12,17,18
0.700760109455762,0.756285526686117,1058,233,26,64,11,20,15,44
0.769150025601638,0.811586588768547,1075,216,31,151,13,28,18,123
0.774200639488409,0.79676698821573,1063,228,40,51,20,16,20,35
0.697578162413628,0.74608540694673,1061,230,47,45,20,18,27,27
0.774647743098222,0.837452744247816,1075,216,39,129,20,26,19,103
0.716673170731707,0.77254797417873,1047,244,41,60,18,16,23,44
0.769397257709767,0.792776090975334,1042,249,34,85,16,23,18,62
0.769704196174784,0.814632853266995,1071,220,33,103,15,19,18,84
0.716848780487805,0.765164092146612,1065,226,41,62,19,18,22,44
0.732204084675015,0.769212815703233,1049,242,43,40,20,15,23,25
0.748703366696997,0.798462887328949,1088,203,35,53,19,12,16,41
0.711454183266932,0.768656400957517,1069,222,36,76,15,18,21,58
0.693130118289354,0.737256811449712,1059,232,35,88,14,17,21,71
0.766266311875775,0.79289987436386,1067,224,44,68,24,20,20,48
0.707691456396636,0.740496317805427,1043,248,36,35,13,8,23,27
0.784382518043304,0.826748445067355,1054,237,44,60,27,26,17,34
0.683787323205867,0.68787352154317,1073,218,46,17,20,4,26,13
0.780764744477655,0.803141162006255,1103,188,44,35,24,12,20,23
0.7418222658992,0.791156369927904,1071,220,34,46,18,14,16,32
0.72385759529465,0.75034923319601,1081,210,28,115,11,22,17,93
0.792677768966429,0.836044978827625,1081,210,30,35,19,13,11,22
0.737270183852918,0.77403257687852,1053,238,40,79,21,21,19,58
0.709212376933896,0.74822432180711,1040,251,27,62,12,17,15,45
0.744214029697901,0.745252567557368,1077,214,31,10,13,3,18,7
0.738637795606334,0.771690064482431,1065,226,38,32,19,16,19,16
0.747355024347056,0.793465512051512,1052,239,36,83,20,20,16,63
0.715534153736401,0.716064487943184,1064,227,45,24,20,11,25,13
0.748746525019857,0.781194830163662,1065,226,32,32,16,16,16,16
0.641523501491158,0.642133571104053,1077,214,38,20,10,4,28,16
0.708146341463415,0.753558079236241,1095,196,41,51,15,17,26,34
0.772835583796664,0.813208643726552,1068,223,32,35,16,12,16,23
0.736928315875684,0.784105231756033,1043,248,37,48,18,16,19,32
0.708362291501191,0.751916270714226,1052,239,32,50,15,12,17,38
0.749498238715491,0.808558831228295,1069,222,39,45,18,14,21,31
0.807217202333295,0.836791969114803,1057,234,42,63,27,19,15,44
0.768105356352368,0.799307938379551,1075,216,36,112,17,25,19,87
0.720861000442674,0.724070352173163,1057,234,36,21,17,7,19,14
0.725379696243005,0.724592443637367,1058,233,40,25,18,11,22,14
0.718802534592008,0.759549547637019,1055,236,37,91,13,18,24,73
0.781839309428951,0.824257612966272,1069,222,36,71,20,17,16,54
0.730602164416203,0.778938531648189,1087,204,32,112,14,22,18,90
0.79054054054054,0.830974954467849,1090,201,37,54,21,14,16,40
0.733975210270031,0.737888116786418,1052,239,36,20,16,11,20,9
0.735407876230661,0.762740394777424,1076,215,27,24,11,7,16,17
0.688390880920762,0.723443729496652,1066,225,36,106,16,24,20,82
0.808081428688457,0.858677930114479,1078,213,39,92,22,16,17,76
0.739561893560717,0.812359779824629,1071,220,38,109,19,20,19,89
0.797039386730108,0.839593498929652,1082,209,30,90,18,25,12,65
0.768090663006596,0.847282617757666,1071,220,42,102,24,33,18,69
0.685911834901025,0.718526239390538,1063,228,34,22,11,2,23,20
0.736836896278701,0.797509601347412,1060,231,28,49,15,14,13,35
0.73181594622657,0.734014671718249,1070,221,29,18,14,8,15,10
0.721082044611456,0.756997518956859,1058,233,33,110,13,21,20,89
0.63686365648517,0.642598428926111,1088,203,36,15,12,3,24,12
0.735336282460883,0.737471487213405,1055,236,39,23,19,10,20,13
0.686103065741297,0.717383192784748,1066,225,29,39,11,11,18,28
0.709394801500065,0.754688132644391,1057,234,37,62,16,13,21,49
0.770203571721144,0.816639448194353,1091,200,39,45,22,14,17,31
0.680503633385139,0.73761118989041,1065,226,38,94,17,15,21,79
0.748112775935034,0.810310765913444,1043,248,42,71,26,27,16,44
0.680514134498257,0.713569437210298,1078,213,38,85,10,17,28,68
0.730854360336432,0.803082461263235,1083,208,36,60,19,15,17,45
0.710009385894342,0.757412455455539,1054,237,48,76,20,19,28,57
0.803044129346249,0.829755372561709,1059,232,34,67,20,20,14,47
0.742263249981775,0.788733949183576,1047,244,44,47,25,16,19,31
0.737775516282764,0.806949117770188,1067,224,32,168,17,40,15,128
0.786712749615975,0.826478893161574,1048,243,31,61,21,15,10,46
0.771732613908873,0.773375174465251,1051,240,40,20,22,10,18,10
0.711644309980316,0.708215423530263,1088,203,44,19,15,7,29,12
0.70497895290713,0.770949680502086,1059,232,24,88,12,17,12,71
0.732916287534122,0.781130583759048,1056,235,35,79,19,21,16,58
0.718377088305489,0.774464347302935,1090,201,34,53,15,16,19,37
0.730405675459632,0.733890349699665,1078,213,40,18,17,8,23,10
0.704042762349471,0.770453231533403,1049,242,39,81,20,19,19,62
0.763796748560181,0.80112086673224,1082,209,44,106,17,27,27,79
0.756785530441294,0.788652286680908,1081,210,34,50,14,17,20,33
0.757371007371007,0.788892954497494,1054,237,33,27,16,12,17,15
0.730311651364283,0.778953044330584,1078,213,37,49,18,17,19,32
0.74241214057508,0.785729879746746,1079,212,39,122,20,28,19,94
0.751548899129544,0.766542513812846,1068,223,31,27,16,10,15,17
0.681894016513969,0.715014906925416,1054,237,28,58,10,11,18,47
0.798525798525799,0.79880211991292,1051,240,33,19,22,12,11,7
0.704390923240763,0.743489960001409,1077,214,39,65,16,12,23,53
0.710355172927847,0.755387793935829,1052,239,43,47,20,15,23,32
0.744728441214769,0.793289297981868,1059,232,38,45,19,10,19,35
0.718034879799586,0.765465277620499,1080,211,33,79,13,18,20,61
0.791210679355009,0.80750399264683,1062,229,30,25,18,8,12,17
0.757744495647721,0.760989868787975,1077,214,31,13,17,5,14,8
0.779570970328789,0.797612320080395,1063,228,44,20,27,13,17,7
0.746834882691456,0.788984950226107,1055,236,36,72,15,23,21,49
0.793357597816197,0.834186317845066,1063,228,35,65,20,25,15,40
0.729029277103373,0.770015212772277,1080,211,38,43,16,10,22,33
0.785292259083728,0.833892348260972,1050,241,25,53,16,17,9,36
0.695024318268758,0.698880941368224,1071,220,29,15,11,5,18,10
0.70987177687304,0.755121595326622,1095,196,34,95,13,18,21,77
0.733124272597957,0.793491093574466,1064,227,37,73,18,16,19,57
0.723764208300291,0.784684444541434,1045,246,30,77,12,21,18,56
0.745104333868379,0.805333846470323,1059,232,45,98,21,23,24,75
0.726357724384432,0.760069387373012,1043,248,32,73,13,16,19,57
0.733357327243844,0.735335209395935,1079,212,32,14,13,3,19,11
0.723091512565197,0.770499892794579,1059,232,37,86,19,20,18,66
0.745432948308347,0.789170657850033,1056,235,39,64,16,16,23,48
0.683056989674345,0.750728737029157,1060,231,32,66,15,15,17,51
0.706946341463415,0.76000359955745,1048,243,41,61,19,19,22,42
0.749545040946315,0.779498389480716,1091,200,35,54,16,11,19,43
0.811807814913405,0.848602107635451,1054,237,49,60,32,17,17,43
0.75374203821656,0.843781997033015,1081,210,35,84,19,24,16,60
0.846312195121951,0.85729855055212,1059,232,41,30,29,17,12,13
0.798136585365854,0.819258166990892,1073,218,41,65,24,16,17,49
0.75161575918548,0.795018639858221,1071,220,36,91,18,21,18,70
0.747301213928676,0.783199368151459,1063,228,38,32,21,19,17,13
0.717828685258964,0.716341337329356,1071,220,36,22,19,11,17,11
0.798863335976738,0.798253295845052,1087,204,30,15,13,7,17,8
0.782394084732214,0.849229245856964,1060,231,40,52,25,20,15,32
0.753277009728623,0.799930214085902,1074,217,31,85,16,24,15,61
0.790783377790257,0.830577631029096,1064,227,34,107,21,25,13,82
0.778766986410871,0.809302333920351,1080,211,40,67,19,17,21,50
0.762513312034079,0.767912350956264,1046,245,39,28,21,14,18,14
0.7863111329565,0.839746256430927,1055,236,39,62,21,17,18,45
0.750015202189115,0.795647011339806,1076,215,26,24,12,5,14,19
0.698812448812449,0.703790871340518,1093,198,37,18,14,8,23,10
0.784440400363967,0.783582375246737,1079,212,35,18,18,11,17,7
0.807696452433295,0.845868467697976,1084,207,37,66,18,17,19,49
0.760159709044908,0.805379013144659,1071,220,51,41,27,18,24,23
0.756336480020691,0.809996075123103,1069,222,37,46,23,15,14,31
0.783771961799227,0.825327615665515,1074,217,44,66,25,22,19,44
0.733663069544365,0.760799560218127,1064,227,40,109,17,21,23,88
0.687215650591447,0.697215207713539,1063,228,35,16,18,10,17,6
0.699294813466788,0.69681572813078,1088,203,35,15,11,4,24,11
0.71326164874552,0.759106953662026,1053,238,31,63,17,12,14,51
0.730229845115171,0.80172097688532,1076,215,32,42,16,17,16,25
0.758021390374332,0.829221795997419,1068,223,33,82,20,25,13,57
0.749976601619168,0.780945181870499,1056,235,34,35,13,9,21,26
0.72536832412523,0.755027002209108,1043,248,24,20,10,6,14,14
0.672282278066358,0.709883081882642,1059,232,34,64,15,20,19,44
0.821941463414634,0.86631605044603,1084,207,41,94,26,31,15,63
0.731228482430734,0.801516701489642,1058,233,29,30,14,9,15,21
0.766279690419002,0.784751758492427,1070,221,42,25,22,11,20,14
0.734062980030722,0.763708409263428,1053,238,31,42,12,12,19,30
0.786675520141656,0.832212567660651,1058,233,36,110,21,26,15,84
0.732646691635455,0.783000208851126,1073,218,45,89,24,25,21,64
0.757327902064744,0.794959929326406,1063,228,37,45,19,15,18,30
0.818138760880696,0.862228507679366,1057,234,31,43,21,17,10,26
0.759895359417652,0.800837150203554,1064,227,35,48,18,11,17,37
0.689810547875064,0.740185345947166,1085,206,31,62,11,13,20,49
0.770626024629227,0.800116643729114,1077,214,42,46,20,13,22,33
0.763976895555843,0.764436273107361,1046,245,37,21,20,11,17,10
0.748197960618847,0.813186602269572,1051,240,27,105,12,24,15,81
0.721781552716552,0.771096530048337,1044,247,34,47,16,15,18,32
0.733071882446386,0.732717509458283,1080,211,32,17,14,6,18,11
0.82157564696523,0.824466384219222,1057,234,34,16,21,12,13,4
0.712979050833995,0.776320209548668,1069,222,32,58,16,15,16,43
0.722034085878707,0.784306769394364,1043,248,36,46,14,18,22,28
0.77759792166267,0.826836903465916,1059,232,40,73,23,22,17,51
0.737930514246304,0.765327183068001,1064,227,37,26,14,11,23,15
0.715424285044538,0.716142092424325,1063,228,27,16,11,6,16,10
0.719532979194334,0.753387093703931,1071,220,36,35,12,5,24,30
0.693149623727313,0.751343891034335,1074,217,36,74,16,15,20,59
0.743050680892882,0.786087809749443,1069,222,34,65,17,18,17,47
0.757868525896414,0.803230546796921,1101,190,36,38,18,10,18,28
0.683878360812752,0.73545860285704,1035,256,47,51,22,15,25,36
0.736218353689925,0.736161180817583,1093,198,34,15,17,8,17,7
0.788546341463415,0.848568003119046,1077,214,41,120,23,36,18,84
0.742111728953834,0.801976936891024,1081,210,37,49,18,13,19,36
0.762252541466025,0.825883768824376,1040,251,45,99,29,29,16,70
0.716846522781775,0.762365763022235,1045,246,40,50,19,19,21,31
0.792857142857143,0.834899717979996,1067,224,31,68,20,22,11,46
0.70889756097561,0.751770039098742,1066,225,41,103,16,25,25,78
0.750132485426603,0.749059215613112,1077,214,33,8,14,6,19,2
0.77832150207922,0.777507333154689,1072,219,38,18,22,11,16,7
0.672509436120325,0.719326328512506,1061,230,42,62,19,14,23,48
0.755783359809373,0.796133032909142,1070,221,32,56,15,16,17,40
0.720526746842536,0.746596182299799,1080,211,37,28,17,9,20,19
0.767953360058623,0.801162046881803,1062,229,37,100,20,17,17,83
0.775261681603612,0.826725507395158,1048,243,47,54,26,18,21,36
0.825817796406032,0.850565037393191,1061,230,33,51,21,18,12,33
0.706042496679947,0.759020099680057,1056,235,36,119,18,30,18,89
0.725101798439091,0.784479925358956,1066,225,28,95,15,18,13,77
0.804805401111994,0.822862914158059,1072,219,32,118,13,28,19,90
0.762428065515715,0.779421842187082,1085,206,36,24,16,8,20,16
0.752840367532121,0.79033818309617,1060,231,42,75,23,17,19,58
0.784915891987605,0.810655298388581,1076,215,36,43,18,11,18,32
0.760591526778577,0.804153408354561,1061,230,40,54,21,19,19,35
0.741932270916335,0.770825384419601,1064,227,36,51,16,16,20,35
0.778027470911917,0.77889670162751,1078,213,38,24,20,13,18,11
0.753995006242197,0.794568615795959,1079,212,45,76,22,16,23,60
0.785084888800636,0.831916806923495,1105,186,32,45,16,12,16,33
0.743077295766249,0.789398634008523,1040,251,43,127,24,27,19,100
0.7444001770695,0.784379519939736,1077,214,36,83,17,21,19,62
0.843396474611944,0.865199671763388,1073,218,24,75,18,19,6,56
0.682077716098335,0.754727206317172,1061,230,30,79,15,18,15,61
0.782049938885979,0.782142852105712,1067,224,46,15,22,9,24,6
0.678463176865733,0.758906627679742,1054,237,39,81,20,23,19,58
0.729019457245264,0.791171728087892,1067,224,31,46,16,13,15,33
0.796121351766513,0.836386888416035,1069,222,31,52,20,22,11,30
0.689108713029576,0.729674159574547,1055,236,40,55,19,11,21,44
0.716926819867996,0.759365840668449,1066,225,33,61,14,13,19,48
0.714685701637893,0.7386019741146,1083,208,36,38,13,11,23,27
0.663388844832144,0.706238019668429,1072,219,30,107,12,21,18,86
0.765772671903222,0.76238353202868,1052,239,38,26,20,13,18,13
0.765698272904038,0.795197443623377,1070,221,42,84,22,23,20,61
0.766530884951937,0.802977072615604,1030,261,37,52,21,17,16,35
0.784254560416952,0.838992375564398,1072,219,23,84,11,16,12,68
0.788997848394571,0.837530861587211,1063,228,19,63,12,15,7,48
0.797566705461442,0.796868886109726,1076,215,37,17,21,9,16,8
0.747289115413559,0.800371726330735,1066,225,47,85,23,19,24,66
0.742578435266084,0.786667052730167,1075,216,32,49,18,14,14,35
0.764386032023608,0.789424896765745,1055,236,29,74,16,19,13,55
0.659259881547444,0.717232103264467,1089,202,38,72,12,16,26,56
0.736040853687913,0.736549726305651,1061,230,33,13,14,6,19,7
0.788079536370903,0.819681088794305,1067,224,40,28,20,8,20,20
0.750687285223368,0.79458248317848,1058,233,30,80,18,23,12,57
0.705135616900323,0.706514601323745,1049,242,33,16,14,8,19,8
0.769302449414271,0.803635280719101,1061,230,39,28,19,10,20,18
0.774654333477863,0.77431990347482,1045,246,33,16,14,6,19,10
0.628914563697172,0.705358152432889,1097,194,26,50,12,12,14,38
0.747603833865815,0.749618720986339,1080,211,39,14,16,6,23,8
0.769256867424774,0.819109275463773,1061,230,34,75,19,22,15,53
0.705475619504397,0.736430293550979,1062,229,40,42,18,14,22,28
0.716631744368779,0.776109032172094,1042,249,46,76,25,28,21,48
0.699848243965891,0.699884682435937,1101,190,33,18,10,5,23,13
0.710097805974095,0.791973752603942,1056,235,30,95,15,22,15,73
0.761914217633042,0.792909476258017,1061,230,32,110,15,28,17,82
0.781817371143214,0.785087019223206,1064,227,45,22,29,13,16,9
0.767509245491631,0.809505805037378,1059,232,42,55,23,24,19,31
0.783470636411813,0.827439281189123,1060,231,33,49,20,13,13,36
0.743702965914121,0.744364716151259,1066,225,36,17,17,11,19,6
0.686744230861878,0.727368259311903,1062,229,33,28,15,9,18,19
0.717283116244778,0.779046976711114,1055,236,39,88,20,27,19,61
0.717775779376499,0.746194273051372,1107,184,40,41,12,9,28,32
0.755356666285409,0.78883105126703,1076,215,42,41,23,8,19,33
0.734482414068745,0.821716256795847,1080,211,40,69,22,20,18,49
0.848494983277592,0.871699722256185,1074,217,26,21,17,11,9,10
0.656090598530582,0.687588294298258,1067,224,34,41,12,10,22,31
0.738695011059228,0.742965369246674,1069,222,39,20,19,10,20,10
0.708896534775129,0.71307943960077,1088,203,39,24,15,8,24,16
0.798818897637795,0.828929477549174,1082,209,21,34,14,10,7,24
0.719678714859438,0.78103295505771,1049,242,46,56,20,16,26,40
0.828048038917604,0.873962974501802,1071,220,26,34,17,14,9,20
0.748494909251881,0.823719972895139,1054,237,36,139,18,30,18,109
0.711498810467883,0.726101855124906,1081,210,30,8,14,3,16,5
0.829645783769495,0.822862643403083,1086,205,30,15,14,4,16,11
0.771931707317073,0.830014146067131,1037,254,41,100,25,32,16,68
0.677277446855019,0.733934693281975,1079,212,29,79,8,19,21,60
0.731642456822601,0.769749412551341,1074,217,42,77,19,22,23,55
0.754829696006167,0.787578489398287,1070,221,33,52,17,15,16,37
0.718916308230663,0.754969043311003,1062,229,44,62,20,17,24,45
0.732585365853659,0.756624153037369,1090,201,41,29,17,12,24,17
0.753625283037048,0.805489826914702,1069,222,33,27,19,13,14,14
0.75520520247008,0.753575599550993,1067,224,29,10,13,5,16,5
0.740887948454001,0.772351662315088,1063,228,42,98,18,20,24,78
0.691895734597156,0.730836603193749,1055,236,25,85,12,12,13,73
0.791925615455027,0.804235134788216,1070,221,33,24,18,13,15,11
0.737761036214645,0.754662237931987,1080,211,30,46,12,13,18,33
0.782009945898683,0.834542227124541,1076,215,29,27,16,9,13,18
0.8098271155596,0.840540577246337,1078,213,35,34,21,10,14,24
0.65881483166515,0.725301665733421,1069,222,35,58,10,10,25,48
0.693481629039398,0.748811020970746,1070,221,36,81,18,26,18,55
0.71351228389445,0.715105811669257,1060,231,35,23,14,10,21,13
0.737018592297477,0.771334593769869,1092,199,36,50,14,11,22,39
0.722418107370337,0.776834167138061,1061,230,35,52,16,21,19,31
0.773842950067855,0.833485901436689,1062,229,34,143,18,30,16,113
0.78335970464135,0.836844915678149,1091,200,27,49,15,15,12,34
0.746883530482257,0.786197228709167,1071,220,35,65,14,19,21,46
0.743522785458269,0.756666836073453,1068,223,31,17,15,7,16,10
0.763453292865058,0.830508382407729,1068,223,33,105,17,24,16,81
0.744504396482814,0.79280282903124,1078,213,40,48,18,14,22,34
0.782055781739904,0.833076785877703,1046,245,34,45,17,13,17,32
0.701482926829268,0.708032343472674,1079,212,41,23,19,12,22,11
0.762459637793065,0.820439732946326,1086,205,34,115,18,30,16,85
0.804848780487805,0.860664969991755,1051,240,41,59,29,23,12,36
0.751579390706163,0.752835369562657,1074,217,34,21,16,10,18,11
0.740548225659691,0.797430389522953,1086,205,35,59,18,19,17,40
0.697887708498809,0.753287328500256,1074,217,32,123,11,25,21,98
0.719813466787989,0.758845297214909,1063,228,35,82,16,21,19,61
0.755480574936139,0.794238291293648,1099,192,42,84,20,23,22,61
0.734350178713264,0.753365780489174,1060,231,32,32,15,11,17,21
0.730649539051898,0.774093014968682,1055,236,34,46,15,11,19,35
0.771449259522378,0.808006562567199,1081,210,29,35,16,8,13,27
0.776596008737093,0.818791025813746,1057,234,32,32,20,12,12,20
0.784085520927626,0.829303038718082,1087,204,37,139,19,21,18,118
0.778962069979418,0.80924371308608,1049,242,38,77,20,21,18,56
0.784880104060627,0.788116864475017,1077,214,28,15,15,9,13,6
0.688466787989081,0.712595961393768,1060,231,35,70,12,17,23,53
0.747847348963452,0.791252721515808,1067,224,34,48,18,14,16,34
0.729280733773223,0.785092995907473,1065,226,34,116,16,30,18,86
0.71300457848532,0.739164612470806,1061,230,38,81,14,15,24,66
0.738232251390146,0.779509543066044,1059,232,37,38,18,15,19,23
0.755118601747816,0.754965824846285,1057,234,45,24,21,11,24,13
0.789938334055981,0.812259002213355,1081,210,33,64,14,14,19,50
0.764050489351871,0.806735597014415,1071,220,38,61,16,14,22,47
0.757005604483587,0.817882214347564,1082,209,42,82,20,19,22,63
0.776262225746762,0.812788680408861,1067,224,30,60,16,12,14,48
0.737529691211401,0.782098914793513,1061,230,28,94,10,27,18,67
0.808881839809675,0.83757423109922,1038,253,30,69,18,22,12,47
0.79142345110087,0.793927568674211,1074,217,31,13,18,7,13,6
0.751863684771033,0.780186422431139,1061,230,39,84,20,20,19,64
0.7856030384174,0.855706442737199,1086,205,29,79,17,24,12,55
0.672902335158407,0.712612844739496,1066,225,34,40,15,10,19,30
0.708886294748915,0.775943003781129,1082,209,39,100,18,18,21,82
0.744658462635991,0.796475224059814,1039,252,45,134,26,37,19,97
0.777188940092166,0.780972237567146,1067,224,31,13,16,7,15,6
0.743073248407643,0.793381782115156,1095,196,35,111,13,22,22,89
0.737874801429706,0.742990677340123,1057,234,32,11,19,5,13,6
0.686950283243888,0.725247871945489,1088,203,43,146,13,30,30,116
0.722207853786801,0.777058509309616,1043,248,37,77,18,19,19,58
0.678770377652167,0.729026398640017,1056,235,39,94,14,15,25,79
0.743678048780488,0.782311535507227,1070,221,41,61,21,12,20,49
0.768892848365692,0.801858881435745,1064,227,39,74,22,17,17,57
0.754282926829268,0.793021205796389,1042,249,41,80,20,24,21,56
0.808421090335984,0.821906256273337,1060,231,22,9,13,5,9,4
0.695563666994244,0.727753577876069,1052,239,34,132,12,28,22,104
0.786611397934869,0.834203203350556,1104,187,32,71,15,23,17,48
0.773562169497871,0.813888668771431,1059,232,34,53,21,16,13,37
0.761168384879725,0.81455771985189,1074,217,30,58,18,22,12,36
0.758030027297543,0.773098235981907,1040,251,35,72,14,19,21,53
0.748778887511847,0.797840875557013,1088,203,44,35,17,9,27,26
0.768859094950629,0.794544009569103,1061,230,34,32,17,12,17,20
0.732089454139144,0.756522290610377,1062,229,49,34,21,9,28,25
0.72729681553211,0.726870626111593,1066,225,33,14,13,8,20,6
0.785108638049815,0.808774320408842,1050,241,33,22,18,10,15,12
0.689094014694183,0.753452755464483,1079,212,34,33,14,12,20,21
0.760549313358302,0.815482769272655,1044,247,45,98,22,29,23,69
0.777797998180164,0.835063738950516,1081,210,35,108,21,28,14,80
0.769969278033794,0.797322450510757,1088,203,31,24,15,10,16,14
0.735763838705015,0.739439219401161,1054,237,33,18,15,11,18,7
0.744363981206086,0.779200885624239,1078,213,37,78,19,21,18,57
0.767784451945989,0.769236330524999,1041,250,32,13,18,6,14,7
0.759429285745075,0.825017580350274,1064,227,37,120,18,31,19,89
0.729574135498875,0.78882314934243,1062,229,42,43,18,13,24,30
0.765823570293884,0.793742019384231,1044,247,32,26,20,8,12,18
0.76187015503876,0.806244758126483,1066,225,43,103,21,27,22,76
0.646553534674675,0.724338240859597,1080,211,38,67,11,14,27,53
0.724458536585366,0.788102971227525,1063,228,41,92,20,25,21,67
0.714879317820494,0.714132896721726,1074,217,33,15,15,5,18,10
0.689143426294821,0.741374728122912,1064,227,36,47,15,9,21,38
0.699076349635455,0.72731188648614,1049,242,39,73,15,21,24,52
0.690536167772589,0.733343849854098,1064,227,39,80,18,27,21,53
0.741995621536567,0.80048173881352,1060,231,47,105,22,24,25,81
0.708279077582224,0.743822023619133,1065,226,38,50,13,8,25,42
0.681574946792338,0.740442207082214,1081,210,26,53,11,12,15,41
0.710009052114315,0.742205383163794,1069,222,37,36,17,10,20,26
0.787269539644837,0.829221981450075,1058,233,28,51,16,16,12,35
0.683916495148486,0.722597414095311,1054,237,38,29,16,12,22,17
0.772399291722001,0.839913749278849,1069,222,36,134,19,28,17,106
0.813316018531518,0.849934501989843,1062,229,34,116,23,30,11,86
0.751196088702637,0.799889078403116,1047,244,46,64,25,18,21,46
0.759229390681004,0.832658021189698,1061,230,31,92,18,23,13,69
0.782723900370959,0.786310468287106,1060,231,33,19,21,12,12,7
0.7580048649722,0.776856622035159,1066,225,32,66,14,13,18,53
0.795440126883426,0.834632511245406,1067,224,30,59,18,15,12,44
0.69118516833485,0.731728573485663,1061,230,35,71,12,19,23,52
0.69629106250512,0.7196453932775,1070,221,39,20,17,6,22,14
0.762132701421801,0.82427801389201,1083,208,25,32,12,8,13,24
0.77910908556307,0.804832712248887,1052,239,38,30,21,12,17,18
0.752921646746348,0.754517545978871,1079,212,36,22,18,9,18,13
0.732708404026694,0.740174766450065,1072,219,28,13,13,3,15,10
0.758723021582734,0.815594290949254,1068,223,40,95,18,25,22,70
0.735026116131,0.737411626379577,1067,224,42,23,17,12,25,11
0.731157481719279,0.786272659424808,1060,231,45,67,19,16,26,51
0.738490210534939,0.763462224634916,1064,227,39,26,18,9,21,17
0.7188995215311,0.720455313846173,1052,239,37,17,17,8,20,9
0.700365614410558,0.745168606748679,1049,242,45,93,21,26,24,67
0.715073297769564,0.7174443920904,1087,204,38,20,16,11,22,9
0.732457898957498,0.730949426925848,1078,213,44,23,23,13,21,10
0.75409756097561,0.772987739663369,1056,235,41,22,24,15,17,7
0.756287376095683,0.797459715216514,1072,219,39,85,18,17,21,68
0.690259053661116,0.719365844772867,1074,217,30,44,11,10,19,34
0.74045730901401,0.76085422533761,1070,221,30,20,15,9,15,11
0.764274596542967,0.7704455876474,1052,239,39,17,22,10,17,7
0.787189102978577,0.845620584398597,1051,240,37,60,22,21,15,39
0.74478417266187,0.762711069020567,1069,222,40,16,21,6,19,10
0.740927258193445,0.782218297010579,1068,223,40,52,19,16,21,36
0.79880917377242,0.839486355674526,1058,233,38,46,23,18,15,28
0.796290665855883,0.833325756161195,1072,219,26,40,12,12,14,28
0.655842958957975,0.659302952671303,1086,205,39,12,11,3,28,9
0.741073517712574,0.787753646137349,1075,216,34,95,16,19,18,76
0.808721843897328,0.821750927993698,1044,247,46,37,27,21,19,16
0.745254612901672,0.79223625979073,1086,205,33,79,16,17,17,62
0.723000912131347,0.770438836182956,1075,216,26,25,8,7,18,18
0.738805842512143,0.776914918392223,1070,221,47,56,22,14,25,42
0.721091300482007,0.789574274139707,1058,233,34,100,17,21,17,79
0.771748591909882,0.796550637845957,1069,222,31,53,15,18,16,35
0.774761624732222,0.825238776585894,1039,252,38,72,20,19,18,53
0.721937177819531,0.806303687142922,1064,227,33,71,18,23,15,48
0.738069636456733,0.77821212400267,1076,215,31,89,13,14,18,75
0.711051371445373,0.718171454831198,1091,200,38,16,13,7,25,9
0.732348377085219,0.792899125591362,1079,212,37,83,17,20,20,63
0.784839428035631,0.788659356768875,1095,196,27,13,14,7,13,6
0.715681717574148,0.791669538123844,1070,221,36,72,19,12,17,60
0.728721951219512,0.764753746210432,1065,226,41,50,17,11,24,39
0.69661137863385,0.704723132928309,1058,233,45,20,22,13,23,7
0.730815816935003,0.776920151911691,1070,221,43,87,14,22,29,65
0.717840939418201,0.770975272474135,1075,216,42,60,15,15,27,45
0.804520222045995,0.824908114125882,1078,213,30,19,15,7,15,12
0.78723220828484,0.823353597007133,1067,224,37,84,20,23,17,61
0.73491937615649,0.763207111429986,1053,238,30,106,16,18,14,88
0.691007508294046,0.737874919500546,1065,226,46,65,20,16,26,49
0.736554122836783,0.77354063045595,1067,224,28,89,12,18,16,71
0.761455023828435,0.808168567119633,1062,229,32,102,15,20,17,82
0.747364220607384,0.784300004204766,1072,219,38,46,17,16,21,30
0.754705260375363,0.802123258743218,1076,215,30,74,18,22,12,52
0.77367197875166,0.811823431648253,1065,226,36,57,18,15,18,42
0.817820206841687,0.847548876508295,1072,219,34,33,20,12,14,21
0.784576052422558,0.809255003802331,1072,219,32,102,18,25,14,77
0.70057976636924,0.701232294387507,1087,204,37,21,15,9,22,12
0.810347498893315,0.852012240223322,1077,214,36,67,22,16,14,51
0.703297919433377,0.771742359464895,1060,231,36,110,17,30,19,80
0.779260734838424,0.820529658596733,1075,216,36,49,22,18,14,31
0.811857707509882,0.867740315697232,1088,203,26,57,14,18,12,39
0.720148489503328,0.765767487292005,1077,214,31,112,13,30,18,82
0.767527297543221,0.803193894691758,1080,211,35,88,16,11,19,77
0.718529177780897,0.767234371988349,1056,235,34,51,18,12,16,39
0.802797998180164,0.851418108860427,1061,230,35,56,20,19,15,37
0.773837981407703,0.816309502258955,1099,192,36,91,18,21,18,70
0.686101188306481,0.698364433755965,1071,220,44,32,18,15,26,17
0.712390620285357,0.769930128388449,1082,209,37,75,15,12,22,63
0.775609512390088,0.827090103376871,1055,236,40,78,25,32,15,46
0.787306642402184,0.808360471389905,1067,224,35,74,21,21,14,53
0.753276409849087,0.755365317228931,1073,218,32,20,14,11,18,9
0.752015337970394,0.796358591980153,1046,245,45,66,24,25,21,41
0.751551791025475,0.810922735429188,1064,227,37,137,17,25,20,112
0.741216336721955,0.776139930830237,1057,234,45,72,19,18,26,54
0.716895124789862,0.721711977364531,1071,220,37,22,17,11,20,11
0.712838944867699,0.742738197134019,1078,213,39,50,13,9,26,41
0.711840527577938,0.762717361588993,1059,232,40,43,19,20,21,23
0.720357289809354,0.755466643787693,1063,228,23,34,9,9,14,25
0.759440400363967,0.813593840416175,1090,201,35,88,18,16,17,72
0.771943573667712,0.827864149956872,1044,247,44,67,27,26,17,41
0.712320345374064,0.757430739415382,1049,242,29,52,12,15,17,37
0.714122986075672,0.759696331410349,1064,227,44,86,21,20,23,66
0.756028207461328,0.828503201561742,1058,233,35,92,22,20,13,72
0.734655035685963,0.758379708659561,1065,226,30,28,15,12,15,16
0.771808975030557,0.808673346109475,1049,242,46,70,27,25,19,45
0.793619621192284,0.819957451097248,1068,223,18,62,9,13,9,49
0.695256166982922,0.738837582404207,1054,237,51,105,25,31,26,74
0.798703366696997,0.826545928772578,1067,224,35,51,20,16,15,35
0.768458781362007,0.773929924583256,1101,190,31,14,15,6,16,8
0.726051350154936,0.780704317202672,1056,235,36,147,19,33,17,114
0.823764208300291,0.843035336324661,1058,233,30,21,15,6,15,15
0.720565688606926,0.734839077604926,1044,247,30,23,13,8,17,15
0.726952594880434,0.785299924186692,1056,235,34,49,17,13,17,36
0.777745603072515,0.788297954183683,1059,232,53,26,28,13,25,13
0.7191347299444,0.769467589018099,1087,204,32,55,12,13,20,42
0.740107913669065,0.792370862954403,1069,222,40,91,19,23,21,68
0.709240814519699,0.763684326186537,1043,248,36,44,20,14,16,30
0.817780794027825,0.851406995563995,1060,231,28,38,19,14,9,24
0.756249293066395,0.840986423762369,1055,236,28,53,17,18,11,35
0.732813191677734,0.777459409139583,1052,239,36,46,16,10,20,36
0.798718504600858,0.82279895741163,1079,212,33,65,17,20,16,45
0.785214696768482,0.828579980926785,1070,221,36,57,21,16,15,41
0.778313406721586,0.789607311805318,1072,219,44,31,21,17,23,14
0.812010919017288,0.848571893723639,1051,240,35,72,20,24,15,48
0.716731119199272,0.72185809000331,1051,240,35,18,16,7,19,11
0.786319151429911,0.818824877699619,1073,218,27,42,16,13,11,29
0.804668884034948,0.851376089774246,1068,223,32,89,17,18,15,71
0.709073170731707,0.74496249548801,1079,212,41,75,16,9,25,66
0.74902986056301,0.777969262177095,1091,200,24,14,13,5,11,9
0.715785365853659,0.752297531315137,1091,200,41,124,15,25,26,99
0.645248596631916,0.650137369313176,1057,234,44,19,15,7,29,12
0.80024780863439,0.834735449460219,1047,244,39,34,24,17,15,17
0.701902596870648,0.693841587912795,1062,229,39,16,16,7,23,9
0.770540061974325,0.797547055188762,1072,219,36,79,15,21,21,58
0.673420651664323,0.708189002314092,1061,230,27,45,11,11,16,34
0.764396717303998,0.80177854938466,1045,246,46,59,27,21,19,38
0.664403638087849,0.703719919821528,1073,218,37,128,13,30,24,98
0.693332369802958,0.726570353395515,1059,232,33,132,13,30,20,102
0.786463349384698,0.790776883741825,1081,210,45,26,24,16,21,10
0.709748518572048,0.708697444111809,1080,211,33,22,16,11,17,11
0.743835504218891,0.748406782433416,1061,230,39,22,22,13,17,9
0.706680325324393,0.742356289577522,1054,237,52,62,23,20,29,42
0.771493815024167,0.8189654826752,1080,211,39,42,22,20,17,22
0.775714853057982,0.830541232290093,1087,204,32,53,15,15,17,38
0.747648902821317,0.75141074123764,1045,246,44,26,26,14,18,12
0.784737916454035,0.806142263373177,1074,217,44,49,18,17,26,32
0.758944351049614,0.77454138737675,1053,238,37,49,17,11,20,38
0.69686450397313,0.700120666825742,1070,221,39,16,14,7,25,9
0.741505151038938,0.785484586676003,1047,244,46,105,23,29,23,76
0.710599078341014,0.759280116831064,1048,243,31,26,16,10,15,16
0.734132693844924,0.767445226373449,1054,237,40,131,18,30,22,101
0.738965041596621,0.806779991568521,1058,233,37,128,17,39,20,89
0.801601180392371,0.852733471918497,1075,216,29,81,16,19,13,62
0.769230769230769,0.78606155211086,1074,217,30,79,15,15,15,64
0.715537569944045,0.76603969425952,1077,214,40,117,12,25,28,92
0.691748658318426,0.734390132527584,1062,229,43,111,20,28,23,83
0.795793397231097,0.829116118891945,1061,230,39,42,26,18,13,24
0.766770731707317,0.832086319442947,1060,231,41,115,23,34,18,81
0.745001470155837,0.794683647508195,1077,214,38,88,18,25,20,63
0.77258789320645,0.810091699144305,1060,231,30,122,14,35,16,87
0.7399567788899,0.783319173567915,1066,225,35,90,18,19,17,71
0.731129205858955,0.786591617209869,1066,225,34,69,16,19,18,50
0.808691731788622,0.807325288080132,1069,222,29,15,18,8,11,7
0.760984164321418,0.816475635458602,1062,229,38,57,20,22,18,35
0.769639024390244,0.823686445591908,1051,240,41,135,21,26,20,109
0.76239277555067,0.809384380570004,1062,229,37,45,20,13,17,32
0.730404200992436,0.780606710081946,1076,215,33,57,18,14,15,43
0.800264340470526,0.845144695004979,1068,223,30,58,17,20,13,38
0.745167562621526,0.780645068326505,1076,215,42,43,18,14,24,29
0.736600579661444,0.782237916599927,1051,240,38,53,19,14,19,39
0.780359503039915,0.779206318016239,1083,208,30,9,16,3,14,6
0.723770983213429,0.769861924211112,1064,227,40,49,20,12,20,37
0.710448658396634,0.738749569218655,1075,216,29,95,12,25,17,70
0.794250594766059,0.843741447771551,1049,242,30,70,19,26,11,44
0.799944665781319,0.829087751481379,1068,223,36,126,19,30,17,96
0.795296591412129,0.837324006481715,1080,211,36,66,18,19,18,47
0.766371235350947,0.772638470228329,1065,226,38,13,22,7,16,6
0.721189717925387,0.759081400585628,1070,221,35,57,15,13,20,44
0.762001057361882,0.805099867491953,1043,248,30,72,15,18,15,54
0.721676814667853,0.784938226158928,1047,244,47,51,25,14,22,37
0.764490445859873,0.767348262270642,1059,232,35,20,19,10,16,10
0.733145825251088,0.783369112020108,1081,210,37,54,17,17,20,37
0.712454659066663,0.787153697386735,1040,251,53,118,19,31,34,87
0.768546058019742,0.809297544168891,1060,231,37,131,21,33,16,98
0.793205435651479,0.799908099726464,1079,212,40,26,23,13,17,13
0.789951305887561,0.825266385134424,1065,226,36,54,18,15,18,39
0.689440080648549,0.737382184888577,1063,228,38,67,18,17,20,50
0.727623610007943,0.731444304167435,1072,219,32,20,17,9,15,11
0.733595895360601,0.774534596636654,1065,226,33,93,17,20,16,73
0.753158868622786,0.750268043108964,1060,231,30,12,13,6,17,6
0.741155412045487,0.78659430883333,1033,258,34,109,14,33,20,76
0.717740150509075,0.763784201519951,1098,193,36,46,16,9,20,37
0.721414634146341,0.722815429928053,1075,216,41,19,20,10,21,9
0.784617087206729,0.800584689790289,1060,231,36,19,19,8,17,11
0.733925312368384,0.795791072164089,1084,207,34,61,14,10,20,51
0.711509517485613,0.777630694779868,1069,222,36,86,15,26,21,60
0.77382183034357,0.823080404152294,1103,188,26,53,12,12,14,41
0.783223292295473,0.818856582665936,1052,239,32,79,20,26,12,53
0.751910032796661,0.796475024855982,1075,216,43,120,21,30,22,90
0.758250228838464,0.788052087524504,1071,220,33,38,17,19,16,19
0.810519912022088,0.827764207487821,1073,218,34,61,16,17,18,44
0.696412283368805,0.696335869603436,1062,229,26,11,11,5,15,6
0.814842717420037,0.855041483898374,1069,222,30,50,15,16,15,34
0.70509504720031,0.75358739650088,1050,241,37,46,15,12,22,34
0.681912195121951,0.747935695286946,1077,214,41,53,20,15,21,38
0.776484312946783,0.837849078018979,1041,250,32,45,21,18,11,27
0.671732613908873,0.719593193933912,1059,232,40,67,15,16,25,51
0.787109575012801,0.818478147758647,1051,240,31,31,17,10,14,21
0.686743325403119,0.730875275661678,1067,224,30,36,13,13,17,23
0.70929253867152,0.76255913849845,1052,239,35,60,14,16,21,44
0.717930897537728,0.777420521352828,1072,219,32,88,11,20,21,68
0.74751787132645,0.807322650653304,1085,206,32,52,15,15,17,37
0.763254567116759,0.80422149781042,1069,222,32,103,16,20,16,83
0.719956477214542,0.747592042223067,1081,210,31,59,13,15,18,44
0.778173339399454,0.819729876659256,1075,216,35,33,18,13,17,20
0.712339989759345,0.781764291881443,1068,223,31,26,14,10,17,16
0.748093923559762,0.80696196809001,1081,210,49,84,19,21,30,63
0.716890687478923,0.794372293855715,1093,198,33,123,15,28,18,95
0.754140127388535,0.775030248818356,1072,219,35,34,15,10,20,24
0.72030243902439,0.772161875595848,1076,215,41,63,18,16,23,47
0.703763598941488,0.730921967376819,1066,225,38,24,15,10,23,14
0.669601595110316,0.72109392908206,1060,231,43,40,18,16,25,24
0.770816733067729,0.827246088817289,1079,212,36,115,18,25,18,90
0.799934961699667,0.828735809757283,1042,249,33,137,19,33,14,104
0.785940803382664,0.816171625240878,1073,218,44,47,22,16,22,31
0.733173461231015,0.774686852356746,1051,240,40,60,20,19,20,41
0.751354643592221,0.812935501884432,1058,233,38,81,21,27,17,54
0.749338476446034,0.749847751057102,1068,223,43,18,21,7,22,11
0.751694722474977,0.795716536102113,1071,220,35,110,19,25,16,85
0.73879217558145,0.781702035738451,1080,211,34,52,13,9,21,43
0.768138760880696,0.839865818974324,1059,232,31,112,18,28,13,84
0.785563611042844,0.839591632635059,1056,235,39,84,18,22,21,62
0.731232605131725,0.786883343499956,1084,207,42,61,18,15,24,46
0.723970704671417,0.749311076055335,1092,199,28,39,10,6,18,33
0.724791636556342,0.790493673650292,1062,229,33,48,14,17,19,31
0.678705189941145,0.733933949666731,1045,246,45,92,20,26,25,66
0.774358123063302,0.839705793329808,1084,207,36,44,20,11,16,33
0.760745390792897,0.762967481508616,1100,191,28,16,15,9,13,7
0.774720389349057,0.824182117585577,1076,215,34,58,18,17,16,41
0.751310723355452,0.803608123400949,1074,217,39,67,19,16,20,51
0.715457436045671,0.783245963583348,1080,211,33,32,16,7,17,25
0.77939512195122,0.846287004193859,1063,228,41,72,25,19,16,53
0.793306752629793,0.821318106526422,1054,237,28,62,16,13,12,49
0.760966962127317,0.760868244544874,1062,229,50,29,24,14,26,15
0.703155308418466,0.758086273977908,1069,222,37,80,18,20,19,60
0.713662790697674,0.717351386764988,1065,226,43,20,21,12,22,8
0.868906810035842,0.888837436349691,1076,215,31,35,22,20,9,15
0.761420982735724,0.822724028141386,1052,239,36,77,18,20,18,57
0.705716023107328,0.749966300173011,1078,213,26,76,9,15,17,61
0.790589649707634,0.790136713920983,1062,229,29,11,15,5,14,6
0.735340914408723,0.77218637608127,1047,244,34,98,14,20,20,78
0.746822070892265,0.776934038475462,1072,219,46,37,21,13,25,24
0.744941465529701,0.776643855542627,1050,241,33,128,14,35,19,93
0.735137533274179,0.736466971664403,1087,204,49,22,22,10,27,12
0.818804606830818,0.850681442154949,1058,233,32,56,18,18,14,38
0.724405560524747,0.774603019500029,1052,239,43,91,17,21,26,70
0.718503832936823,0.742081068639252,1080,211,30,22,13,5,17,17
0.707533972821743,0.73811025967686,1071,220,40,128,15,14,25,114
0.789946342262636,0.824889190746458,1096,195,39,69,22,22,17,47
0.760740918109051,0.760850599440869,1060,231,47,18,25,12,22,6
0.704864523374983,0.73619976980408,1072,219,34,34,11,10,23,24
0.716938046068308,0.781837013656588,1056,235,32,108,16,23,16,85
0.738606253312136,0.776028752781455,1065,226,33,68,8,11,25,57
0.79169992019154,0.815538601300472,1062,229,38,47,19,17,19,30
0.713572320313893,0.758065436537749,1047,244,45,172,20,37,25,135
0.779259675230474,0.820826199513057,1061,230,34,94,18,29,16,65
0.751368593473857,0.792156007972707,1063,228,37,72,20,15,17,57
0.715294378043382,0.780263937639908,1073,218,36,88,18,20,18,68
0.669635061987079,0.710254227894384,1056,235,46,44,17,10,29,34
0.682078996530558,0.702542955258865,1061,230,42,48,17,9,25,39
0.650232768653821,0.700213057910574,1042,249,37,76,11,15,26,61
0.792757162644893,0.824498855598469,1061,230,44,77,28,23,16,54
0.802480134349144,0.843548216753618,1079,212,39,74,21,14,18,60
0.747102136035576,0.811018262018769,1060,231,44,47,23,17,21,30
0.78444001770695,0.782040865105943,1079,212,36,24,19,13,17,11
0.705095522737928,0.749547809342137,1075,216,27,70,13,18,14,52
0.739810005147644,0.756464990930562,1071,220,34,18,16,6,18,12
0.740029268292683,0.779997545655672,1055,236,41,49,18,17,23,32
0.77712437518377,0.829904223566277,1037,254,38,58,25,19,13,39
0.711092683670746,0.743657561568395,1075,216,42,31,19,12,23,19
0.763585778291661,0.832613803472107,1059,232,33,94,15,22,18,72
0.649454049135578,0.700419416812525,1080,211,35,108,10,22,25,86
0.719951923076923,0.769774968140715,1070,221,43,42,21,13,22,29
0.677855663149781,0.741096910103069,1064,227,33,77,15,19,18,58
0.741588282090879,0.801352848510443,1071,220,34,62,18,16,16,46
0.75638338873633,0.806787722899519,1070,221,33,102,14,18,19,84
0.774955732625055,0.827144973563527,1068,223,36,117,21,30,15,87
0.736138516179953,0.785382111098872,1106,185,24,112,11,22,13,90
0.733610100090992,0.781230709188096,1060,231,35,37,16,11,19,26
0.80096484271742,0.845981910125171,1076,215,30,72,20,21,10,51
0.755985211830536,0.790493503782545,1067,224,40,59,18,14,22,45
0.705909694555113,0.754658750490327,1066,225,36,38,17,13,19,25
0.774310917684496,0.81154145527742,1065,226,34,72,18,22,16,50
0.727300065612014,0.791081143608106,1075,216,44,101,18,25,26,76
0.764440679818569,0.790930785062587,1067,224,29,121,15,33,14,88
0.804969407910584,0.851715270156853,1076,215,33,62,21,16,12,46
0.732879592740151,0.778409000028179,1067,224,36,37,16,10,20,27
0.739584092731647,0.772331126692799,1063,228,44,43,23,10,21,33
0.710719259441304,0.747860433624841,1070,221,39,56,16,16,23,40
0.746409564773639,0.7872227892258,1045,246,44,43,23,17,21,26
0.768583912965936,0.779018482003633,1053,238,45,30,22,12,23,18
0.72497770643838,0.767121280590025,1072,219,45,81,20,17,25,64
0.73667408745327,0.73970459411773,1065,226,38,18,15,7,23,11
0.759541463414634,0.798101221897479,1060,231,41,69,22,25,19,44
0.763518815766007,0.764841014445924,1052,239,45,14,23,6,22,8
0.721317686573277,0.787014229073958,1076,215,39,50,19,17,20,33
0.802833111996459,0.80542732905748,1064,227,36,11,23,6,13,5
0.735855000630067,0.774263734679647,1068,223,38,50,15,17,23,33
0.785180902827962,0.822148655736426,1055,236,33,48,21,21,12,27
0.68202484800423,0.713718068586799,1072,219,30,102,14,21,16,81
0.794634146341463,0.867691424446228,1062,229,41,103,25,32,16,71
0.662493599590374,0.710652746417201,1048,243,31,28,13,10,18,18
0.683034146341463,0.73713144121264,1064,227,41,73,18,17,23,56
0.728557154276579,0.796760993182708,1094,197,40,99,21,20,19,79
0.76804094559439,0.823068826633771,1082,209,28,59,14,11,14,48
0.769865650856066,0.828565390281667,1072,219,39,63,24,22,15,41
0.726764472640761,0.759795380180966,1070,221,30,92,9,19,21,73
0.758243902439025,0.800460934720542,1065,226,41,81,20,17,21,64
0.759497270245678,0.8296642336558,1061,230,35,78,19,18,16,60
0.7797363031234,0.826783360967695,1094,197,31,83,15,17,16,66
0.726362042014564,0.753706002284774,1049,242,42,62,22,18,20,44
0.703320230240067,0.740851218145279,1061,230,34,79,12,17,22,62
0.746324428147372,0.77799382628639,1062,229,46,38,21,18,25,20
0.710501598721023,0.754197742141173,1059,232,40,76,15,14,25,62
0.739283541578923,0.774503769700801,1062,229,34,56,15,16,19,40
0.742545260915868,0.772158943821162,1071,220,39,77,18,13,21,64
0.698513042382493,0.760265248130006,1070,221,38,46,17,20,21,26
0.754317175801956,0.756088456648378,1067,224,29,17,15,9,14,8
0.762385822081017,0.825189608109417,1068,223,32,109,16,25,16,84
0.760123073045743,0.782328699275702,1070,221,38,38,18,11,20,27
0.722347946032157,0.760392789909788,1092,199,37,43,15,14,22,29
0.769774180655476,0.810353142915642,1076,215,40,102,20,21,20,81
0.767958791688493,0.812283275831013,1071,220,46,75,24,21,22,54
0.778876898481215,0.802424490156544,1079,212,40,67,20,15,20,52
0.758757309142576,0.793089049611925,1067,224,29,85,14,18,15,67
0.764233636438109,0.815795453467236,1058,233,39,68,22,20,17,48
0.726572220337066,0.77933408696167,1086,205,28,58,11,14,17,44
0.697110069007587,0.747240471191428,1069,222,42,104,18,25,24,79
0.754003202562049,0.759136488950697,1084,207,42,16,21,11,21,5
0.753726790956575,0.817382890817063,1055,236,42,96,23,24,19,72
0.823284639220894,0.853518059899149,1079,212,36,74,24,22,12,52
0.721554487179487,0.76812705562341,1061,230,43,122,18,31,25,91
0.698731165741475,0.743026647222553,1064,227,30,57,16,17,14,40
0.759444632960072,0.801702969833396,1077,214,28,97,13,21,15,76
0.753826938449241,0.827331620162904,1058,233,40,72,25,24,15,48
0.688778296266879,0.746504066048427,1073,218,32,86,14,23,18,63
0.744422416071901,0.786493186182263,1079,212,30,77,11,16,19,61
0.696663414634147,0.699524299045276,1084,207,41,23,15,7,26,16
0.758744982387155,0.812372741958398,1053,238,39,30,23,15,16,15
0.687248082753701,0.74644483436885,1045,246,45,110,19,32,26,78
0.694961328480437,0.73899799129464,1063,228,35,77,13,15,22,62
0.690975422427035,0.741164238627708,1081,210,31,75,11,21,20,54
0.694206560905985,0.763864668625209,1081,210,34,77,14,16,20,61
0.711897179253867,0.748161335461248,1063,228,35,28,17,6,18,22
0.701238582208102,0.723745799231883,1059,232,32,12,11,0,21,12
0.740015360983103,0.785809215224003,1065,226,31,42,15,14,16,28
0.728230209281165,0.765731819770043,1058,233,35,38,15,13,20,25
0.666677733510403,0.712515135628383,1067,224,36,90,14,18,22,72
0.758714262308511,0.82294525919171,1082,209,39,88,22,26,17,62
0.750754342859606,0.783255545712725,1065,226,37,26,16,9,21,17
0.800056036898142,0.85567304200871,1062,229,37,91,22,31,15,60
0.693490456317986,0.734607425939499,1068,223,47,67,21,22,26,45
0.736098688133572,0.802434580533204,1066,225,43,53,23,15,20,38
0.787687292691296,0.837378335672833,1061,230,42,114,25,35,17,79
0.764477726574501,0.817814357821102,1065,226,31,48,14,12,17,36
0.763368447911351,0.765689903388246,1032,259,44,24,27,15,17,9
0.724411162314388,0.751075941033533,1074,217,31,87,13,26,18,61
0.763540011914217,0.804398428078973,1070,221,32,44,13,13,19,31
0.772199353131432,0.811042763604021,1077,214,38,47,19,15,19,32
0.7427645949166,0.806818800834311,1094,197,32,149,15,29,17,120
0.737693357597816,0.775769873634101,1086,205,35,78,13,14,22,64
0.756890823155038,0.811914978425808,1082,209,34,78,16,19,18,59
0.729079626443844,0.758326099679739,1057,234,39,34,20,16,19,18
0.785241735623976,0.836426289224473,1091,200,38,130,16,24,22,106
0.797991967871486,0.797420311813872,1075,216,46,20,25,10,21,10
0.760801239486498,0.819432241287417,1091,200,36,46,23,18,13,28
0.715453116815086,0.766559261849073,1059,232,46,45,25,16,21,29
0.690898409749167,0.694209821932648,1067,224,29,14,11,6,18,8
0.708587352138307,0.722580306287042,1088,203,35,22,11,8,24,14
0.728434130332865,0.764854450105339,1046,245,27,40,14,12,13,28
0.770089875759979,0.810011909703271,1077,214,30,26,17,10,13,16
0.761456714411728,0.803361804145109,1067,224,38,70,20,20,18,50
0.650712025316455,0.747190424336239,1065,226,27,59,10,12,17,47
0.682669945480194,0.734973297556209,1053,238,42,75,15,19,27,56
0.767051736627397,0.831837778366372,1075,216,42,114,23,29,19,85
0.732488582208102,0.775003352365571,1064,227,32,37,14,16,18,21
0.775586542718017,0.778932054037953,1072,219,36,22,20,14,16,8
0.721976401179941,0.761365807775263,1085,206,48,53,18,15,30,38
0.686765875801395,0.724209521457408,1064,227,34,107,14,22,20,85
0.642726378490628,0.67319675737821,1046,245,29,72,10,11,19,61
0.786695994316629,0.822682365497851,1054,237,29,51,16,19,13,32
0.680875447227191,0.7409457839752,1052,239,43,111,21,34,22,77
0.675152785053257,0.737848789630184,1075,216,46,74,20,15,26,59
0.781866961579422,0.815743069325535,1081,210,39,54,15,18,24,36
0.757677725118483,0.785862978375689,1075,216,25,95,10,18,15,77
0.641775082044069,0.642785751478251,1082,209,27,8,10,2,17,6
0.753733680204269,0.758040181882469,1084,207,33,21,18,11,15,10
0.701265774524381,0.748025597391911,1085,206,42,67,17,9,25,58
0.751148771610555,0.799594341593409,1067,224,35,45,20,20,15,25
0.775785745905268,0.840949230359914,1052,239,36,103,21,25,15,78
0.721312239117472,0.767392367003673,1053,238,43,81,22,22,21,59
0.844658345053915,0.871576560205588,1088,203,27,101,17,26,10,75
0.709122701838529,0.756086863424649,1071,220,40,54,18,14,22,40
0.736257648022354,0.736445995053245,1062,229,33,16,19,11,14,5
0.766479400749064,0.796791677289391,1059,232,45,89,24,32,21,57
0.713706028729782,0.753030991392888,1080,211,28,62,10,15,18,47
0.767446872710031,0.818093359471966,1054,237,37,75,23,34,14,41
0.740800951625694,0.773698422368586,1070,221,30,35,12,9,18,26
0.77830034161636,0.824533564757513,1049,242,34,125,18,38,16,87
0.716039400176419,0.753782878977403,1059,232,38,130,17,27,21,103
0.794729220175966,0.825345568104999,1056,235,29,24,15,12,14,12
0.744995996797438,0.750156468141595,1050,241,42,25,19,11,23,14
0.748390243902439,0.790241048452633,1053,238,41,55,21,25,20,30
0.750873907615481,0.794232139810905,1056,235,45,110,21,24,24,86
0.736843024270997,0.736419041719129,1072,219,46,26,17,11,29,15
0.725641025641026,0.774382657563921,1078,213,30,69,11,16,19,53
0.743074079273714,0.766985264403494,1049,242,34,41,19,16,15,25
0.756067482241515,0.769878428797711,1063,228,24,42,10,9,14,33
0.809131442839308,0.855953004631948,1084,207,45,52,29,23,16,29
0.757582903097697,0.754669440217316,1054,237,32,19,17,10,15,9
0.739797747055811,0.79389633212272,1056,235,31,114,16,19,15,95
0.742572032778218,0.777502893823301,1087,204,30,44,11,11,19,33
0.7712,0.806854902739518,1085,206,41,58,24,19,17,39
0.733126174302645,0.729468788136673,1063,228,33,13,15,6,18,7
0.717499339148824,0.722001771251506,1073,218,30,20,10,7,20,13
0.790607889934017,0.818481997340055,1077,214,34,35,19,11,15,24
0.757154213036566,0.792640824576973,1075,216,33,24,16,8,17,16
0.773567811755361,0.821837476759083,1068,223,32,102,19,29,13,73
0.765547297666539,0.76957493977977,1046,245,29,19,15,9,14,10
0.783515605799951,0.830573330889796,1079,212,39,90,22,25,17,65
0.70424141076315,0.764643204286349,1062,229,26,74,12,20,14,54
0.747703858913917,0.782025446300311,1057,234,46,72,24,23,22,49
0.757527156083692,0.786958087130487,1072,219,44,62,22,14,22,48
0.760126162018592,0.793253254613631,1066,225,36,52,19,16,17,36
0.764823214383299,0.782691938243383,1079,212,29,118,13,21,16,97
0.693619523669509,0.700093574087557,1053,238,38,25,18,15,20,10
0.736680460364671,0.765511931812095,1078,213,37,31,19,12,18,19
0.782838562351072,0.78119355369093,1057,234,32,20,20,11,12,9
0.69298362107127,0.696805191797092,1073,218,36,19,11,6,25,13
0.756729351032448,0.801002067089376,1080,211,48,83,23,21,25,62
0.746692592168973,0.799520504697269,1047,244,42,113,20,25,22,88
0.823206951026856,0.851903021773836,1060,231,25,83,15,22,10,61
0.664171974522293,0.706862374904551,1056,235,35,24,13,8,22,16
0.744687660010241,0.80961252822635,1084,207,31,87,16,23,15,64
0.748160433108391,0.749585677913963,1064,227,42,23,24,15,18,8
0.742191500256016,0.789508094744666,1062,229,31,66,12,19,19,47
0.733280465239228,0.774894701068199,1067,224,30,83,13,20,17,63
0.791342140721023,0.79489905286416,1060,231,49,11,30,8,19,3
0.694464815784879,0.72586943455779,1064,227,46,101,16,20,30,81
0.65273937532002,0.661420047834731,1068,223,31,17,12,7,19,10
0.793579484299686,0.822553101850931,1076,215,34,68,20,14,14,54
0.749789414572511,0.792520986236545,1069,222,34,100,18,29,16,71
0.789626933575978,0.840878070201018,1028,263,35,67,20,19,15,48
0.719270654618933,0.75468170392571,1052,239,42,49,18,14,24,35
0.726781425140112,0.78115459673875,1053,238,42,109,22,28,20,81
0.787285319855866,0.805988314161863,1066,225,34,26,17,12,17,14
0.71461090374392,0.781946785268051,1083,208,28,37,11,9,17,28
0.680385414427968,0.714693308965189,1077,214,22,36,8,8,14,28
0.737142573471009,0.768897273997358,1061,230,32,59,16,12,16,47
0.747206703910615,0.781286583556752,1094,197,38,37,19,14,19,23
0.729109062980031,0.73920029607365,1074,217,31,19,11,5,20,14
0.70612514907573,0.762617598669437,1087,204,43,104,18,22,25,82
0.728701733049559,0.786300307163174,1071,220,26,53,12,10,14,43
0.738955289951306,0.794087481859573,1069,222,36,48,19,13,17,35
0.766775325021922,0.838668927249241,1053,238,42,130,26,32,16,98
0.730722891566265,0.777729495579819,1070,221,46,32,24,12,22,20
0.659662054398896,0.710386639870454,1081,210,37,100,15,19,22,81
0.744339259045141,0.766463531224879,1084,207,33,24,15,8,18,16
0.706572605175722,0.75172924351163,1073,218,34,56,11,15,23,41
0.772462301874067,0.774492368672743,1071,220,33,22,17,9,16,13
0.838493948648343,0.84704133483659,1053,238,28,15,18,7,10,8
0.778237410071942,0.81967414523689,1058,233,40,62,21,21,19,41
0.686414900088914,0.716238242088843,1063,228,34,41,9,6,25,35
0.794938939634631,0.851812118170114,1070,221,32,72,18,17,14,55
0.753334269268567,0.771329765999869,1059,232,34,63,15,17,19,46
0.766301052256108,0.807153373872043,1078,213,45,86,23,23,22,63
0.704814862709599,0.709392525809766,1088,203,37,23,20,14,17,9
0.717926722330245,0.767330378174327,1044,247,42,76,20,19,22,57
0.771189104243059,0.797296327997104,1061,230,46,53,25,21,21,32
0.727945859872612,0.762074439838847,1083,208,35,35,16,12,19,23
0.724215613991972,0.754930711547683,1095,196,39,41,19,11,20,30
0.718020398132219,0.753002628766164,1086,205,39,40,16,15,23,25
0.698769343506185,0.748775692811208,1063,228,37,27,17,10,20,17
0.795481883793832,0.802248313523797,1053,238,44,23,24,9,20,14
0.690910236485068,0.736057813416295,1044,247,38,28,18,11,20,17
0.723531707317073,0.728848303464741,1070,221,41,18,22,10,19,8
0.791604601125455,0.826924794428309,1072,219,19,94,12,13,7,81
0.757260178586057,0.793363198285529,1067,224,39,59,16,18,23,41
0.716895124789862,0.721853429912537,1087,204,37,24,15,11,22,13
0.746661536934075,0.797836209384447,1070,221,32,104,16,25,16,79
0.712557603686636,0.789550233397826,1069,222,31,53,14,16,17,37
0.723045244484198,0.753498579302688,1064,227,43,36,19,13,24,23
0.73434299991808,0.758631196170631,1051,240,39,24,20,10,19,14
0.700363967242948,0.731451619883969,1075,216,35,27,14,8,21,19
0.734023048716606,0.791199782053391,1086,205,46,83,21,24,25,59
0.66494762288477,0.710167091429947,1052,239,50,96,19,27,31,69
0.777201740911418,0.849987491332527,1097,194,31,83,15,17,16,66
0.643345323741007,0.644848411243483,1090,201,40,17,10,4,30,13
0.722906793048973,0.724101665399684,1088,203,25,13,12,7,13,6
0.631428705133605,0.683403517333097,1055,236,34,82,14,20,20,62
0.737188641996052,0.7869632799506,1065,226,38,82,18,23,20,59
0.737645654920679,0.786316233665416,1079,212,34,140,12,24,22,116
0.798004368546466,0.835222782486595,1049,242,32,45,22,20,10,25
0.722270684641819,0.795185451171041,1083,208,30,127,11,19,19,108
0.828766542246352,0.84663435373511,1077,214,28,30,18,12,10,18
0.703700731228821,0.706404885081652,1069,222,45,21,21,10,24,11
0.725759013282732,0.748892844092363,1077,214,51,37,20,14,31,23
0.704173067076293,0.751909526129718,1055,236,31,106,15,24,16,82
0.787227024567789,0.790063243564409,1062,229,35,15,20,8,15,7
0.726072279586974,0.75975443590649,1075,216,32,106,14,19,18,87
0.753036851683349,0.779009888765628,1063,228,35,34,15,16,20,18
0.722416028060544,0.770392759580714,1111,180,42,63,19,13,23,50
0.756242553613979,0.785295155225181,1100,191,32,60,14,11,18,49
0.749754239370853,0.803507757227864,1098,193,39,67,21,21,18,46
0.725045243750707,0.784945690495966,1099,192,28,40,13,14,15,26
0.770137784843667,0.798983761621085,1078,213,33,18,16,7,17,11
0.776468292682927,0.776009402385332,1074,217,41,17,24,10,17,7
0.756013383873836,0.81352932714949,1060,231,34,106,19,27,15,79
0.783266932270916,0.822024733771944,1060,231,36,56,22,20,14,36
0.73735355440826,0.780281768766979,1068,223,32,84,14,17,18,67
0.751738897806313,0.779452831983512,1055,236,45,24,24,13,21,11
0.74562101910828,0.770318296735417,1086,205,35,24,15,9,20,15
0.809819388766757,0.83827249793625,1061,230,37,49,23,17,14,32
0.702240937539379,0.70019248696518,1065,226,38,19,15,7,23,12
0.827064188725826,0.853472332037707,1080,211,23,67,14,17,9,50
0.7696,0.786012754681061,1073,218,41,25,20,8,21,17
0.810563939634631,0.836222527294971,1062,229,32,54,21,16,11,38
0.658472112080359,0.691395464655234,1085,206,30,44,10,11,20,33
0.754989078633836,0.807942464021735,1080,211,32,50,14,10,18,40
0.723079877112135,0.774012502150563,1086,205,31,43,15,15,16,28
0.751911239078634,0.811684069711288,1070,221,32,89,15,20,17,69
0.710043417711149,0.808394369807903,1074,217,39,100,18,22,21,78
0.750887170154686,0.833956406338876,1065,226,35,86,22,25,13,61
0.751908328874621,0.79745843183483,1054,237,45,110,21,22,24,88
0.734665592264303,0.776935466459829,1065,226,50,77,23,22,27,55
0.748655857520897,0.819329466855829,1070,221,38,82,16,14,22,68
0.775794626034243,0.818207760027207,1083,208,39,79,21,23,18,56
0.811501523686397,0.837238455775335,1070,221,17,53,9,14,8,39
0.702706478086258,0.763580684875775,1079,212,46,77,20,17,26,60
0.7185551558753,0.752206909183678,1094,197,40,36,16,12,24,24
0.718335331734612,0.775381939823671,1074,217,40,38,18,13,22,25
0.724807987711213,0.773902946745447,1060,231,31,32,17,13,14,19
0.716902731608614,0.780389462379233,1082,209,33,59,16,17,17,42
0.720533876590919,0.785248012873244,1087,204,38,46,18,11,20,35
0.67324037184595,0.735103011805739,1086,205,36,121,15,24,21,97
0.766906792119965,0.767460106322473,1079,212,38,16,16,5,22,11
0.726246482127106,0.783045727060559,1083,208,38,102,18,30,20,72
0.743889822837191,0.829382871241646,1053,238,37,119,18,25,19,94
0.75031847133758,0.776353998024097,1071,220,35,93,16,22,19,71
0.756061992451104,0.788314397713975,1069,222,42,148,15,29,27,119
0.721144528920692,0.764731003051847,1033,258,43,110,20,26,23,84
0.756699272065514,0.814181908832377,1071,220,35,51,21,20,14,31
0.696359008410801,0.749693584478472,1069,222,36,69,16,18,20,51
0.701765853658537,0.70922226108369,1064,227,41,19,18,8,23,11
0.773737488626023,0.809270992424924,1035,256,35,29,23,14,12,15
0.671416099179326,0.676277718479276,1076,215,46,19,14,7,32,12
0.787269796163725,0.858443491310577,1085,206,29,70,17,20,12,50
0.736203352308665,0.740639972399859,1057,234,51,37,21,13,30,24
0.752234710309244,0.792478757660191,1073,218,49,74,24,19,25,55
0.70176326058679,0.752509179530799,1062,229,33,35,15,10,18,25
0.785088490389123,0.831707742237929,1075,216,27,82,16,18,11,64
0.710956097560976,0.802707471539623,1051,240,41,108,17,31,24,77
0.736655104302163,0.783682945407427,1045,246,33,84,17,21,16,63
0.763504864311316,0.780918571562082,1071,220,31,29,19,16,12,13
0.772118456623249,0.80067098757377,1063,228,39,66,20,20,19,46
0.727478735953312,0.793247019843623,1077,214,52,76,24,15,28,61
0.693643268467037,0.722183165313479,1060,231,32,42,9,10,23,32
0.76396891915488,0.791053159611305,1069,222,46,83,21,22,25,61
0.779085305401095,0.839355418614444,1089,202,37,59,20,15,17,44
0.748645356407779,0.797168076715374,1038,253,38,114,21,35,17,79
0.793609756097561,0.797268812221866,1042,249,41,21,28,13,13,8
0.71023228462217,0.730027762524035,1064,227,38,21,18,7,20,14
0.785957501280082,0.824060840477183,1082,209,31,43,17,17,14,26
0.764179485310199,0.82353992034712,1057,234,44,74,25,21,19,53
0.725092739798622,0.768592978482812,1081,210,33,105,14,26,19,79
0.753732570376217,0.754415169973857,1067,224,24,15,13,10,11,5
0.679617834394905,0.736613021017081,1072,219,35,66,14,15,21,51
0.757633892885691,0.792574103483557,1054,237,40,100,22,20,18,80
0.692689698867024,0.723014638116537,1065,226,43,41,15,13,28,28
0.748634829229547,0.785514002454797,1068,223,32,40,17,13,15,27
0.692238889607311,0.729873459627761,1075,216,37,39,13,13,24,26
0.784413527881461,0.812018449137443,1061,230,28,21,14,8,14,13
0.76600449248912,0.765447681639274,1056,235,34,19,12,9,22,10
0.763361045130641,0.767633415816925,1078,213,28,7,12,2,16,5
0.760616625362288,0.805336078160285,1070,221,38,89,21,28,17,61
0.737996267390567,0.774948379746923,1079,212,28,57,10,15,18,42
0.73233712773554,0.767417537190769,1067,224,38,65,17,20,21,45
0.74430243902439,0.794720516991763,1077,214,41,77,19,20,22,57
0.72078853046595,0.720459372938525,1074,217,31,18,12,7,19,11
0.712238963785356,0.768738970180469,1075,216,30,129,12,34,18,95
0.74232725548515,0.779458724943052,1070,221,37,27,20,11,17,16
0.83883538522637,0.836277932925751,1060,231,32,17,24,13,8,4
0.7647237642083,0.818774759508389,1059,232,30,96,19,27,11,69
0.716068292682927,0.768906270318316,1059,232,41,63,21,18,20,45
0.731229268292683,0.77936875761227,1053,238,41,21,21,14,20,7
0.729550667649709,0.747688953584996,1062,229,39,22,18,7,21,15
0.729820293884035,0.76555584017131,1086,205,32,35,15,12,17,23
0.783782080900575,0.838033297488244,1064,227,38,114,20,24,18,90
0.739717925386715,0.804224117664633,1064,227,35,51,19,13,16,38
0.678136200716846,0.684589693626569,1069,222,31,15,12,7,19,8
0.754147465437788,0.801024972712075,1074,217,31,54,15,12,16,42
0.817228455123114,0.815641344297432,1065,226,32,11,20,8,12,3
0.778042959427208,0.815198306639899,1065,226,34,26,17,12,17,14
0.743425903170312,0.813575333098086,1062,229,39,136,18,32,21,104
0.755263373474236,0.754269939384838,1077,214,39,16,16,5,23,11
0.698868292682927,0.734504443086811,1037,254,41,33,18,16,23,17
0.754433931350864,0.795445475971749,1066,225,39,136,21,34,18,102
0.751993552765524,0.79062828577768,1080,211,28,23,16,9,12,14
0.709617087206729,0.752529949813454,1062,229,36,70,16,13,20,57
0.732957060646304,0.775918441064095,1061,230,36,100,17,25,19,75
0.729138999557326,0.739997848924369,1062,229,36,20,17,10,19,10
0.817024390243902,0.848779725833124,1056,235,41,91,26,27,15,64
0.706472914990614,0.742951275462566,1071,220,48,48,22,15,26,33
0.641482391482391,0.645594748698618,1086,205,33,11,12,4,21,7
0.763184843830005,0.807417183781848,1072,219,31,32,16,12,15,20
0.749476797088262,0.80634787391869,1068,223,35,95,17,13,18,82
0.761015667660772,0.802297969426824,1062,229,38,26,21,10,17,16
0.719866247049567,0.7584482505364,1078,213,20,91,7,12,13,79
0.751118126808735,0.816279450132517,1068,223,24,88,13,23,11,65
0.791454035138879,0.834836183258162,1077,214,44,106,25,35,19,71
0.74532514398192,0.788875236706292,1070,221,44,59,23,20,21,39
0.681417230226404,0.680566754713449,1067,224,38,23,14,10,24,13
0.716528616219757,0.762316167902508,1034,257,34,34,16,14,18,20
0.749528958794134,0.787246257240181,1060,231,39,57,21,19,18,38
0.667146848262616,0.710884370428627,1083,208,46,64,16,18,30,46
0.737148913619502,0.779993282157734,1076,215,33,87,14,22,19,65
0.728076103874826,0.764200605037865,1063,228,39,65,12,16,27,49
0.733770852191905,0.785704990983461,1057,234,37,110,14,26,23,84
0.751080799045915,0.79241362283064,1086,205,43,71,18,20,25,51
0.7084828215263,0.776812237607062,1097,194,26,89,10,15,16,74
0.785867640548916,0.835759004457319,1078,213,36,31,22,17,14,14
0.767946558098179,0.807766971743983,1074,217,34,95,19,26,15,69
0.702864376489277,0.771847622782786,1076,215,32,71,14,23,18,48
0.702409756097561,0.727039593484693,1051,240,41,58,13,10,28,48
0.716913224781573,0.798689960758463,1078,213,32,162,13,34,19,128
0.744119654231119,0.80755758565608,1077,214,35,55,17,15,18,40
0.729363334626492,0.728182219194771,1065,226,37,16,19,6,18,10
0.689933632965094,0.722222843872555,1045,246,38,45,17,10,21,35
0.767707317073171,0.793044917772323,1074,217,41,89,18,20,23,69
0.775473170731707,0.80380804358915,1075,216,41,47,21,16,20,31
0.705011202797967,0.743420409092715,1042,249,29,43,12,12,17,31
0.766810535635237,0.803248441917459,1062,229,36,53,19,17,17,36
0.82561851556265,0.820630600921932,1069,222,38,18,20,8,18,10
0.732090434252164,0.791739215813061,1078,213,42,93,18,18,24,75
0.716996611378634,0.761736528439734,1038,253,45,42,22,12,23,30
0.781295334362862,0.825400352813196,1083,208,34,57,18,17,16,40
0.720949045629557,0.753771634099837,1081,210,39,54,14,15,25,39
0.743223673424777,0.803042785481726,1092,199,29,56,10,11,19,45
0.726474124269086,0.783761996641148,1062,229,29,88,11,25,18,63
0.682788151059947,0.683395802563943,1061,230,34,14,12,4,22,10
0.746850998463902,0.787900759954914,1052,239,31,78,16,19,15,59
0.74611310951239,0.748542281924689,1054,237,40,16,20,9,20,7
0.736772486772487,0.776601571790962,1069,222,49,44,23,14,26,30
0.7364,0.788239164349127,1050,241,41,111,21,28,20,83
0.722076252236136,0.750111581411105,1054,237,43,85,19,33,24,52
0.773237179487179,0.81952639161742,1057,234,43,105,23,33,20,72
0.798902987047317,0.836069559816274,1036,255,30,70,17,15,13,55
0.708299919807538,0.754631966700013,1062,229,44,53,21,13,23,40
0.682760975609756,0.744723820214151,1038,253,41,45,20,15,21,30
0.64770245677889,0.684966079764242,1062,229,35,24,10,4,25,20
0.740047770700637,0.770613611781127,1071,220,35,81,14,19,21,62
0.740321732557757,0.779777494636721,1046,245,49,101,25,23,24,78
0.731894192763758,0.756145173196557,1055,236,26,73,8,17,18,56
0.776278976818545,0.809811571076015,1052,239,40,24,21,13,19,11
0.729149959903769,0.731975718755189,1035,256,44,19,23,6,21,13
0.752599712663337,0.785535555208482,1090,201,47,41,23,10,24,31
0.745833333333333,0.78504866323402,1061,230,40,63,22,22,18,41
0.745346341463415,0.807271712601345,1066,225,41,72,22,23,19,49
0.725174454402408,0.77314387885815,1074,217,47,49,21,21,26,28
0.698476765407834,0.755908641661447,1071,220,34,99,13,25,21,74
0.749426739669615,0.81714866057633,1054,237,34,50,17,13,17,37
0.860726698262243,0.877781122991797,1077,214,25,91,17,19,8,72
0.683892885691447,0.73442921152287,1059,232,40,91,15,20,25,71
0.806071286735504,0.841375426690331,1086,205,32,51,10,13,22,38
0.729170731707317,0.732724143763558,1057,234,41,23,18,9,23,14
0.724856036536934,0.749615699661902,1059,232,32,25,14,7,18,18
0.740868292682927,0.772787834069121,1082,209,41,38,16,10,25,28
0.750221169036335,0.816321616869318,1079,212,25,30,16,13,9,17
0.747931574239714,0.805455889644088,1060,231,43,75,19,22,24,53
0.823222310335712,0.822975492316819,1043,248,30,14,14,5,16,9
0.78015587529976,0.785343300144195,1070,221,40,20,22,11,18,9
0.723925908189095,0.759305217696508,1065,226,47,43,20,14,27,29
0.796515091342335,0.83777722083232,1074,217,32,70,18,15,14,55
0.780765984908658,0.847679046878828,1078,213,32,81,19,18,13,63
0.740702056197264,0.778904232812108,1058,233,39,51,15,12,24,39
0.718795950684312,0.778911541663319,1064,227,28,71,11,17,17,54
0.759093143278447,0.792679690512455,1068,223,39,36,20,14,19,22
0.732649842271293,0.791105826739257,1088,203,23,101,10,25,13,76
0.750868745035743,0.804205366701003,1067,224,32,109,17,25,15,84
0.734152875993293,0.788777826146805,1068,223,44,127,18,31,26,96
0.81324269155063,0.838578074546413,1081,210,44,35,28,22,16,13
0.744060995184591,0.78920067682984,1075,216,45,69,21,18,24,51
0.669536374478235,0.671011546514295,1064,227,43,21,17,7,26,14
0.763770870602266,0.832480916254373,1058,233,43,97,26,33,17,64
0.760562701739172,0.782176707687528,1075,216,33,29,17,13,16,16
0.781264965451187,0.811324462069715,1040,251,47,51,28,22,19,29
0.692373900213127,0.727195271043384,1060,231,29,67,13,13,16,54
0.780670508119434,0.818382703177177,1061,230,46,98,24,32,22,66
0.681155754685166,0.724025574028215,1093,198,33,82,15,14,18,68
0.677627816538945,0.740936422401168,1068,223,42,47,15,15,27,32
0.665570973612375,0.718374510707559,1063,228,35,45,12,7,23,38
0.785409741292094,0.843494221664703,1054,237,33,58,20,20,13,38
0.764874551971326,0.78259435295423,1077,214,31,15,17,6,14,9
0.7299204706037,0.769150055907506,1056,235,49,98,21,23,28,75
0.708224384311341,0.731591441968997,1073,218,26,37,8,11,18,26
0.755885291766587,0.797710980139129,1041,250,40,101,16,23,24,78
0.748959798406001,0.803826387191289,1075,216,27,55,13,15,14,40
0.746235213830755,0.78702367090001,1070,221,35,115,16,30,19,85
0.718779616534228,0.764566612698816,1057,234,44,43,21,9,23,34
0.742307692307692,0.748626234501823,1071,220,30,14,15,7,15,7
0.746914571071875,0.804669572152333,1088,203,45,97,23,27,22,70
0.728367831693247,0.735801500241601,1073,218,28,19,8,6,20,13
0.755674107351771,0.809239866147299,1081,210,34,87,19,23,15,64
0.752926705123855,0.793299728404408,1067,224,28,101,11,24,17,77
0.666057990261177,0.720830782785494,1063,228,36,66,12,12,24,54
0.77694350675139,0.846957413854131,1061,230,32,84,18,16,14,68
0.720549543288324,0.791693562396719,1058,233,32,123,14,26,18,97
0.688644188207006,0.710984570746574,1052,239,29,18,14,5,15,13
0.756656426011265,0.783583958459362,1043,248,31,35,19,16,12,19
0.713071752554784,0.768188072202565,1061,230,29,76,12,19,17,57
0.715173143008195,0.774413781568511,1083,208,30,74,13,16,17,58
0.750010501113118,0.804133465780711,1066,225,38,85,19,22,19,63
0.788795671167593,0.839757765632825,1068,223,32,123,21,35,11,88
0.708704557091654,0.755273246859408,1092,199,31,107,16,24,15,83
0.70184331797235,0.728606260384798,1066,225,31,85,10,13,21,72
0.683288704300781,0.713239444615286,1053,238,29,23,12,10,17,13
0.810285928213768,0.826782719949276,1046,245,34,33,23,14,11,19
0.818917018284107,0.821296179904192,1102,189,27,19,14,7,13,12
0.734272510435301,0.786243018716766,1059,232,43,59,20,21,23,38
0.736757843526609,0.753980549456753,1072,219,32,20,20,12,12,8
0.705364455364455,0.761194587589945,1065,226,37,132,17,35,20,97
0.863547449114459,0.895246108627087,1046,245,30,77,24,29,6,48
0.662287567084078,0.697825770157134,1047,244,43,31,18,11,25,20
0.716606714628297,0.777096433114287,1047,244,40,74,19,23,21,51
0.710834642919504,0.766082495664818,1072,219,46,95,20,23,26,72
0.675284580165497,0.715401830374269,1035,256,38,83,14,22,24,61
0.719208241173097,0.734154909582581,1059,232,39,18,19,8,20,10
0.745661797255423,0.777020394804426,1076,215,36,56,14,14,22,42
0.777141463414634,0.819842029438853,1057,234,41,71,26,25,15,46
0.722546341463415,0.722137921824493,1070,221,41,17,20,6,21,11
0.802854868061874,0.830957792418549,1070,221,35,81,21,15,14,66
0.725292259083728,0.772922141603288,1065,226,25,73,11,20,14,53
0.765851560579995,0.828565272498986,1071,220,39,39,18,12,21,27
0.698664222105815,0.709306027915371,1063,228,46,18,21,8,25,10
0.73628818061089,0.787114100388318,1080,211,36,94,17,23,19,71
0.741765241128298,0.780523897372022,1072,219,35,92,15,26,20,66
0.749745462594068,0.794096743916729,1076,215,36,120,20,29,16,91
0.690966010733453,0.738566930396229,1063,228,43,91,14,18,29,73
0.715833498808578,0.719930838759755,1073,218,32,17,12,5,20,12
0.77291856232939,0.804314477184624,1057,234,35,67,18,15,17,52
0.760540970564837,0.773602288301755,1099,192,34,19,15,9,19,10
0.796160738114301,0.824065067219089,1040,251,42,88,28,27,14,61
0.75,0.796622683520518,1064,227,29,88,14,20,15,68
0.761832406569249,0.79056167605056,1073,218,37,62,20,11,17,51
0.804120454864523,0.839409155173452,1068,223,34,103,21,21,13,82
0.753365003958828,0.791994607446437,1061,230,28,29,14,12,14,17
0.71650363967243,0.756430087198211,1077,214,35,54,12,11,23,43
0.769837149571015,0.808222649330383,1093,198,29,90,12,20,17,70
0.812304282892518,0.813431508623286,1050,241,33,9,23,5,10,4
0.788191659983961,0.81977501820267,1074,217,44,57,23,23,21,34
0.786786188579017,0.786068346923938,1065,226,36,15,21,10,15,5
0.729573156043744,0.767267953103163,1053,238,33,71,16,16,17,55
0.694688353048226,0.733815098958527,1078,213,35,80,14,21,21,59
0.750180661945368,0.785273519349948,1059,232,33,41,14,6,19,35
0.74360963834648,0.776340453291587,1079,212,37,93,17,24,20,69
0.766906474820144,0.803062974483941,1059,232,40,45,21,17,19,28
0.771788859659156,0.812160565053913,1070,221,42,57,23,22,19,35
0.661297097492334,0.704791571245268,1062,229,38,89,16,22,22,67
0.694469290399523,0.737454076890281,1083,208,43,124,16,24,27,100
0.738830755232029,0.785742617909139,1062,229,35,76,17,21,18,55
0.736332447985834,0.802700006116152,1090,201,36,70,15,14,21,56
0.750989535941765,0.816202486872803,1065,226,35,75,21,23,14,52
0.732362424176185,0.78078937421225,1075,216,29,81,16,19,13,62
0.73066349458102,0.773324643302611,1061,230,30,112,13,25,17,87
0.762737850212122,0.795580630946196,1092,199,38,73,15,18,23,55
0.684885475243451,0.76336587884227,1066,225,23,42,12,13,11,29
0.782677223987291,0.801002659030266,1057,234,32,48,15,15,17,33
0.759232552878634,0.786653869917904,1084,207,28,69,13,13,15,56
0.707267427855663,0.707557358211889,1082,209,33,19,14,8,19,11
0.7179114490161,0.723459067844377,1071,220,43,18,20,9,23,9
0.710917073170732,0.749698263011644,1061,230,41,39,17,15,24,24
0.809635821397068,0.845107460743257,1058,233,38,109,20,20,18,89
0.678838302835897,0.724374758703635,1073,218,44,47,18,14,26,33
0.69945949740278,0.741229171104944,1050,241,34,56,15,24,19,32
0.716794334441393,0.77550225746263,1075,216,33,40,15,12,18,28
0.699297051378532,0.73012329552034,1081,210,47,46,20,10,27,36
0.681372549019608,0.744633747732613,1078,213,33,40,12,12,21,28
0.762814907918466,0.813538735621596,1077,214,29,32,13,9,16,23
0.761169579030977,0.783618112665132,1048,243,32,44,14,14,18,30
0.693804606830818,0.745904841611092,1046,245,32,48,14,12,18,36
0.667750638338874,0.694887435033037,1060,231,33,63,10,11,23,52
0.762363512283895,0.800213513752717,1059,232,35,115,17,23,18,92
0.73163082437276,0.734688178407412,1083,208,31,9,15,5,16,4
0.757997460473499,0.814220027178799,1054,237,39,46,22,20,17,26
0.672972530300903,0.740632474467441,1081,210,34,72,12,11,22,61
0.765557553956835,0.819119796387314,1082,209,40,71,21,18,19,53
0.718570163789287,0.779463735145084,1072,219,36,114,13,29,23,85
0.754276610017889,0.754964249422259,1047,244,43,19,27,13,16,6
0.744875456798421,0.780295968963917,1074,217,38,36,18,13,20,23
0.746475377283558,0.769567005494525,1080,211,32,20,15,6,17,14
0.658723235527359,0.690805522710369,1083,208,30,38,10,9,20,29
0.734485896269336,0.780075414738909,1054,237,35,66,18,22,17,44
0.75189452124936,0.75306500361684,1045,246,31,18,18,11,13,7
0.716622209743086,0.722829842025746,1094,197,34,20,16,12,18,8
0.717824589406477,0.757037254572945,1075,216,38,114,18,23,20,91
0.718919066615662,0.73862408841217,1076,215,29,22,11,9,18,13
0.771812749003984,0.796992265289929,1058,233,36,52,19,14,17,38
0.735081934452438,0.782423733921686,1056,235,40,49,18,10,22,39
0.712153541100909,0.775711401619829,1052,239,37,103,19,32,18,71
0.825210270030987,0.85349307298103,1074,217,36,43,23,14,13,29
0.771357232031389,0.772456436168945,1072,219,45,21,25,12,20,9
0.693212129720623,0.727140531024841,1070,221,34,67,13,12,21,55
0.731270730870411,0.775595910425121,1056,235,42,69,20,15,22,54
0.794344583818268,0.834306165882498,1066,225,37,63,22,14,15,49
0.707859531772575,0.714011167824645,1070,221,26,15,8,4,18,11
0.742882744495648,0.794798478404586,1081,210,31,101,17,29,14,72
0.771591412129261,0.764899132596199,1078,213,36,25,17,12,19,13
0.730905275779377,0.756904078248839,1077,214,40,33,17,12,23,21
0.701582598641422,0.750125306368211,1089,202,33,108,9,17,24,91
0.775113739763421,0.814187546090854,1064,227,35,40,16,13,19,27
0.79593949044586,0.81498894248961,1064,227,35,35,17,10,18,25
0.725896317829458,0.787387932443958,1067,224,43,79,16,20,27,59
0.69613309352518,0.750918702660026,1069,222,40,66,20,17,20,49
0.688143885512307,0.736898230411032,1074,217,37,45,14,12,23,33
0.754717533989686,0.786023062082793,1081,210,27,65,14,18,13,47
0.724059318282426,0.756684923842389,1057,234,36,47,15,14,21,33
0.82234001858025,0.817889101868759,1065,226,29,10,19,6,10,4
0.753743373954861,0.80753837674677,1083,208,29,99,14,25,15,74
0.692185086595025,0.738139682137933,1067,224,49,68,20,21,29,47
0.689619300575476,0.74334232089456,1090,201,36,48,16,12,20,36
0.68541986687148,0.72623511018885,1064,227,31,99,11,16,20,83
0.778341463414634,0.802385148893875,1052,239,41,40,22,15,19,25
0.785434754012102,0.782175012312714,1082,209,24,12,10,6,14,6
0.738767153607791,0.770655334036704,1073,218,36,29,20,12,16,17
0.733428637155345,0.772108696413203,1032,259,49,39,23,13,26,26
0.727198145175673,0.760983479665011,1066,225,45,107,22,28,23,79
0.678585283848442,0.735020360103853,1078,213,37,51,14,12,23,39
0.737158780709736,0.735368174249724,1082,209,35,17,13,6,22,11
0.749400479616307,0.786054763976365,1057,234,40,47,17,11,23,36
0.697882926829268,0.750105984219681,1058,233,41,83,19,20,22,63
0.803752302025783,0.824535150396662,1099,192,24,77,9,10,15,67
0.681532742470702,0.684381540159912,1066,225,38,18,12,5,26,13
0.777142077045274,0.843186923615876,1071,220,32,134,19,27,13,107
0.765871085436303,0.822798294371671,1054,237,26,38,16,17,10,21
0.797101836989477,0.826830495516493,1074,217,45,109,22,30,23,79
0.661796898753421,0.701267882321898,1065,226,26,111,8,27,18,84
0.781235011990408,0.837229219426698,1075,216,40,107,22,31,18,76
0.721088093322607,0.779630827203213,1046,245,48,64,26,21,22,43
0.716515013648771,0.750010327280011,1067,224,35,85,14,10,21,75
0.655453837961825,0.658244375498927,1053,238,39,16,17,9,22,7
0.737899057464275,0.79808545216014,1055,236,26,73,16,20,10,53
0.798890240194588,0.847818092854181,1075,216,26,34,16,13,10,21
0.724189430071783,0.752911728417767,1073,218,33,37,11,7,22,30
0.655595996360328,0.691146957014223,1055,236,35,28,13,5,22,23
0.711603948446054,0.749301746019967,1069,222,37,87,14,22,23,65
0.762993943606037,0.767922196666977,1057,234,32,16,17,11,15,5
0.692723824302772,0.753725635938057,1065,226,37,80,18,17,19,63
0.718032368593716,0.753648135156323,1067,224,44,58,17,14,27,44
0.745217907757844,0.785829559397389,1065,226,39,49,18,12,21,37
0.748678646934461,0.790473868874385,1060,231,44,100,21,27,23,73
0.759860338807707,0.773290853420635,1052,239,37,24,19,9,18,15
0.738720166264414,0.792852877779523,1054,237,48,48,27,19,21,29
0.727910621856091,0.771603295966452,1069,222,44,66,18,22,26,44
0.779385365853658,0.799017836569116,1038,253,41,22,22,10,19,12
0.709814634146341,0.751727739315034,1080,211,41,49,18,12,23,37
0.769458802067498,0.800634694706081,1073,218,26,57,13,17,13,40
0.714132359451085,0.717575740085252,1067,224,36,22,15,8,21,14
0.73547954725973,0.769266287829893,1049,242,32,24,15,6,17,18
0.745889067237382,0.768010256525636,1081,210,45,25,21,11,24,14
0.752292039355993,0.792387965683103,1083,208,43,72,18,20,25,52
0.742633517495396,0.767861555927814,1063,228,24,64,11,20,13,44
0.765732206861239,0.786134813192192,1077,214,31,18,14,6,17,12
0.760532616457344,0.788778887091142,1070,221,38,29,21,13,17,16
0.705558286229213,0.710359449591231,1086,205,39,18,18,9,21,9
0.806385024318516,0.842846090371434,1062,229,28,46,17,13,11,33
0.80499156076251,0.848488255749793,1080,211,32,135,18,32,14,103
0.762040708432461,0.778742150182661,1066,225,30,19,15,8,15,11
0.736910029498525,0.785138682682019,1038,253,48,82,24,27,24,55
0.723290748280219,0.768187967327244,1072,219,34,51,17,12,17,39
0.733403189285542,0.774710767372637,1058,233,33,63,16,10,17,53
0.711016220201524,0.745651707159731,1045,246,39,95,17,30,22,65
0.672837820809006,0.715798046202879,1068,223,38,61,17,17,21,44
0.654565883983702,0.716855595147401,1078,213,38,60,15,17,23,43
0.700170609645132,0.7368105394994,1082,209,35,68,13,19,22,49
0.737596448122764,0.793802413599504,1053,238,37,75,21,19,16,56
0.767640846588215,0.824834572840834,1075,216,37,83,20,20,17,63
0.7764,0.806117164305602,1063,228,41,96,22,24,19,72
0.812253658536585,0.843174286317712,1068,223,41,45,25,18,16,27
0.789175257731959,0.828092479619288,1055,236,30,125,20,41,10,84
0.708842925659472,0.723895949405242,1064,227,40,35,14,12,26,23
0.784104447974583,0.830681192498085,1055,236,32,79,20,27,12,52
0.66640169581346,0.70738906543832,1072,219,33,49,11,11,22,38
0.790198073868149,0.789894046363569,1065,226,32,24,20,15,12,9
0.712328606860405,0.743728641005358,1086,205,34,47,10,9,24,38
0.724897634212921,0.782767067359837,1042,249,35,51,21,14,14,37
0.744534050179211,0.784262936112874,1051,240,31,121,14,27,17,94
0.737380095923261,0.758606231239111,1063,228,40,62,17,12,23,50
0.672266323792487,0.705714022756688,1097,194,43,92,11,13,32,79
0.738455948121646,0.808476423402886,1071,220,43,55,23,18,20,37
0.784513999205719,0.845195854969556,1066,225,32,27,20,14,12,13
0.718426294820717,0.722947600320092,1075,216,36,23,15,8,21,15
0.73526625704045,0.78094708135326,1084,207,31,72,14,16,17,56
0.724578645631277,0.752731348111497,1060,231,37,69,18,15,19,54
0.761362602365787,0.767650165201442,1062,229,35,16,18,7,17,9
0.803157474020783,0.830276399517804,1062,229,40,68,23,23,17,45
0.788685152057245,0.818618838431573,1092,199,43,109,22,21,21,88
0.735657370517928,0.78212860889063,1059,232,36,37,18,13,18,24
0.798489503328213,0.848093390211797,1048,243,31,127,21,33,10,94
0.780122614788312,0.798107008571372,1062,229,43,50,23,19,20,31
0.729363334626492,0.757554376718032,1066,225,37,42,16,11,21,31
0.687250937646507,0.738237581489197,1065,226,27,44,12,11,15,33
0.738811003516886,0.770913694827846,1073,218,33,95,15,23,18,72
0.738321584590945,0.777462478503972,1068,223,32,69,13,17,19,52
0.664057747203893,0.66867304613519,1091,200,34,10,12,2,22,8
0.6768,0.701817228944764,1060,231,41,33,15,7,26,26
0.765935266084194,0.798294307879855,1067,224,32,69,16,17,16,52
0.761208967173739,0.809003871691829,1077,214,42,46,22,18,20,28
0.744034971226206,0.792620142122275,1083,208,36,35,19,14,17,21
0.747969804414961,0.790979744700276,1078,213,42,87,16,15,26,72
0.725332647070037,0.769027420517238,1067,224,42,37,18,8,24,29
0.737071172555044,0.749266649788154,1068,223,31,17,15,4,16,13
0.803166216105513,0.8314425385375,1057,234,39,41,21,14,18,27
0.750459632294165,0.795357151323328,1061,230,40,67,23,23,17,44
0.769920990509226,0.803528707251332,1048,243,33,35,20,18,13,17
0.694460873521383,0.753157053225636,1073,218,35,72,16,19,19,53
0.703467535933509,0.738053882229634,1074,217,42,42,16,14,26,28
0.714815269927091,0.756810371177254,1070,221,39,81,16,25,23,56
0.71451673877431,0.753632650072638,1059,232,38,44,17,8,21,36
0.703327729643519,0.756301005860453,1062,229,37,82,18,22,19,60
0.808953094346353,0.837380765805263,1075,216,45,80,23,26,22,54
0.755683370675993,0.806122809899922,1073,218,29,45,16,10,13,35
0.771370075254537,0.806826764188259,1070,221,36,90,15,20,21,70
0.682203191539145,0.743437684072675,1055,236,34,58,15,14,19,44
0.802498001598721,0.8606381563773,1085,206,40,131,23,27,17,104
0.6969790201594,0.739002293831732,1089,202,27,70,8,12,19,58
0.748617941972626,0.779337470166965,1078,213,42,37,22,16,20,21
0.797043010752688,0.804347183283507,1076,215,31,63,16,14,15,49
0.707659511908262,0.757933315046112,1056,235,38,54,15,10,23,44
0.740242875193037,0.73764594449745,1059,232,34,18,16,7,18,11
0.764386896857016,0.812891266082386,1064,227,36,84,19,25,17,59
0.721815012391314,0.75888240451293,1084,207,38,117,16,23,22,94
0.752569003177125,0.785784900042106,1063,228,32,89,12,20,20,69
0.764079490063742,0.810125805806351,1089,202,21,53,8,9,13,44
0.742729581387728,0.77713413274797,1056,235,39,72,19,23,20,49
0.802330478730872,0.84228368069963,1073,218,34,90,20,24,14,66
0.744319264935758,0.745028538623565,1070,221,42,19,23,13,19,6
0.752352630187682,0.808107844047563,1060,231,30,81,16,20,14,61
0.755994085532302,0.801287925424764,1088,203,35,72,17,12,18,60
0.70489029699556,0.767673510323788,1077,214,37,101,17,26,20,75
0.707473442837756,0.749825984944562,1078,213,34,85,10,14,24,71
0.714220894200974,0.77241370526737,1099,192,36,46,16,12,20,34
0.779526339088092,0.810110044001561,1089,202,36,49,17,18,19,31
0.766543387609214,0.807774825403481,1071,220,32,27,19,13,13,14
0.698091526778577,0.763544612629579,1060,231,40,81,20,22,20,59
0.728523416580141,0.769521694411139,1071,220,29,48,13,12,16,36
0.807287529785544,0.841352823558381,1064,227,32,56,20,14,12,42
0.778058083053978,0.77789673394708,1066,225,47,23,21,10,26,13
0.665746762118148,0.719189377203303,1084,207,29,83,12,19,17,64
0.65744770461884,0.682118239534759,1075,216,34,45,12,11,22,34
0.658326661329063,0.661540038640442,1063,228,42,20,16,11,26,9
0.758464065433092,0.795078678922188,1049,242,48,102,24,21,24,81
0.744460145817973,0.747741479969116,1072,219,39,22,20,11,19,11
0.701377124433029,0.774699261587687,1076,215,29,52,11,12,18,40
0.712001029528757,0.71479246846066,1081,210,34,13,10,5,24,8
0.77632802124834,0.803468763099352,1080,211,36,57,16,18,20,39
0.711291434975646,0.756478157672194,1064,227,37,74,17,23,20,51
0.7821044546851,0.797011405166833,1068,223,31,27,18,12,13,15
0.750791964818127,0.805159916028895,1055,236,43,70,22,25,21,45
0.814560972455709,0.844825148412833,1032,259,37,73,23,21,14,52
0.77175585782367,0.843118430384058,1072,219,32,100,20,27,12,73
0.737282980017783,0.773677940631019,1044,247,34,109,18,22,16,87
0.723479460321566,0.725871639625917,1077,214,37,22,16,10,21,12
0.74448252079831,0.793823432821124,1072,219,37,81,19,20,18,61
0.718353689924657,0.762004968034893,1069,222,34,55,14,8,20,47
0.76879598917229,0.810336683690548,1061,230,42,57,23,19,19,38
0.738582208101668,0.782083130000761,1068,223,32,53,15,14,17,39
0.804333484986351,0.844413433436395,1059,232,35,41,21,16,14,25
0.738510690587368,0.813411123410793,1083,208,39,69,19,19,20,50
0.726020137784844,0.757248894978707,1081,210,33,72,12,10,21,62
0.715759034948372,0.725408719948127,1082,209,32,21,13,7,19,14
0.695354427549195,0.747609576290201,1054,237,43,31,18,10,25,21
0.777183803457689,0.814990080406609,1050,241,35,104,19,24,16,80
0.777719750962562,0.855638938677367,1067,224,39,58,26,18,13,40
0.754565557207671,0.755609977092987,1052,239,42,20,19,11,23,9
0.753958828186857,0.811279010189802,1093,198,28,34,11,7,17,27
0.736344377724266,0.801280791007097,1044,247,53,85,30,27,23,58
0.772543160690571,0.776986956039361,1056,235,36,18,20,10,16,8
0.740550281293952,0.769635392239737,1052,239,27,89,15,23,12,66
0.766525878251542,0.764540513325107,1078,213,48,21,26,10,22,11
0.764893069399598,0.7951162841683,1074,217,34,69,18,16,16,53
0.716657307314334,0.723228481399571,1082,209,34,19,10,5,24,14
0.68985664722254,0.733063877771063,1082,209,42,107,15,26,27,81
0.71976379674856,0.758274163462549,1089,202,44,34,19,9,25,25
0.731356097560976,0.777241070595403,1073,218,41,82,17,21,24,61
0.796553685168335,0.830300120946308,1071,220,35,45,19,15,16,30
0.809525272384697,0.851119220318312,1062,229,39,117,25,29,14,88
0.725659457688212,0.788851828588162,1046,245,39,138,21,38,18,100
0.716404388403495,0.785013003715726,1091,200,32,94,17,26,15,68
0.804066098183745,0.847725504828447,1044,247,33,89,19,22,14,67
0.730134813639968,0.754875658648003,1043,248,30,64,13,9,17,55
0.803298453139217,0.84461726807622,1076,215,35,61,20,18,15,43
0.734330587271764,0.796189506197049,1068,223,33,87,16,27,17,60
0.781085838072028,0.822918294490049,1066,225,60,84,30,30,30,54
0.770075254537406,0.815363372758251,1081,210,36,32,20,12,16,20
0.758156391630968,0.761389063300618,1049,242,52,26,26,11,26,15
0.738132511068944,0.795414795787364,1037,254,51,90,26,28,25,62
0.722308016285273,0.781560830440586,1063,228,34,107,14,25,20,82
0.762295753866332,0.804757984662806,1074,217,29,45,14,16,15,29
0.746547144754316,0.789393824753441,1061,230,36,48,17,16,19,32
0.733756097560976,0.75004790070529,1060,231,41,24,16,8,25,16
0.747521444889866,0.742443649776957,1059,232,37,17,16,10,21,7
0.863708399366086,0.891482597168107,1077,214,29,47,21,16,8,31
0.738800354138999,0.790583433821019,1068,223,36,52,17,15,19,37
0.709664536741214,0.749386760069809,1069,222,39,71,17,16,22,55
0.71807915921288,0.783680750659711,1043,248,43,109,22,31,21,78
0.737989608313349,0.770177525871145,1079,212,40,25,18,6,22,19
0.699133475220432,0.749966170650581,1062,229,26,69,11,20,15,49
0.741014558689718,0.781301927251825,1092,199,35,65,14,12,21,53
0.718576250992851,0.775327645217796,1051,240,32,99,16,30,16,69
0.77725164972356,0.803668932551914,1078,213,45,80,20,21,25,59
0.723541463414634,0.735537442608713,1071,220,41,21,15,5,26,16
0.689503087327257,0.726452485646546,1076,215,38,89,13,20,25,69
0.775902007581075,0.830051076879619,1059,232,34,76,19,21,15,55
0.717680145941016,0.748256942084658,1076,215,26,24,11,7,15,17
0.762941636851521,0.796922823114325,1074,217,43,90,20,19,23,71
0.713658474142345,0.757539349269597,1071,220,31,62,14,15,17,47
0.787194942663922,0.836793526272514,1047,244,38,68,22,21,16,47
0.751494023904382,0.786475274669175,1072,219,36,31,17,11,19,20
0.759628154050465,0.806102201405988,1062,229,36,120,20,23,16,97
0.763013073882639,0.801055160402194,1079,212,26,45,11,13,15,32
0.821963674904851,0.859506090489441,1080,211,33,56,22,13,11,43
0.716992111728954,0.768256639658084,1068,223,37,83,17,16,20,67
0.807646917972224,0.857588717357092,1076,215,47,122,24,29,23,93
0.771250940685503,0.812155623375701,1053,238,47,102,22,33,25,69
0.719333300238284,0.756838185561054,1059,232,32,32,15,11,17,21
0.75132893685052,0.75554416365583,1064,227,40,11,19,5,21,6
0.765580487804878,0.817489693917037,1070,221,41,108,20,26,21,82
0.736303123399897,0.737482891041077,1070,221,31,19,16,10,15,9
0.729171786679774,0.776175357745875,1038,253,39,111,17,32,22,79
0.710138368033105,0.747118798495275,1061,230,37,40,17,11,20,29
0.721241305510968,0.725376730364567,1038,253,45,22,23,11,22,11
0.804101734783887,0.856046880219099,1073,218,38,84,24,28,14,56
0.735727760127085,0.777854693333122,1067,224,32,56,15,13,17,43
0.791973867453101,0.811891163824138,1068,223,39,62,23,17,16,45
0.814535941765241,0.856945517210096,1048,243,35,138,23,33,12,105
0.73064508358626,0.795491494990325,1060,231,33,74,14,21,19,53
0.733443276684556,0.786255087823633,1054,237,43,67,19,14,24,53
0.683490102484908,0.746537265230216,1055,236,34,91,20,15,14,76
0.812045570916539,0.850198395239187,1040,251,31,48,16,12,15,36
0.757211538461538,0.798663563256779,1080,211,43,44,25,17,18,27
0.714222707607006,0.740410309231035,1062,229,38,80,14,23,24,57
0.832063239308462,0.845140819696875,1059,232,35,15,22,10,13,5
0.805255795363709,0.807621335447463,1044,247,40,12,26,7,14,5
0.779904306220096,0.812108470547154,1046,245,37,46,20,13,17,33
0.741482989377135,0.787851498454994,1072,219,34,34,18,9,16,25
0.741395560960779,0.759594348922277,1076,215,26,30,6,6,20,24
0.72203448840829,0.749010620946112,1048,243,39,29,19,10,20,19
0.714042498719918,0.737355968791107,1081,210,31,23,14,9,17,14
0.807357859531773,0.833679365313978,1064,227,26,21,15,6,11,15
0.764181866243722,0.809078471115881,1076,215,30,105,17,28,13,77
0.766667577463249,0.824795644520906,1064,227,29,46,17,16,12,30
0.769012837538734,0.765749378416737,1044,247,36,18,16,7,20,11
0.722811333559552,0.747211206875008,1083,208,28,86,14,18,14,68
0.699236387782205,0.702595674612803,1072,219,36,16,18,9,18,7
0.74673071790766,0.791623113110273,1055,236,42,66,21,20,21,46
0.758320237471625,0.793944281140716,1050,241,46,71,21,19,25,52
0.649643524343284,0.698211200595865,1051,240,42,49,17,9,25,40
0.700667244784892,0.738803843146633,1069,222,33,36,13,10,20,26
0.692264604623203,0.720282839386439,1089,202,29,41,9,8,20,33
0.709628154050465,0.710553228328046,1066,225,36,15,14,6,22,9
0.766022140587768,0.795587617929744,1080,211,32,23,18,10,14,13
0.769081379568534,0.793708999037023,1069,222,34,51,14,10,20,41
0.770162492546213,0.772015114026208,1043,248,43,22,23,14,20,8
0.730586804499848,0.765403585851447,1051,240,26,38,10,10,16,28
0.743881552819698,0.76828648752412,1097,194,32,27,11,8,21,19
0.773891115996379,0.775205546771819,1052,239,37,20,20,11,17,9
0.662604249404289,0.717007328594071,1080,211,32,54,12,16,20,38
0.754815329626688,0.784918512803047,1071,220,32,66,14,19,18,47
0.677536396724295,0.750060858250257,1065,226,35,57,18,22,17,35
0.754281903692264,0.81998121519481,1068,223,34,89,18,24,16,65
0.735949510648129,0.76834931243876,1041,250,38,48,17,12,21,36
0.712181432769668,0.714873656113631,1066,225,33,12,13,4,20,8
0.742689213277449,0.79303700380609,1077,214,33,105,16,20,17,85
0.735190243902439,0.768913617253396,1062,229,41,61,23,20,18,41
0.746723590150913,0.797474762879544,1057,234,32,82,18,22,14,60
0.696691013722886,0.740967703239795,1079,212,36,82,13,16,23,66
0.798718504600858,0.837230507820546,1082,209,33,84,21,25,12,59
0.676133352603941,0.712188938140534,1066,225,33,39,12,14,21,25
0.778990593850905,0.815524712862805,1060,231,34,107,16,30,18,77
0.772699066719619,0.815683424441498,1054,237,32,43,18,17,14,26
0.753498036524458,0.79740545880187,1077,214,42,56,18,26,24,30
0.688516074943501,0.692693221004438,1069,222,44,24,16,10,28,14
0.753725038402458,0.783975439949754,1057,234,31,32,16,15,15,17
0.786360911270983,0.830197667624867,1066,225,40,61,21,17,19,44
0.77039727019711,0.800050457407848,1068,223,42,89,22,34,20,55
0.658721951219512,0.678159760987903,1046,245,41,45,14,13,27,32
0.767988406771118,0.819399067425265,1069,222,38,81,18,20,20,61
0.747884440400364,0.785741483419899,1035,256,35,109,19,29,16,80
0.70513553700103,0.745575694264429,1067,224,42,69,15,13,27,56
0.768448589626934,0.771779360953316,1074,217,35,25,16,10,19,15
0.749652501985703,0.795982204299608,1078,213,32,149,13,34,19,115
0.774494142705005,0.807183247421732,1046,245,39,31,23,14,16,17
0.666777251184834,0.720918849791302,1073,218,25,42,9,9,16,33
0.733406969817315,0.791271415324092,1050,241,32,157,17,33,15,124
0.766929412641622,0.818153752058347,1071,220,43,49,24,17,19,32
0.756728640991589,0.796252247787311,1064,227,36,117,18,30,18,87
0.727958725256212,0.745441320879776,1083,208,34,23,14,9,20,14
0.742583482409064,0.787672744087254,1069,222,43,121,21,24,22,97
0.726699620316642,0.75989054489525,1077,214,22,94,8,17,14,77
0.694369547977795,0.695641362635051,1085,206,30,18,12,7,18,11
0.793969162353284,0.843288820239139,1070,221,44,77,28,28,16,49
0.664944356120827,0.709484901317593,1069,222,33,90,14,16,19,74
0.823046518698693,0.813957079803561,1072,219,26,17,15,8,11,9
0.779214654487689,0.81681617272641,1069,222,32,62,18,16,14,46
0.808603670025395,0.843951066330857,1080,211,39,87,21,27,18,60
0.701871960185499,0.760666126507875,1053,238,28,48,14,14,14,34
0.736740607513989,0.81490707647959,1068,223,40,117,20,25,20,92
0.784886985820581,0.852178787300108,1090,201,34,106,21,29,13,77
0.747435234277339,0.782716587763825,1041,250,37,80,19,25,18,55
0.733714726940896,0.787491017642659,1073,218,34,66,16,19,18,47
0.744633888448321,0.740045126811889,1092,199,30,15,7,2,23,13
0.744009584664537,0.779167717053189,1074,217,39,41,19,11,20,30
0.71070243902439,0.765595361071661,1064,227,41,48,21,18,20,30
0.642390412564463,0.659010882864378,1065,226,27,37,6,5,21,32
0.704475998807394,0.718916549182548,1058,233,43,29,15,6,28,23
0.764738209432454,0.809302590318158,1077,214,40,83,20,26,20,57
0.704697476436607,0.728398041694714,1089,202,26,14,9,5,17,9
0.728405480540111,0.78729665430437,1071,220,32,38,17,15,15,23
0.71146678135496,0.712272600963222,1076,215,39,18,13,4,26,14
0.745611583184258,0.773876361875523,1094,197,43,175,16,30,27,145
0.758855405762622,0.782704260161344,1062,229,30,94,15,21,15,73
0.711219512195122,0.749533417646322,1041,250,41,53,16,9,25,44
0.767842981760507,0.835248315816842,1071,220,30,59,17,22,13,37
0.752534307215582,0.750278409761979,1065,226,36,15,20,8,16,7
0.714666898332009,0.751030534667767,1075,216,32,130,13,24,19,106
0.794430103256553,0.82850244402213,1085,206,32,44,16,15,16,29
0.620571189035503,0.644471324982994,1079,212,44,79,10,19,34,60
0.76943445243805,0.803910009820236,1065,226,40,71,18,20,22,51
0.734781619654231,0.771782531519231,1045,246,35,77,16,20,19,57
0.803933716973999,0.830101045158336,1063,228,38,39,19,11,19,28
0.793495722018509,0.831079361670098,1069,222,46,42,29,21,17,21
0.814607355593202,0.813503917898125,1073,218,29,12,16,7,13,5
0.68038493038493,0.738104468553435,1062,229,33,53,15,20,18,33
0.693735011990408,0.753798981358798,1048,243,40,63,17,18,23,45
0.783122763864043,0.782930817847405,1045,246,43,28,23,16,20,12
0.6986887835703,0.7447369842823,1061,230,25,38,10,5,15,33
0.769492235911642,0.771487061810451,1068,223,44,22,25,14,19,8
0.663159472422063,0.699846207834011,1072,219,40,39,15,11,25,28
0.767594078830034,0.771988234635601,1063,228,45,25,22,11,23,14
0.775702266023063,0.796963690407051,1052,239,48,30,27,12,21,18
0.718135491606715,0.721091463993625,1049,242,40,18,18,7,22,11
0.819422363540011,0.866207304978358,1091,200,33,62,21,21,12,41
0.744220599934485,0.749417845304554,1071,220,34,20,16,7,18,13
0.741930859343,0.746140252773298,1044,247,39,20,23,13,16,7
0.632464979110347,0.672924396122524,1074,217,39,74,11,13,28,61
0.702630187681734,0.765773777867658,1064,227,30,32,15,6,15,26
0.772403949646684,0.830103094468552,1062,229,34,110,19,19,15,91
0.749367175206951,0.79827582476426,1082,209,47,93,21,25,26,68
0.7098080778205,0.749157165767264,1080,211,49,48,21,15,28,33
0.745661797255423,0.798239605968395,1079,212,36,74,19,14,17,60
0.704847277556441,0.751280581702593,1053,238,36,75,14,19,22,56
0.760191846522782,0.757063754573527,1074,217,40,16,18,7,22,9
0.729814634146341,0.776015494481554,1068,223,41,75,19,15,22,60
0.758571854502087,0.805082419707362,1074,217,43,46,24,14,19,32
0.690969062784349,0.706609906977494,1057,234,35,16,17,5,18,11
0.769853526135991,0.817597259968489,1044,247,34,79,20,20,14,59
0.714364708773654,0.74330540652041,1078,213,39,34,12,12,27,22
0.748587519136838,0.770415552899262,1070,221,44,30,18,13,26,17
0.71752640207404,0.722851380350651,1062,229,42,22,18,8,24,14
0.774656235182551,0.770570180245016,1052,239,37,12,17,9,20,3
0.745219512195122,0.795192788417509,1056,235,41,91,21,22,20,69
0.700429268292683,0.762326607677582,1085,206,41,69,15,15,26,54
0.692422396774058,0.738611819866544,1045,246,38,131,20,32,18,99
0.768329646923896,0.829761959670641,1060,231,39,116,23,30,16,86
0.742277070063694,0.801314276555841,1069,222,35,83,16,15,19,68
0.832944521396807,0.832167832783592,1069,222,44,21,24,10,20,11
0.662020383693045,0.696363422652995,1072,219,40,129,13,26,27,103
0.769937331039567,0.838196753956176,1056,235,39,120,22,38,17,82
0.77315269927091,0.805351793482601,1082,209,39,70,17,19,22,51
0.705448385157659,0.751662091744129,1068,223,29,75,13,15,16,60
0.709302885773474,0.761164224656802,1061,230,33,41,15,16,18,25
0.747695852534562,0.782582818676133,1061,230,31,21,17,7,14,14
0.725267911460527,0.752008470340205,1067,224,34,110,13,26,21,84
0.654549741858618,0.680922319718244,1073,218,32,74,12,16,20,58
0.704718597360939,0.709829423783315,1062,229,44,15,21,5,23,10
0.726011281224819,0.758405807382954,1041,250,50,79,22,18,28,61
0.743876992542929,0.775311695930438,1089,202,47,41,22,17,25,24
0.807224220623501,0.843411664995246,1032,259,40,55,24,21,16,34
0.76505016722408,0.762687227319575,1078,213,26,18,12,11,14,7
0.781006605540767,0.804741958434252,1067,224,49,36,26,13,23,23
0.787250222284618,0.828269973989825,1082,209,34,84,18,19,16,65
0.755528220789504,0.757636315810167,1069,222,28,47,10,11,18,36
0.690819512195122,0.739174949325268,1079,212,41,113,17,23,24,90
0.716772402854877,0.75636623838731,1065,226,30,90,13,14,17,76
0.710790172642762,0.746523248938032,1045,246,36,95,14,22,22,73
0.747817301460216,0.775041056056786,1064,227,42,80,20,16,22,64
0.753643886251943,0.811908304755408,1076,215,38,43,22,14,16,29
0.769111623143881,0.772186147764093,1047,244,31,15,17,8,14,7
0.769111227518771,0.806594347987297,1051,240,46,118,24,33,22,85
0.727810978308986,0.788438678404783,1078,213,36,59,14,11,22,48
0.838660898055194,0.865023366812814,1071,220,38,85,18,22,20,63
0.75736931551805,0.789679080987828,1068,223,27,29,12,9,15,20
0.809817960597127,0.819022817635176,1059,232,34,24,19,15,15,9
0.699931373670365,0.745547697023787,1059,232,42,47,19,14,23,33
0.752549681289839,0.749304942160463,1086,205,21,8,10,4,11,4
0.734074811863656,0.738498967824003,1076,215,36,14,16,7,20,7
0.809639016897081,0.829125852191199,1052,239,31,32,19,13,12,19
0.784963603275705,0.816072711805516,1038,253,35,52,20,22,15,30
0.635232300884956,0.675826929165649,1059,232,48,114,19,21,29,93
0.746748591909882,0.786558800403605,1046,245,31,109,15,24,16,85
0.710302548537843,0.749152499732419,1051,240,33,51,12,14,21,37
0.679648780487805,0.681994472464787,1050,241,41,28,16,8,25,20
0.7542194092827,0.753737189878318,1056,235,27,18,12,9,15,9
0.794826337260284,0.836352409287491,1083,208,42,63,23,20,19,43
0.780329526203618,0.826675557227983,1056,235,29,38,17,13,12,25
0.764030821356358,0.767654648385844,1060,231,29,20,14,10,15,10
0.758853474988933,0.764711433110461,1083,208,36,20,21,14,15,6
0.792151956323931,0.843979777599685,1069,222,35,30,22,9,13,21
0.755543753726893,0.802084715894397,1034,257,43,144,21,33,22,111
0.786435357991177,0.825286267628988,1081,210,28,27,17,11,11,16
0.741831544463123,0.765355947499512,1038,253,37,25,15,10,22,15
0.708172340890865,0.774447433768069,1075,216,44,120,22,25,22,95
0.73294988797202,0.797566402268378,1066,225,29,38,14,10,15,28
0.730294051878354,0.777687317020078,1075,216,43,57,20,17,23,40
0.762485939257593,0.831044219545803,1063,228,21,75,11,14,10,61
0.770324151903099,0.808047146355746,1052,239,37,63,20,25,17,38
0.769292209388056,0.804407581124167,1082,209,39,60,18,13,21,47
0.790714918105356,0.82063874864498,1066,225,36,33,23,14,13,19
0.788209095171121,0.85751969879083,1077,214,27,84,16,21,11,63
0.773655913978495,0.813915332306489,1092,199,31,83,13,22,18,61
0.763893347601213,0.813538047072171,1058,233,45,54,25,20,20,34
0.693879070691025,0.73629346942211,1066,225,32,58,16,19,16,39
0.710415575344858,0.715280094596311,1065,226,46,28,19,10,27,18
0.778408311617062,0.850732431573919,1076,215,23,90,13,21,10,69
0.756724427777059,0.802606049789415,1086,205,37,37,19,12,18,25
0.763179447389974,0.808903923953679,1064,227,37,93,23,29,14,64
0.726275442770288,0.808525245225647,1063,228,30,59,16,18,14,41
0.742184223569332,0.777579377608854,1067,224,42,36,20,12,22,24
0.690266821845769,0.73612029871338,1071,220,37,109,14,25,23,84
0.770342641674408,0.817854987920987,1046,245,29,60,18,18,11,42
0.716303328645101,0.715690131340192,1049,242,27,14,13,7,14,7
0.725739139179405,0.753607582596109,1045,246,48,37,23,15,25,22
0.705222734254992,0.704160409945253,1037,254,31,16,13,6,18,10
0.760441310282075,0.811770572944407,1072,219,35,94,16,19,19,75
0.771012727349099,0.811863137685167,1056,235,38,65,23,27,15,38
0.738792194092827,0.786707973367288,1055,236,27,103,14,22,13,81
0.784959037378392,0.832928453121752,1101,190,31,126,16,32,15,94
0.751814962372731,0.767904582467967,1068,223,36,59,15,15,21,44
0.67427647330617,0.707772382436347,1065,226,38,134,13,34,25,100
0.707286255791099,0.765783397832061,1058,233,34,81,16,23,18,58
0.711988171064604,0.712753215634009,1075,216,35,13,14,7,21,6
0.756563195698744,0.800676853848913,1066,225,38,64,17,19,21,45
0.772372102318146,0.813134175641298,1078,213,40,85,21,21,19,64
0.804890721373022,0.846671908042779,1049,242,48,95,29,32,19,63
0.664358513189449,0.704501379581309,1065,226,40,46,14,12,26,34
0.804777070063694,0.834891991139202,1052,239,35,24,19,10,16,14
0.669630942849518,0.736491881981542,1070,221,42,91,19,24,23,67
0.750818926296633,0.749456038168906,1066,225,35,18,19,8,16,10
0.68839174102332,0.753266155716238,1074,217,37,57,16,16,21,41
0.747528416600581,0.786904107479655,1087,204,30,58,12,14,18,44
0.792532381707639,0.795045284999891,1070,221,30,14,18,9,12,5
0.731135822081017,0.765081174590987,1081,210,32,70,13,19,19,51
0.752942750133761,0.747672303763758,1048,243,45,28,22,14,23,14
0.789366502578528,0.859312136739265,1074,217,27,65,16,21,11,44
0.765755441264162,0.768612074553755,1080,211,43,19,29,12,14,7
0.753234342840341,0.791823918869786,1072,219,38,97,18,26,20,71
0.693047114099746,0.699792329210338,1072,219,37,17,16,8,21,9
0.775749400479616,0.837695147292222,1075,216,40,83,17,24,23,59
0.781003491529807,0.829033711156271,1055,236,37,48,20,15,17,33
0.723091862043147,0.759848982571836,1053,238,34,36,19,11,15,25
0.766671346342833,0.815169527560379,1065,226,34,85,20,24,14,61
0.704998060261218,0.76656406807934,1056,235,37,50,20,22,17,28
0.743491098754257,0.798318465179228,1070,221,37,76,17,19,20,57
0.759131005321863,0.811152129003149,1093,198,44,99,23,25,21,74
0.777713542419425,0.835578268673725,1066,225,33,90,12,21,21,69
0.715866936455172,0.768148253553792,1059,232,33,31,14,10,19,21
0.695655141037307,0.726406703352578,1087,204,35,59,11,12,24,47
0.701538859433596,0.749855679449414,1076,215,37,49,15,13,22,36
0.742430623800833,0.785138866664674,1069,222,34,78,15,19,19,59
0.765595020824559,0.789128904195078,1057,234,34,21,18,8,16,13
0.693141934578127,0.691849407774287,1070,221,34,15,11,5,23,10
0.746045088150351,0.750853976577715,1064,227,37,21,17,13,20,8
0.782006369426752,0.787085956017201,1066,225,35,16,19,10,16,6
0.785511590727418,0.823296148356829,1069,222,40,20,24,12,16,8
0.768595829044188,0.804159492052596,1058,233,42,130,23,36,19,94
0.738341463414634,0.787298384022636,1081,210,41,65,19,14,22,51
0.767762284196547,0.800319999478028,1077,214,36,36,18,12,18,24
0.695853658536585,0.756778108385861,1068,223,41,103,17,27,24,76
0.682156394777481,0.726101455251186,1052,239,34,80,13,21,21,59
0.700849320543565,0.748014626824766,1058,233,40,53,16,17,24,36
0.695887764102995,0.701811052733949,1076,215,38,14,15,6,23,8
0.726807975504848,0.779917307084472,1063,228,44,116,22,32,22,84
0.744890315676832,0.746138285923599,1042,249,45,27,25,17,20,10
0.729138204273458,0.790430892400363,1071,220,29,61,15,11,14,50
0.776942552819976,0.817427820248976,1092,199,46,104,23,29,23,75
0.736944163414752,0.745473694961463,1061,230,33,21,17,10,16,11
0.711637239165329,0.753943550263744,1063,228,45,73,23,20,22,53
0.712626538413072,0.745625952579456,1036,255,38,41,19,12,19,29
0.795804195804196,0.822409123389624,1068,223,26,27,15,12,11,15
0.718105356352368,0.782856166513523,1062,229,36,41,15,12,21,29
0.699845064187694,0.752383251805569,1068,223,36,54,16,14,20,40
0.794210646041856,0.840265682490549,1070,221,35,93,21,21,14,72
0.744308396690049,0.779674367276802,1066,225,38,55,20,14,18,41
0.731195310142679,0.78325662407944,1058,233,37,84,18,21,19,63
0.736335881652105,0.756648295128767,1071,220,32,20,15,8,17,12
0.79621323830589,0.832204420040715,1093,198,39,19,19,6,20,13
0.693260014745638,0.695089017057775,1069,222,39,21,15,7,24,14
0.815089012457433,0.817409253275748,1059,232,37,21,23,13,14,8
0.749789019062748,0.772610436327485,1058,233,32,38,12,10,20,28
0.791176343807923,0.839680302524933,1071,220,37,73,22,27,15,46
0.778446314831665,0.815092733962956,1074,217,35,50,20,14,15,36
0.808944123967877,0.812664644526439,1046,245,28,11,19,8,9,3
0.737990086463924,0.738520700674712,1061,230,43,23,24,15,19,8
0.758923252581414,0.791233289604934,1072,219,32,48,16,12,16,36
0.723284531709653,0.788490554369728,1041,250,47,68,26,26,21,42
0.698796722990271,0.696485158759871,1075,216,31,15,13,6,18,9
0.744621513944223,0.786450038259061,1038,253,36,35,22,15,14,20
0.773123451085815,0.811546875402061,1069,222,38,62,20,22,18,40
0.769294569582679,0.80827172452652,1071,220,46,93,22,23,24,70
0.762725164972356,0.817142813265139,1062,229,45,121,23,30,22,91
0.763304490442258,0.815286328953746,1090,201,28,41,13,9,15,32
0.68436754176611,0.711272206938364,1064,227,34,60,10,13,24,47
0.762624390243902,0.820422549148544,1056,235,41,58,26,22,15,36
0.68394799848784,0.752602526023728,1064,227,38,82,16,15,22,67
0.733396690518783,0.765478903977799,1075,216,43,25,21,8,22,17
0.732881223988742,0.73469639943862,1066,225,54,25,21,8,33,17
0.766620101726485,0.767638272231197,1084,207,22,9,10,5,12,4
0.734602983769605,0.762218437313916,1076,215,29,21,15,9,14,12
0.758313349320544,0.77928950548753,1084,207,40,23,21,12,19,11
0.747074388789505,0.784634031344029,1081,210,43,53,17,12,26,41
0.711712749615976,0.75261346966064,1094,197,31,84,10,17,21,67
0.694959859097239,0.74321672113902,1069,222,39,61,18,16,21,45
0.752072577442415,0.753153768180704,1074,217,32,12,12,3,20,9
0.670748742782641,0.733083729473262,1076,215,52,99,19,29,33,70
0.667396313364055,0.707425539598457,1062,229,31,120,11,19,20,101
0.78783551056412,0.838409244877202,1065,226,38,83,24,27,14,56
0.759472910304264,0.797638668086773,1063,228,28,89,12,22,16,67
0.800236323646404,0.834724027806213,1074,217,34,72,19,17,15,55
0.676725521669342,0.67912920501729,1050,241,45,26,17,10,28,16
0.778976818545164,0.782161762918744,1089,202,40,24,19,10,21,14
0.676345393736698,0.717588573957163,1070,221,26,58,6,8,20,50
0.756385568835768,0.822957910128631,1079,212,36,70,20,16,16,54
0.725997378553289,0.730857736528326,1034,257,39,6,24,5,15,1
0.685234277339541,0.720994998061709,1084,207,37,94,12,22,25,72
0.80928120634003,0.845634496324074,1057,234,33,131,17,31,16,100
0.785930925187169,0.819955974288028,1087,204,29,91,14,17,15,74
0.730310412903768,0.764546970783845,1065,226,38,34,19,14,19,20
0.74235578939342,0.812110901830433,1048,243,42,106,22,28,20,78
0.742284150178887,0.801919629670271,1069,222,37,64,17,15,20,49
0.742568771980537,0.782648345190484,1072,219,33,48,15,14,18,34
0.792902458366376,0.814166003237326,1074,217,30,22,16,12,14,10
0.723658536585366,0.774467431252508,1074,217,41,75,19,15,22,60
0.737321711568938,0.783634978570851,1083,208,29,80,16,16,13,64
0.677209756097561,0.72126646760181,1033,258,41,32,19,12,22,20
0.808543603364321,0.816911648303298,1075,216,36,21,20,11,16,10
0.726159154090548,0.784914030032147,1090,201,32,30,14,5,18,25
0.695994101744901,0.717169472895127,1055,236,39,24,17,7,22,17
0.767166266986411,0.788503061309602,1072,219,40,28,21,12,19,16
0.751438848920863,0.792017877962286,1059,232,40,56,22,18,18,38
0.712878565127904,0.782595659370619,1060,231,38,116,18,27,20,89
0.734060009376465,0.779335495103149,1071,220,27,115,13,30,14,85
0.724584254935693,0.751608306463106,1062,229,39,27,21,8,18,19
0.749245657140394,0.793079519572339,1076,215,37,77,16,18,21,59
0.76729533330533,0.79787409259723,1050,241,38,25,20,12,18,13
0.716270424665015,0.722772471690881,1067,224,38,16,17,7,21,9
0.739540891334481,0.73957888064801,1092,199,38,21,17,12,21,9
0.743965891024715,0.750638554852741,1062,229,33,14,15,7,18,7
0.670827799911465,0.681678023456275,1080,211,36,15,12,5,24,10
0.713929910923582,0.741209572592763,1068,223,27,24,13,7,14,17
0.723355451789957,0.725895921726514,1052,239,39,22,18,11,21,11
0.752370432883241,0.808380920307742,1049,242,32,113,20,32,12,81
0.722109130048201,0.771733810746285,1055,236,34,44,18,15,16,29
0.750586542718017,0.788023959296725,1066,225,36,56,18,11,18,45
0.728234146341463,0.801549484264224,1064,227,41,109,22,25,19,84
0.694192317811102,0.745180233152744,1070,221,24,63,9,12,15,51
0.719248124706985,0.77912497401773,1044,247,27,57,14,20,13,37
0.740452174662701,0.775646438209938,1055,236,37,74,18,20,19,54
0.747847719141324,0.783948916363244,1078,213,43,54,21,17,22,37
0.809719830302012,0.865975893032442,1078,213,38,81,27,30,11,51
0.770496573128152,0.81693746168734,1085,206,37,54,21,18,16,36
0.671252997601919,0.709078450718129,1063,228,40,56,13,9,27,47
0.763362410785091,0.776100271969851,1051,240,30,20,15,11,15,9
0.719710002457606,0.718755116279329,1049,242,39,13,21,5,18,8
0.750147861692448,0.799418774205186,1070,221,35,58,18,9,17,49
0.721672661870504,0.763994010103513,1051,240,40,75,18,18,22,57
0.742765641084296,0.785482925342465,1051,240,42,73,22,32,20,41
0.769984076433121,0.812857698140946,1067,224,35,63,19,19,16,44
0.749169699727025,0.779808686417197,1062,229,35,37,17,12,18,25
0.712159548751007,0.732875865457064,1079,212,50,29,21,13,29,16
0.7721231690767,0.824662857305015,1092,199,34,85,16,23,18,62
0.720803595030399,0.786292161661797,1053,238,30,75,17,20,13,55
0.770043967412389,0.823348844886086,1070,221,37,158,19,35,18,123
0.684076433121019,0.784641250434588,1064,227,35,66,14,17,21,49
0.718299850652792,0.759073275403144,1058,233,33,103,16,27,17,76
0.747288685152057,0.783016983999198,1082,209,43,50,19,17,24,33
0.816568393467172,0.842094167499095,1064,227,34,34,18,10,16,24
0.732427614780556,0.776982160398009,1052,239,33,134,17,37,16,97
0.752667282731969,0.783783084443848,1073,218,38,50,17,16,21,34
0.732426528991263,0.786700005235756,1058,233,32,50,16,15,16,35
0.742888701350278,0.824253606212142,1064,227,32,79,18,23,14,56
0.738940092165899,0.802199061620121,1082,209,31,48,14,11,17,37
0.77491961414791,0.82153329072855,1051,240,47,88,26,23,21,65
0.737602584250044,0.783441063793808,1056,235,46,49,22,19,24,30
0.68730531723045,0.689579051493496,1054,237,29,13,13,7,16,6
0.711702440458689,0.713741554658383,1083,208,38,24,17,13,21,11
0.821872156505914,0.852876985174385,1084,207,35,69,21,24,14,45
0.73406026962728,0.781150441116021,1084,207,30,62,15,18,15,44
0.770274696990968,0.814126128309232,1051,240,34,75,18,19,16,56
0.699636661486118,0.754290114954936,1069,222,38,78,16,14,22,64
0.77130851222421,0.797226241166184,1074,217,43,38,22,14,21,24
0.691514670896114,0.697860217025904,1055,236,30,16,13,4,17,12
0.75037627268703,0.812776025338289,1082,209,36,95,17,25,19,70
0.734398921046876,0.780123200250887,1066,225,44,124,21,31,23,93
0.710657415832575,0.711477106115042,1041,250,35,13,15,5,20,8
0.753785246227164,0.81033651647907,1066,225,32,54,18,18,14,36
0.692163254413054,0.742588730904318,1087,204,42,40,19,10,23,30
0.797922240057071,0.841358349652815,1067,224,45,69,29,22,16,47
0.700989266778741,0.754152136320116,1051,240,37,54,17,19,20,35
0.709965312906489,0.759447415676732,1071,220,33,67,13,15,20,52
0.750074537865235,0.768090732487845,1068,223,43,23,24,10,19,13
0.728588421887391,0.72951141992118,1069,222,30,12,15,6,15,6
0.753709591944886,0.778405173518322,1061,230,33,52,14,14,19,38
0.754778006468686,0.79811304722832,1064,227,38,64,20,21,18,43
0.685609098199315,0.717863161836088,1072,219,44,29,18,11,26,18
0.772432492253209,0.770868970746989,1079,212,36,15,20,9,16,6
0.767122913173434,0.792532080014246,1074,217,44,28,22,9,22,19
0.736267512556172,0.734108463861545,1039,252,30,15,14,7,16,8
0.79987514907573,0.801655448883943,1072,219,43,21,22,12,21,9
0.791738346850168,0.834726663331824,1060,231,39,74,23,17,16,57
0.708807413376309,0.757402147952154,1063,228,50,57,24,15,26,42
0.779604470780941,0.823411486274535,1042,249,33,35,22,17,11,18
0.766537642336364,0.797321879284285,1057,234,39,30,19,12,20,18
0.762297325032496,0.808524957706773,1081,210,47,78,26,21,21,57
0.767825739408473,0.798534607705531,1061,230,40,79,24,21,16,58
0.794370573782339,0.822658998994626,1050,241,33,56,19,22,14,34
0.773849021053494,0.777067099490425,1062,229,39,21,21,14,18,7
0.736980295803825,0.786088261964388,1072,219,33,51,14,15,19,36
0.752058353317346,0.768274672564372,1078,213,40,28,19,15,21,13
0.75921602359302,0.761870655864514,1049,242,39,22,20,14,19,8
0.707797369562075,0.769885237378829,1065,226,33,37,18,15,15,22
0.792093687116851,0.810267840237564,1058,233,34,48,16,17,18,31
0.664388120839734,0.69690394082395,1066,225,31,24,13,7,18,17
0.731588287488908,0.768358938016575,1069,222,49,38,24,17,25,21
0.741054936033386,0.791757453553977,1057,234,47,87,25,26,22,61
0.671055083482409,0.675254332476274,1085,206,43,20,14,6,29,14
0.699502459110145,0.703363191969997,1053,238,42,15,17,4,25,11
0.737167394757744,0.766213158898561,1052,239,32,26,16,13,16,13
0.655686988171065,0.733785969025948,1063,228,35,116,17,34,18,82
0.735681857866248,0.799304294347593,1073,218,46,95,23,27,23,68
0.744938463477129,0.787283090892603,1054,237,38,41,18,13,20,28
0.65360779105799,0.693600056639103,1086,205,36,72,12,15,24,57
0.755105356776356,0.779841701030663,1062,229,47,56,21,18,26,38
0.67717434471803,0.735060904282785,1054,237,32,64,10,13,22,51
0.681068370068791,0.733883195490368,1090,201,34,59,13,12,21,47
0.715084068025244,0.76682559034811,1045,246,33,82,15,22,18,60
0.707401181085392,0.764254070381162,1045,246,37,49,17,15,20,34
0.75020487804878,0.792125557336667,1061,230,41,77,21,24,20,53
0.757901726427623,0.769480494594724,1062,229,36,23,19,11,17,12
0.760695187165775,0.799853461042996,1066,225,33,32,17,10,16,22
0.791941463414634,0.842262285258694,1072,219,41,94,23,24,18,70
0.734358182413777,0.775644535952728,1087,204,34,51,15,11,19,40
0.686730854360336,0.731403104124865,1055,236,36,112,12,19,24,93
0.700980392156863,0.776589251061574,1070,221,34,81,12,14,22,67
0.788745286627685,0.827763881021995,1077,214,29,58,16,17,13,41
0.767114695340502,0.798043421080375,1037,254,31,48,16,19,15,29
0.721143085531575,0.769090870572964,1068,223,40,57,20,18,20,39
0.712653658536585,0.751131872842005,1107,184,41,79,15,20,26,59
0.680232558139535,0.711904378202096,1058,233,43,89,14,18,29,71
0.730727439094133,0.770562533868136,1071,220,42,60,15,15,27,45
0.72664316918189,0.725456571723082,1071,220,32,13,12,6,20,7
0.710215414430531,0.709597521948788,1078,213,43,20,20,11,23,9
0.779889415481833,0.834447692472373,1044,247,25,38,16,13,9,25
0.759102717825739,0.822919423841942,1054,237,40,86,26,26,14,60
0.761705930614158,0.759966025577619,1093,198,27,17,13,8,14,9
0.714368505195843,0.769832550396356,1050,241,40,60,16,13,24,47
0.734690220174091,0.774435941913165,1044,247,31,62,14,19,17,43
0.717549491706795,0.71988725053017,1050,241,45,27,19,14,26,13
0.701083394773491,0.702290087923903,1087,204,39,16,18,7,21,9
0.734312195121951,0.759614470164537,1051,240,41,53,20,17,21,36
0.752612805421794,0.755537867030457,1087,204,45,27,21,11,24,16
0.789178515007899,0.831532694693037,1074,217,25,41,9,9,16,32
0.767268717649632,0.818638335132112,1067,224,44,82,29,24,15,58
0.751108750745379,0.815411704894581,1067,224,43,116,23,31,20,85
0.784154090548054,0.82644550847138,1065,226,32,59,17,12,15,47
0.761767114708291,0.81911733395444,1076,215,33,41,18,17,15,24
0.716507177033493,0.767846483543322,1035,256,37,35,20,13,17,22
0.737000399680256,0.773385701902116,1081,210,40,138,16,37,24,101
0.750652943780434,0.752974888746266,1077,214,36,20,20,11,16,9
0.781799716756112,0.844647558924492,1075,216,43,134,25,31,18,103
0.709321914923487,0.706983278091318,1069,222,34,17,10,7,24,10
0.713195500152022,0.76371197359401,1066,225,26,62,11,17,15,45
0.780269517489965,0.802217683647088,1054,237,39,43,20,19,19,24
0.707602921646746,0.710336179840605,1073,218,36,21,12,6,24,15
0.748572377158034,0.802753175785012,1065,226,36,59,17,13,19,46
0.69594785657731,0.737043170507154,1059,232,28,57,10,12,18,45
0.725710657819284,0.762677505181346,1092,199,39,57,16,14,23,43
0.721092405996559,0.724900048566849,1060,231,39,25,21,14,18,11
0.734216589861751,0.800138943519583,1048,243,31,86,14,20,17,66
0.675206832132373,0.7381037726434,1075,216,42,107,18,23,24,84
0.747353719494266,0.803785913027594,1056,235,38,126,17,34,21,92
0.802353877111704,0.851142210265324,1079,212,34,44,19,13,15,31
0.732022094342,0.774029798654601,1052,239,38,73,19,18,19,55
0.727304147465438,0.749396876459457,1069,222,31,13,11,3,20,10
0.751859229747676,0.796167021459303,1086,205,36,86,15,16,21,70
0.776942718119189,0.836432174777654,1056,235,33,110,16,30,17,80
0.663866005686375,0.666640081017429,1066,225,44,23,19,9,25,14
0.724574014909478,0.79363862954509,1059,232,39,94,18,25,21,69
0.793113159242192,0.807131630909779,1054,237,31,55,14,20,17,35
0.756936585365854,0.807583746783349,1061,230,41,102,21,28,20,74
0.786934481950305,0.828377934483192,1082,209,27,33,13,9,14,24
0.758553230209281,0.826471681197042,1032,259,35,63,17,17,18,46
0.762974697185223,0.811244301209849,1052,239,37,54,22,20,15,34
0.767284832192212,0.806927288724951,1052,239,38,64,20,18,18,46
0.841722000885348,0.862699384006325,1056,235,36,28,22,10,14,18
0.759698628854883,0.798387929893909,1069,222,34,54,16,17,18,37
0.713147410358566,0.7507414525417,1068,223,36,58,13,10,23,48
0.745083932853717,0.806433702089001,1052,239,40,148,18,33,22,115
0.756441123907863,0.793055325646888,1048,243,32,126,16,27,16,99
0.746223839854413,0.745429405019208,1049,242,35,11,21,8,14,3
0.712461825585341,0.764792192716512,1075,216,28,44,13,14,15,30
0.698121502797762,0.702127884738085,1052,239,40,18,16,5,24,13
0.652278594122319,0.693821157381774,1076,215,32,117,11,21,21,96
0.729467920819879,0.772394657329027,1056,235,34,80,16,18,18,62
0.677000595710882,0.702820662722662,1046,245,32,104,10,17,22,87
0.809212758737699,0.84904383813679,1062,229,28,119,17,24,11,95
0.778574590526782,0.796293368193409,1069,222,36,22,20,11,16,11
0.751555992325331,0.790941194387195,1058,233,34,45,19,14,15,31
0.760246292271913,0.804329275715462,1060,231,42,76,24,24,18,52
0.724992553613979,0.751710756283124,1057,234,32,48,15,11,17,37
0.780989376489277,0.832042368605793,1061,230,32,70,19,23,13,47
0.692544089401083,0.694414784414603,1044,247,46,23,21,6,25,17
0.71924642573471,0.740198768011942,1071,220,32,44,11,10,21,34
0.689047217932519,0.740029254293159,1071,220,34,139,17,36,17,103
0.760560800034484,0.803189907240622,1062,229,37,53,17,18,20,35
0.784190988223246,0.849498950578319,1064,227,31,85,17,20,14,65
0.675486941124392,0.680789644848879,1047,244,36,17,12,6,24,11
0.727078753394543,0.761322405453112,1047,244,37,54,18,15,19,39
0.751054904686259,0.795444003767607,1064,227,32,96,17,17,15,79
0.719499526135452,0.783448567834385,1065,226,44,77,18,17,26,60
0.723828911039356,0.792402809685583,1072,219,34,95,16,27,18,68
0.768665067945643,0.809350182324373,1065,226,40,95,21,21,19,74
0.783193445243805,0.823480802151221,1052,239,40,65,22,23,18,42
0.737295263390881,0.78136632405962,1081,210,36,37,18,16,18,21
0.7564448441247,0.81138598277017,1067,224,40,67,22,14,18,53
0.720451527224436,0.775105621239422,1079,212,36,80,16,20,20,60
0.747730357059291,0.784583922493471,1078,213,34,119,15,27,19,92
0.718436139488771,0.757148050396355,1070,221,37,120,16,29,21,91
0.739992439198555,0.74522077952001,1052,239,38,25,22,11,16,14
0.751260133574159,0.791331261271041,1050,241,38,56,18,14,20,42
0.789188474755485,0.78494983836397,1094,197,30,15,12,6,18,9
0.736187916026626,0.771629328845443,1054,237,31,68,14,19,17,49
0.688747359799991,0.732630203509912,1070,221,37,48,13,10,24,38
0.799716756112105,0.838767457503709,1068,223,43,126,25,35,18,91
0.748448208974525,0.812698952114573,1036,255,37,133,21,35,16,98
0.794740369340747,0.813921373578809,1077,214,32,57,13,14,19,43
0.784102477095351,0.783645262349192,1051,240,28,17,15,9,13,8
0.749108734402852,0.794035657999147,1064,227,33,58,18,16,15,42
0.768926231135822,0.811445672656934,1057,234,32,48,17,17,15,31
0.763911022576361,0.821561725164682,1066,225,36,49,19,15,17,34
0.689267254484646,0.689238410053172,1047,244,26,9,12,5,14,4
0.820331115965052,0.858394040677657,1072,219,32,55,22,17,10,38
0.700341219290264,0.767609151753653,1063,228,35,59,14,13,21,46
0.761644197726672,0.784746882418182,1077,214,30,23,17,12,13,11
0.7374053182917,0.778323750392523,1055,236,50,115,28,36,22,79
0.785584091095273,0.839207774792918,1050,241,39,100,21,25,18,75
0.750731707317073,0.780528202327212,1071,220,41,26,23,14,18,12
0.700038912099615,0.737344396273352,1074,217,39,76,16,16,23,60
0.754317421708726,0.810698335425616,1061,230,26,77,12,19,14,58
0.699010464058235,0.738472276997718,1062,229,35,53,10,13,25,40
0.728342186808322,0.735136952411903,1065,226,36,22,17,10,19,12
0.694627683363149,0.734362842935152,1066,225,43,81,21,28,22,53
0.732156097560975,0.725824291435961,1061,230,41,20,19,12,22,8
0.775258552108194,0.835469074659591,1061,230,34,120,18,33,16,87
0.727449861000794,0.763722785964433,1045,246,32,49,15,15,17,34
0.759722063364978,0.795183353266122,1055,236,42,111,21,26,21,85
0.76778889899909,0.824219769417776,1077,214,35,56,21,17,14,39
0.723813526445105,0.772650675621808,1056,235,37,48,19,18,18,30
0.7350251123447,0.770941139064363,1062,229,30,69,14,7,16,62
0.727282780410742,0.815522350102613,1055,236,25,39,13,12,12,27
0.760433427192277,0.806746981135146,1049,242,48,120,23,32,25,88
0.785225763612218,0.815403916511051,1065,226,36,73,19,19,17,54
0.783215020792204,0.827161903455495,1062,229,38,81,22,24,16,57
0.736830455953962,0.769496364786175,1083,208,36,27,17,8,19,19
0.801199040767386,0.852122272843061,1084,207,40,62,24,20,16,42
0.717806551571492,0.787707242521076,1082,209,36,99,17,27,19,72
0.780789263661948,0.784170573354403,1061,230,38,23,19,13,19,10
0.678179606830818,0.712227646485467,1071,220,32,32,11,9,21,23
0.761231632247816,0.824324871395467,1047,244,32,47,18,17,14,30
0.788970003275773,0.842038781454961,1066,225,34,73,20,17,14,56
0.776398787580896,0.778669636994668,1050,241,39,20,26,13,13,7
0.713112738401006,0.766222137136474,1057,234,29,101,14,24,15,77
0.69100102406554,0.770780428793222,1057,234,31,93,13,23,18,70
0.79563090879283,0.820353252259499,1079,212,29,30,17,14,12,16
0.704981801637853,0.754003903363881,1082,209,35,74,11,13,24,61
0.679590243902439,0.697618366759373,1054,237,41,24,16,4,25,20
0.792274895216072,0.796176082641154,1072,219,33,17,16,11,17,6
0.716933043935806,0.738586053039963,1046,245,24,94,11,19,13,75
0.787601376259523,0.834454756879931,1084,207,39,136,22,33,17,103
0.769065857301151,0.793103547083933,1062,229,33,113,16,27,17,86
0.736760975609756,0.78651513158886,1064,227,41,63,21,14,20,49
0.790046731223202,0.845899057949718,1071,220,33,114,22,28,11,86
0.699246037481332,0.737567085806294,1075,216,33,114,14,32,19,82
0.757558654271802,0.813374204500107,1054,237,36,39,24,13,12,26
0.775184481216458,0.803830036701198,1067,224,43,59,22,16,21,43
0.750913088849136,0.811486263445986,1045,246,43,120,21,32,22,88
0.812993813357186,0.869913415946352,1068,223,43,145,24,38,19,107
0.683678955453149,0.74101803636288,1060,231,31,57,14,18,17,39
0.760078988941548,0.756951965410895,1085,206,25,8,7,3,18,5
0.757570731707317,0.803564627760944,1070,221,41,54,19,19,22,35
0.741109530583215,0.789767573639903,1056,235,37,41,18,7,19,34
0.72777921462132,0.777875178555663,1071,220,37,52,19,14,18,38
0.808358934971838,0.809524952415819,1065,226,31,18,19,13,12,5
0.809839335482813,0.832608454481856,1070,221,29,106,18,30,11,76
0.80999713446522,0.826935033341035,1066,225,22,67,13,19,9,48
0.689055977936792,0.728111173466191,1056,235,43,83,16,16,27,67
0.735949272310356,0.786263064218446,1070,221,34,24,16,11,18,13
0.6872399291722,0.728212682854519,1050,241,36,58,13,16,23,42
0.871760822081017,0.875744609463562,1070,221,32,12,23,7,9,5
0.783856235107228,0.788650705020538,1065,226,32,9,16,4,16,5
0.711241007194245,0.757911305371966,1055,236,40,29,19,9,21,20
0.709384683488269,0.78354078756972,1087,204,36,107,18,22,18,85
0.727086533538146,0.765061586052532,1074,217,31,74,11,13,20,61
0.743497183819764,0.776557523238683,1050,241,31,87,15,25,16,62
0.759476344236979,0.800101519882334,1083,208,34,67,17,16,17,51
0.770634920634921,0.807849214906153,1058,233,45,115,25,23,20,92
0.761425211072374,0.810248450258737,1043,248,38,62,21,17,17,45
0.728710985500123,0.756977925111504,1063,228,39,38,21,13,18,25
0.750332821300563,0.810464525216734,1075,216,31,100,16,18,15,82
0.780118289353958,0.833113912313963,1051,240,35,75,21,30,14,45
0.757147538297698,0.801187113004755,1086,205,39,128,17,23,22,105
0.775995601104403,0.807314442740501,1057,234,34,45,17,14,17,31
0.719468675654243,0.765840714328811,1077,214,30,34,11,8,19,26
0.704703408587871,0.772432661560754,1077,214,36,48,18,14,18,34
0.715235570498728,0.777745276919561,1039,252,37,83,19,26,18,57
0.74945323321426,0.814899408374748,1092,199,44,87,20,25,24,62
0.794721115537849,0.820136921451895,1062,229,36,78,15,18,21,60
0.720361881335718,0.776700280233275,1085,206,43,104,22,23,21,81
0.829686250999201,0.866296867264373,1041,250,40,104,27,28,13,76
0.810726501902972,0.838815773281646,1059,232,33,36,25,13,8,23
0.732290011914218,0.794596250435881,1083,208,32,27,15,12,17,15
0.783749010292953,0.846342119327669,1061,230,28,89,17,22,11,67
0.776841448189763,0.827718471123869,1024,267,45,84,25,26,20,58
0.78172423760659,0.816635557930123,1067,224,33,79,17,22,16,57
0.732030158500747,0.783884746489293,1050,241,33,51,19,18,14,33
0.74508538522637,0.746615295578301,1069,222,32,13,15,6,17,7
0.822361723786902,0.858235729279934,1065,226,28,32,18,14,10,18
0.79572818485862,0.813389531962897,1050,241,26,89,15,25,11,64
0.719147377042114,0.753197700126263,1053,238,37,43,15,11,22,32
0.684895359417652,0.734864501325115,1057,234,35,70,13,14,22,56
0.711782513511664,0.755284659235167,1069,222,47,77,20,21,27,56
0.721477373765736,0.716769900348225,1060,231,34,19,17,7,17,12
0.678856914468425,0.724523707747011,1054,237,40,64,18,16,22,48
0.789496466844494,0.787013554651249,1056,235,34,13,16,7,18,6
0.735606831806357,0.771186675785452,1074,217,28,103,13,22,15,81
0.767735725403457,0.819424088800181,1075,216,39,85,22,26,17,59
0.737454164484023,0.8044949320353,1075,216,46,93,22,25,24,68
0.669536817102138,0.697536612968567,1073,218,28,62,10,13,18,49
0.773618538324421,0.801867426137726,1052,239,33,44,17,14,16,30
0.749321446955871,0.817549367223252,1068,223,34,57,19,14,15,43
0.74912959777177,0.766228237582132,1063,228,39,55,18,13,21,42
0.738602850823298,0.808028278031308,1057,234,39,148,20,35,19,113
0.738637397634213,0.787602937597254,1052,239,35,56,18,15,17,41
0.757359451084551,0.785941184575011,1093,198,36,33,14,8,22,25
0.711044710048694,0.713829911768698,1064,227,36,14,16,5,20,9
0.736290967226219,0.766026697973082,1068,223,40,37,19,14,21,23
0.716397849462366,0.758139894880247,1031,260,51,96,25,25,26,71
0.770407259849491,0.802042087530174,1072,219,36,99,17,24,19,75
0.713886404293381,0.744960572940294,1034,257,43,72,18,21,25,51
0.727619448734148,0.72866179740825,1051,240,34,19,15,7,19,12
0.67822966507177,0.680038788731078,1035,256,37,18,16,9,21,9
0.729884093619559,0.760697562040634,1059,232,43,102,19,24,24,78
0.807983082209886,0.835818171122139,1079,212,30,71,17,18,13,53
0.779616306954437,0.809020763817432,1070,221,40,93,22,26,18,67
0.682753747849594,0.706575484389519,1057,234,39,24,14,8,25,16
0.739385318332687,0.772033916397726,1087,204,37,31,16,12,21,19
0.623586876382404,0.676064766906656,1077,214,39,53,15,14,24,39
0.705209281164695,0.75878555457172,1078,213,35,73,15,17,20,56
0.747011952191235,0.788816924627428,1067,224,36,93,12,12,24,81
0.794412432338048,0.848987719613845,1065,226,46,53,32,18,14,35
0.760113707318676,0.764127944033718,1050,241,49,16,28,9,21,7
0.737907972177635,0.789168347872618,1074,217,45,88,20,26,25,62
0.738429268292683,0.741389786743057,1044,247,41,21,19,9,22,12
0.741818662437219,0.818592928769468,1067,224,30,79,16,17,14,62
0.792545963229417,0.82361246606103,1059,232,40,73,23,19,17,54
0.682518643044959,0.725255724482128,1067,224,37,73,15,17,22,56
0.794359793561072,0.794576685924053,1052,239,39,21,23,12,16,9
0.724570446735395,0.768971175797024,1053,238,30,28,16,8,14,20
0.728036851683349,0.746217760358135,1057,234,35,93,15,19,20,74
0.700370076658737,0.715457327691481,1066,225,30,41,12,11,18,30
0.753825595930859,0.775808551163037,1051,240,37,63,17,19,20,44
0.693840047044987,0.697527505015986,1062,229,38,15,16,6,22,9
0.750962674901826,0.808124576371487,1056,235,42,108,24,30,18,78
0.707494052339413,0.741743776928068,1093,198,30,23,10,4,20,19
0.733632027749675,0.749872489284768,1075,216,33,23,15,9,18,14
0.781165136428294,0.821809930078755,1069,222,37,135,20,35,17,100
0.68070842201277,0.735478233460962,1071,220,26,31,12,13,14,18
0.694954523901892,0.693068469373471,1066,225,37,27,14,8,23,19
0.76823903785858,0.806526139205706,1072,219,34,56,19,16,15,40
0.734792166266987,0.794301539285755,1074,217,40,69,20,20,20,49
0.707071584590945,0.765480558685212,1085,206,32,38,15,13,17,25
0.745013730307848,0.814615671609045,1077,214,33,56,18,20,15,36
0.707756799862063,0.745336163566915,1073,218,37,59,13,12,24,47
0.7174135577798,0.766737757197133,1063,228,35,53,14,15,21,38
0.703741401095044,0.706027048297111,1071,220,34,15,15,8,19,7
0.740567545963229,0.817481789150143,1070,221,40,55,21,16,19,39
0.734053572288866,0.783913409407888,1083,208,33,57,15,13,18,44
0.77720823341327,0.830914758166947,1056,235,40,181,19,41,21,140
0.706087103145927,0.747112670046965,1062,229,33,84,14,27,19,57
0.806464485235435,0.850055915701394,1089,202,38,113,19,30,19,83
0.761992418167238,0.794990084833224,1075,216,44,40,23,15,21,25
0.736922871630638,0.788585589196521,1073,218,42,75,22,24,20,51
0.7590190816935,0.792765138306028,1054,237,43,43,26,16,17,27
0.753533026113671,0.791668953771448,1090,201,31,72,12,12,19,60
0.725784511031604,0.731251893148968,1041,250,43,15,23,10,20,5
0.743532302355832,0.786326554409396,1075,216,33,81,14,19,19,62
0.682500660851176,0.722629827265176,1074,217,30,138,13,24,17,114
0.748576636356189,0.784966417378626,1042,249,39,59,20,22,19,37
0.73,0.764630737255314,1054,237,41,37,19,13,22,24
0.755084167424932,0.754968207598912,1073,218,35,20,13,10,22,10
0.69747686397765,0.737387955376689,1039,252,46,76,20,20,26,56
0.71072581777341,0.744874097579053,1085,206,34,113,17,24,17,89
0.775885243835847,0.819270156460341,1046,245,38,45,25,23,13,22
0.765684713375796,0.804429520541862,1071,220,35,142,19,31,16,111
0.724901935428251,0.758083159074473,1054,237,37,112,17,20,20,92
0.753579535533438,0.794684578575205,1056,235,46,51,25,20,21,31
0.740446055541902,0.801419700850104,1046,245,39,46,23,22,16,24
0.745591059891741,0.747169454686204,1056,235,46,17,23,7,23,10
0.775696223799723,0.804587576869401,1074,217,38,60,20,21,18,39
0.734266563213932,0.77578804749409,1049,242,37,35,17,12,20,23
0.693597289102907,0.758532682975304,1066,225,45,103,20,29,25,74
0.696874743999344,0.733795497093632,1069,222,39,42,14,8,25,34
0.785441310282075,0.831026117812704,1075,216,35,138,18,38,17,100
0.730830670926518,0.783533088114489,1052,239,39,60,20,21,19,39
0.79545135476625,0.821302722459758,1088,203,34,48,18,15,16,33
0.734088581669227,0.749829000098258,1060,231,31,80,16,11,15,69
0.67514386896857,0.67649666098202,1031,260,36,17,17,9,19,8
0.723795340772436,0.78944292309237,1048,243,58,174,31,45,27,129
0.703142983621071,0.765952575139975,1040,251,36,54,15,16,21,38
0.788194444444444,0.823965980240301,1069,222,27,71,16,19,11,52
0.709901288848657,0.744157803677716,1053,238,37,96,16,27,21,69
0.736604878048781,0.802113465441233,1062,229,41,73,23,23,18,50
0.749603803486529,0.772070136546992,1106,185,29,62,10,11,19,51
0.778651593348079,0.823782921188143,1071,220,39,63,15,14,24,49
0.726338928856915,0.729989128820003,1059,232,40,24,16,7,24,17
0.776791146052693,0.824673753879296,1061,230,34,69,19,21,15,48
0.727522362536175,0.789760885733316,1063,228,24,77,11,20,13,57
0.795840787119857,0.820025319133635,1050,241,43,38,27,14,16,24
0.750651488136058,0.805891038701291,1063,228,23,44,13,14,10,30
0.713811789584985,0.786190913760489,1056,235,30,50,13,13,17,37
0.713599120703437,0.756053935825103,1060,231,40,28,19,7,21,21
0.727298161470823,0.76680548153438,1082,209,40,44,21,18,19,26
0.718265670004115,0.789606336411494,1077,214,23,64,10,13,13,51
0.731119199272066,0.783838590486402,1095,196,35,110,15,23,20,87
0.693882051497459,0.738974495658227,1062,229,38,61,16,17,22,44
0.742062768827003,0.770328979827972,1081,210,44,92,18,26,26,66
0.804631828978622,0.83452594614714,1068,223,28,71,16,17,12,54
0.761595487510073,0.804103479473794,1078,213,50,40,25,15,25,25
0.773061338850813,0.812935150775555,1070,221,37,93,20,20,17,73
0.739834754540637,0.77579413542411,1081,210,33,44,15,14,18,30
0.774114652501107,0.788418344158747,1052,239,36,26,20,7,16,19
0.682477842651321,0.737739600207528,1064,227,38,109,13,29,25,80
0.759171465448769,0.810837714940069,1048,243,32,50,17,19,15,31
0.748336973788721,0.795702840930786,1046,245,32,72,17,18,15,54
0.683712387102812,0.736344793042096,1067,224,34,50,15,13,19,37
0.699203821656051,0.75485258056944,1043,248,35,70,18,15,17,55
0.714630949455231,0.745837843200883,1055,236,39,64,13,18,26,46
0.775807578138642,0.804265783167216,1058,233,46,80,23,25,23,55
0.783454197167682,0.837323374155253,1065,226,47,113,26,30,21,83
0.762114453467536,0.813912789996963,1076,215,42,48,21,11,21,37
0.709724430312666,0.772277494696399,1072,219,33,94,14,16,19,78
0.710227854582693,0.764639910976327,1064,227,31,145,15,32,16,113
0.706350320557817,0.747782338896909,1079,212,34,77,14,17,20,60
0.758406307723883,0.823682106300046,1059,232,47,93,26,25,21,68
0.769174973091862,0.789648634630205,1063,228,34,27,15,9,19,18
0.822093427323273,0.84556968640827,1079,212,32,114,21,25,11,89
0.733683053557154,0.775285065540261,1068,223,40,54,20,17,20,37
0.719935313143193,0.720700155790232,1058,233,38,11,15,2,23,9
0.761466011466012,0.808867896029768,1077,214,33,51,17,15,16,36
0.75377984538551,0.780800690895244,1053,238,47,51,23,18,24,33
0.661784990732359,0.699878923874901,1078,213,37,62,11,13,26,49
0.664025356576862,0.680574594306302,1036,255,29,28,9,11,20,17
0.677346341463415,0.755026117421136,1066,225,41,56,19,22,22,34
0.786520190023753,0.830426118986903,1054,237,28,38,13,12,15,26
0.746422182468694,0.795506710517991,1045,246,43,70,24,23,19,47
0.719873617693523,0.810937150764385,1098,193,25,71,11,16,14,55
0.751489209916176,0.773977717778447,1079,212,45,64,19,17,26,47
0.79204485661668,0.845003827995523,1079,212,24,86,11,17,13,69
0.751427301230755,0.82387538850643,1058,233,34,55,16,16,18,39
0.743742827476911,0.78424517917411,1077,214,29,55,13,14,16,41
0.763766440237028,0.784670515987977,1042,249,33,21,18,10,15,11
0.733591938648119,0.770205696449825,1075,216,45,29,20,12,25,17
0.739389121742063,0.780895591274494,1067,224,33,31,16,12,17,19
0.74289074641912,0.782342158685091,1073,218,38,54,16,11,22,43
0.746793117602791,0.794337175403344,1051,240,47,61,24,11,23,50
0.668548947577443,0.717150328203772,1065,226,32,43,12,10,20,33
0.719964586100044,0.719690837074472,1078,213,36,19,19,10,17,9
0.779599384432089,0.80454175593613,1047,244,32,35,17,14,15,21
0.756369296305398,0.759702431200183,1073,218,39,18,19,7,20,11
0.747071352502662,0.783258288141286,1069,222,39,63,17,20,22,43
0.735832559156238,0.794945824356686,1045,246,29,73,17,18,12,55
0.720757453666398,0.754806571116353,1052,239,50,56,23,21,27,35
0.779482071713147,0.829324385596367,1075,216,36,102,20,23,16,79
0.727449861000794,0.792244382563458,1057,234,32,75,16,19,16,56
0.754455420969023,0.754753742005539,1065,226,32,14,15,7,17,7
0.719301324348355,0.719024327771973,1076,215,34,18,12,7,22,11
0.794009216589862,0.834143999708302,1071,220,31,109,14,27,17,82
0.739831653969034,0.799901563149191,1076,215,39,82,20,23,19,59
0.71634692246203,0.751967581240716,1084,207,40,87,20,19,20,68
0.795213662860722,0.822073213242708,1022,269,33,35,18,9,15,26
0.735496671786994,0.761714487737111,1073,218,31,118,13,21,18,97
0.70187339858025,0.742672952391808,1065,226,38,47,17,13,21,34
0.696314102564102,0.745047594630484,1048,243,43,95,18,22,25,73
0.666332600543127,0.697472349431672,1070,221,37,60,12,13,25,47
0.684722222222222,0.717831507470268,1046,245,40,46,14,13,26,33
0.689561982310824,0.725340200326383,1051,240,34,87,12,16,22,71
0.612083973374296,0.671299051920572,1065,226,31,120,11,22,20,98
0.679384689922481,0.73048917928524,1061,230,43,67,19,25,24,42
0.726858536585366,0.772004178350121,1062,229,41,76,19,23,22,53
0.696024278573529,0.731601823731433,1045,246,38,40,14,15,24,25
0.762390087929656,0.810954223598748,1077,214,40,59,20,21,20,38
0.7832400180975,0.784520283676612,1063,228,28,17,14,10,14,7
0.732305271778956,0.769997055762408,1064,227,37,33,20,15,17,18
0.817033607931763,0.854807668067799,1058,233,44,85,26,32,18,53
0.706944444444445,0.760128901978838,1048,243,40,41,20,15,20,26
0.74347793679189,0.746395414650878,1060,231,43,18,21,8,22,10
0.75518107322231,0.803626829289505,1081,210,30,133,14,25,16,108
0.725258536585366,0.78206224816283,1055,236,41,47,19,11,22,36
0.740692017474186,0.741443135334723,1053,238,32,15,17,8,15,7
0.696775723091513,0.696498771695579,1072,219,37,17,15,10,22,7
0.794131028207461,0.826435156465205,1098,193,35,84,18,19,17,65
0.677048361310951,0.728717424331698,1088,203,40,75,15,14,25,61
0.720163868904876,0.750085203715412,1073,218,40,27,18,7,22,20
0.786485253876558,0.84630640376384,1090,201,26,57,13,21,13,36
0.677534253375695,0.677562991915046,1095,196,32,9,11,1,21,8
0.806912442396313,0.84326579947315,1072,219,31,59,19,23,12,36
0.740864031587348,0.743097619403794,1065,226,38,21,20,8,18,13
0.692318875282206,0.691178601920555,1076,215,47,20,16,7,31,13
0.79570102862254,0.842161709191837,1040,251,43,57,24,23,19,34
0.70082744040242,0.724000513453526,1060,231,44,27,18,11,26,16
0.645266580619539,0.708909957192516,1076,215,32,62,11,19,21,43
0.701654863419569,0.742027513815975,1056,235,33,82,14,26,19,56
0.690829268292683,0.731190724971123,1061,230,41,56,16,8,25,48
0.713256308908483,0.763886802806137,1070,221,26,54,10,14,16,40
0.753825595930859,0.785465817278566,1037,254,37,60,17,13,20,47
0.752156097560976,0.792767994845711,1062,229,41,66,20,18,21,48
0.684274015050907,0.689268436950391,1090,201,36,24,15,11,21,13
0.794457294180745,0.830240623563209,1066,225,48,46,31,19,17,27
0.703043382027446,0.743606369258239,1029,262,36,82,16,16,20,66
0.719809650287738,0.719077975732872,1060,231,36,13,15,6,21,7
0.720169218372281,0.783845171702609,1051,240,50,173,24,42,26,131
0.719599380256751,0.755708082273019,1060,231,36,60,16,12,20,48
0.754940711462451,0.753229975498581,1106,185,26,15,10,6,16,9
0.766445329791943,0.822427262261127,1051,240,36,94,22,28,14,66
0.729300984051578,0.783388326354381,1057,234,28,38,16,14,12,24
0.70794189911837,0.711024134284984,1026,265,33,10,14,4,19,6
0.772731526978333,0.808937243276409,1089,202,34,38,17,13,17,25
0.689256166838232,0.763959064299209,1054,237,42,71,18,18,24,53
0.778661833374293,0.811587828037061,1070,221,39,37,19,12,20,25
0.725551870067483,0.72345251978881,1079,212,42,17,17,6,25,11
0.684861237488626,0.743984340226223,1091,200,35,108,15,27,20,81
0.769812318265927,0.800044427290185,1058,233,30,42,15,11,15,31
0.702034570455623,0.728535960157538,1062,229,37,50,14,11,23,39
0.70479838126897,0.766327877556302,1087,204,33,112,13,23,20,89
0.715834613415259,0.739245584173717,1075,216,31,25,10,7,21,18
0.770559329382859,0.806335881749304,1087,204,33,92,11,19,22,73
0.765810593900481,0.768286911466243,1050,241,45,25,25,15,20,10
0.74120329508679,0.741684723627406,1037,254,55,31,28,17,27,14
0.742449699668165,0.811463779739543,1063,228,38,87,21,24,17,63
0.748707117255504,0.796077160924536,1061,230,31,63,17,16,14,47
0.688158477202302,0.690817015341552,1059,232,36,20,16,10,20,10
0.762214892665474,0.802121262928716,1068,223,43,70,21,21,22,49
0.77715951245363,0.793642824242666,1058,233,33,87,17,20,16,67
0.754887804878049,0.756364572321851,1071,220,41,25,21,12,20,13
0.723456889605157,0.777258192958066,1060,231,50,71,24,23,26,48
0.661343161343161,0.705771426587047,1077,214,33,51,7,10,26,41
0.658290325223233,0.708133168593561,1063,228,39,108,14,23,25,85
0.687750227479527,0.73503439166556,1065,226,35,74,15,22,20,52
0.764068745003997,0.764487212140948,1049,242,40,19,22,10,18,9
0.738237062134543,0.774314544953519,1074,217,29,86,11,17,18,69
0.740781710914454,0.740420089606354,1073,218,48,27,19,13,29,14
0.764858113509193,0.799409938133934,1075,216,40,93,23,21,17,72
0.710386223544118,0.755065536781348,1063,228,37,87,13,17,24,70
0.682360975609756,0.732030777814497,1059,232,41,142,17,34,24,108
0.672299744557551,0.708503639098681,1062,229,42,71,12,11,30,60
0.716417440248666,0.749107400405399,1066,225,38,53,16,17,22,36
0.695949740277973,0.730626026926372,1046,245,34,24,16,11,18,13
0.681836091410559,0.727413913951661,1081,210,22,96,8,21,14,75
0.768975873709293,0.801641853736162,1068,223,32,19,16,4,16,15
0.690781928401737,0.692534605647588,1059,232,39,11,15,5,24,6
0.723339399454049,0.746229051048081,1067,224,35,107,15,23,20,84
0.782358962693358,0.820190590345934,1080,211,35,46,19,16,16,30
0.735551219512195,0.736533374271542,1081,210,41,26,19,13,22,13
0.753648729150119,0.792768519492184,1065,226,32,31,17,5,15,26
0.669600845889506,0.754216830470187,1086,205,30,74,14,17,16,57
0.722565398474426,0.756544737279147,1066,225,34,24,17,8,17,16
0.770961576648133,0.80515777414,1056,235,32,50,17,17,15,33
0.772475675138999,0.793164800187579,1076,215,32,57,15,12,17,45
0.678108228980322,0.71006593802383,1055,236,43,32,16,10,27,22
0.672695852534562,0.671004928501858,1078,213,31,12,10,4,21,8
0.760533872480075,0.802132648465744,1070,221,27,68,13,18,14,50
0.71728617106315,0.75696209487663,1082,209,40,33,13,5,27,28
0.720326151707705,0.773511344932096,1060,231,32,31,16,13,16,18
0.777785365853659,0.807612595607685,1066,225,41,24,23,12,18,12
0.729478672985782,0.760385155013798,1070,221,25,55,12,16,13,39
0.726098107677055,0.75948880426708,1061,230,37,77,12,18,25,59
0.732608276725924,0.779147876726831,1070,221,33,93,13,23,20,70
0.734352517985611,0.773105001631279,1069,222,40,106,18,30,22,76
0.673950332821301,0.671502759555945,1059,232,31,24,12,9,19,15
0.699518459069021,0.7443270284229,1089,202,45,50,17,14,28,36
0.753104262160498,0.7854768246123,1054,237,47,69,25,27,22,42
0.753308332255701,0.7910357793898,1060,231,37,123,20,28,17,95
0.813614649681529,0.847024339247694,1087,204,35,95,21,26,14,69
0.761485593444356,0.794105729447217,1104,187,30,74,12,14,18,60
0.698214285714286,0.721319055541939,1062,229,35,28,14,12,21,16
0.793262513850749,0.842094116058692,1089,202,33,64,20,18,13,46
0.665916692003649,0.731272338969103,1036,255,26,56,11,16,15,40
0.679161133244798,0.731297232310466,1086,205,36,57,11,10,25,47
0.817036361083813,0.856071935999502,1049,242,34,60,25,19,9,41
0.771326164874552,0.793285831149787,1080,211,31,32,11,8,20,24
0.772649632645421,0.809785305985384,1068,223,34,57,19,16,15,41
0.77255485150222,0.815241136051274,1056,235,37,101,17,30,20,71
0.801546860782529,0.841249140444642,1056,235,35,51,19,13,16,38
0.795954419954139,0.843411198470185,1077,214,34,86,21,22,13,64
0.694300575475874,0.735822976747935,1064,227,36,83,17,19,19,64
0.703435266084194,0.725709484089201,1084,207,32,15,14,9,18,6
0.721957040572792,0.760252212570137,1053,238,34,55,14,11,20,44
0.761950946161472,0.804241566227116,1085,206,37,66,16,16,21,50
0.743423753164124,0.799777356053304,1062,229,47,85,21,24,26,61
0.754856687898089,0.774898416672669,1068,223,35,72,16,13,19,59
0.731152204836415,0.753723960838675,1068,223,37,54,15,15,22,39
0.758709606020363,0.794958980268673,1060,231,36,61,15,16,21,45
0.742235114861697,0.782909013663504,1071,220,27,56,15,15,12,41
0.735697483933297,0.775751121871994,1065,226,38,80,17,22,21,58
0.772093865568645,0.835112972759996,1050,241,42,117,23,35,19,82
0.794700460829493,0.834655140935187,1069,222,31,90,19,20,12,70
0.718173407348665,0.756800337579245,1067,224,30,33,11,9,19,24
0.72115710892433,0.763374914442344,1069,222,28,21,14,8,14,13
0.79058280381255,0.820962499738547,1073,218,32,63,16,13,16,50
0.73967434471803,0.779419920532136,1094,197,32,45,15,13,17,32
0.775404498816101,0.801137700979102,1084,207,24,66,11,9,13,57
0.766906792119965,0.788929565618652,1074,217,38,27,18,13,20,14
0.751118067978533,0.790677112013395,1073,218,43,56,21,16,22,40
0.762995615936792,0.824382506568775,1079,212,33,80,17,24,16,56
0.704154409249504,0.759726486823959,1056,235,47,97,20,28,27,69
0.767466027178257,0.810079101704215,1064,227,40,54,19,21,21,33
0.743619869938248,0.825637327106322,1077,214,29,103,15,19,14,84
0.757274068114776,0.789788943648424,1035,256,48,63,26,21,22,42
0.770058883768561,0.799690116282968,1074,217,31,36,17,15,14,21
0.763614492964934,0.802495866841331,1046,245,44,30,29,16,15,14
0.682848780487805,0.719653437540032,1084,207,41,58,16,16,25,42
0.747886232846392,0.758007255745205,1060,231,36,24,20,11,16,13
0.690637490007993,0.743099023124634,1075,216,40,30,19,15,21,15
0.735637480798771,0.786199507323512,1075,216,31,89,14,20,17,69
0.795162569389373,0.830839073141494,1069,222,30,52,18,16,12,36
0.702732669809674,0.729258404294447,1061,230,46,32,18,7,28,25
0.74085353047423,0.804061873145816,1074,217,38,128,17,28,21,100
0.740775939177102,0.786048346449554,1071,220,43,138,24,33,19,105
0.770608168360977,0.810481817982873,1064,227,45,91,27,34,18,57
0.729166666666667,0.75989595941747,1065,226,40,33,14,9,26,24
0.771017006311124,0.806658750096315,1057,234,33,68,17,20,16,48
0.709321914923487,0.745989555180064,1067,224,34,23,13,8,21,15
0.752785053256504,0.757415927370798,1079,212,46,25,19,10,27,15
0.758444001770695,0.785532393237495,1048,243,36,19,18,8,18,11
0.66568100358423,0.690419512530341,1076,215,31,59,11,13,20,46
0.749700690976261,0.783222405640993,1039,252,47,68,25,23,22,45
0.723157415832575,0.766441088838394,1067,224,35,22,16,10,19,12
0.767940525927746,0.808595141830586,1066,225,39,67,25,22,14,45
0.778826938449241,0.829651776788496,1066,225,40,89,23,31,17,58
0.734330587271764,0.768391935967857,1073,218,33,39,17,11,16,28
0.717429453881791,0.735125383366598,1063,228,34,13,16,5,18,8
0.728423566878981,0.731791252960086,1081,210,35,17,15,8,20,9
0.745477894966938,0.76860042794083,1076,215,29,29,14,7,15,22
0.774041376850366,0.804550931521976,1058,233,45,65,21,23,24,42
0.704185970330853,0.743633148329561,1077,214,34,31,14,10,20,21
0.730573248407643,0.781215988624862,1046,245,35,69,19,20,16,49
0.7764,0.811079457324466,1052,239,41,23,25,15,16,8
0.681710646041856,0.722479791248094,1054,237,35,79,12,22,23,57
0.747569484158756,0.800770002362068,1107,184,42,70,22,20,20,50
0.80558553157474,0.80815832917487,1066,225,40,20,27,15,13,5
0.707580487804878,0.762210886776022,1052,239,41,58,17,14,24,44
0.804514547754586,0.850687626455142,1066,225,51,100,31,30,20,70
0.742743403093722,0.815734368010086,1068,223,35,115,12,25,23,90
0.748532159060582,0.749932407827039,1060,231,42,15,21,9,21,6
0.686161661079565,0.719012120087499,1056,235,47,80,20,22,27,58
0.771698615548456,0.8421785681494,1080,211,39,101,21,29,18,72
0.71037481331599,0.773201489164096,1063,228,33,63,14,17,19,46
0.700356352912263,0.775446775792579,1065,226,39,86,17,18,22,68
0.754301498255456,0.754642261166759,1050,241,47,27,24,16,23,11
0.729731506129022,0.733084018291251,1066,225,49,25,22,11,27,14
0.730592203339296,0.772629191874288,1080,211,43,89,17,17,26,72
0.721734755954888,0.721260351467079,1050,241,34,24,15,8,19,16
0.673446885369849,0.738549964926917,1048,243,38,44,17,13,21,31
0.755795363709033,0.796137188464001,1069,222,40,54,19,15,21,39
0.735407962644384,0.742144632989889,1064,227,39,20,21,11,18,9
0.765669412728236,0.826842455248245,1048,243,33,81,15,22,18,59
0.694351318316745,0.723921743850613,1068,223,46,55,14,16,32,39
0.669529388403495,0.669101671868556,1052,239,32,14,12,4,20,10
0.795942373777425,0.811735719309009,1058,233,30,31,17,7,13,24
0.776626478616924,0.81945110153743,1057,234,35,103,21,25,14,78
0.726079298763005,0.765750124193834,1053,238,39,39,19,15,20,24
0.712009502744327,0.742549425815434,1067,224,39,83,17,27,22,56
0.75213830755232,0.772578429946405,1076,215,35,97,12,19,23,78
0.721656050955414,0.74270859374948,1063,228,35,18,16,6,19,12
0.785291858678955,0.810404499153414,1060,231,31,44,18,13,13,31
0.771945551128818,0.8149501116943,1062,229,36,43,17,10,19,33
0.775067673186168,0.778072801518874,1077,214,42,21,23,11,19,10
0.740926333031596,0.787070931243387,1081,210,37,54,16,15,21,39
0.782775015028144,0.821644924634203,1060,231,29,52,16,12,13,40
0.770647721454173,0.808461955682375,1049,242,31,28,20,12,11,16
0.687743893626247,0.687629998030548,1068,223,33,19,10,5,23,14
0.753914749420367,0.789615079015108,1050,241,45,72,22,23,23,49
0.747747952684258,0.774212288945066,1067,224,35,108,18,28,17,80
0.736779794790845,0.778237694340903,1067,224,24,18,10,6,14,12
0.689855653568564,0.731329156070843,1078,213,44,79,12,17,32,62
0.747668936616029,0.78579132645667,1041,250,46,78,28,22,18,56
0.766788338246993,0.764761825094228,1080,211,34,12,21,7,13,5
0.70270243902439,0.717744074161738,1059,232,41,83,16,25,25,58
0.770492584543825,0.821056731964939,1056,235,42,94,24,25,18,69
0.721213029576339,0.806003843272343,1055,236,40,93,22,25,18,68
0.709194312796208,0.737487443413162,1095,196,25,31,11,9,14,22
0.731105115907274,0.765287387715239,1079,212,40,33,20,12,20,21
0.724843945068664,0.757454153833037,1069,222,45,75,18,15,27,60
0.755754558386137,0.760638551420465,1054,237,37,21,18,10,19,11
0.752997601918465,0.812887024364955,1034,257,40,119,21,23,19,96
0.775534008894073,0.835186202762093,1093,198,44,98,23,26,21,72
0.723169655983534,0.768172528158627,1060,231,38,65,18,16,20,49
0.754992319508448,0.796972921679905,1051,240,31,94,16,25,15,69
0.755786113328013,0.802477243084089,1083,208,38,64,20,19,18,45
0.759116772274667,0.789032233673811,1075,216,37,42,17,17,20,25
0.708373587600286,0.741571943517972,1065,226,38,100,17,33,21,67
0.745200991305078,0.817731696582554,1053,238,38,60,20,18,18,42
0.746325807879593,0.777749447715561,1072,219,36,31,16,11,20,20
0.708147470357238,0.755672913752857,1064,227,42,66,18,19,24,47
0.700779388403495,0.721913533805061,1084,207,32,19,10,5,22,14
0.745007680491551,0.780543502659979,1050,241,31,89,15,23,16,66
0.742015468607825,0.780192960481403,1063,228,35,103,17,22,18,81
0.779229268292683,0.826101339520423,1066,225,41,68,24,19,17,49
0.689658273381295,0.731389941720813,1079,212,40,112,12,18,28,94
0.758302720413026,0.774337596459577,1031,260,32,23,16,9,16,14
0.723856631751369,0.768417692050976,1064,227,37,86,18,26,19,60
0.677580739228694,0.705127120643462,1076,215,44,73,12,20,32,53
0.666656674660272,0.720261291905666,1082,209,40,95,15,20,25,75
0.759472910304264,0.764663966752308,1066,225,28,17,15,8,13,9
0.744024780175859,0.782607154834274,1065,226,40,68,19,17,21,51
0.713439177101968,0.756343769303271,1036,255,43,77,20,26,23,51
0.768023942963895,0.768601689767271,1063,228,42,23,22,11,20,12
0.731540152592784,0.772132615029791,1077,214,37,84,17,20,20,64
0.757479404538228,0.801040122786574,1067,224,33,91,18,22,15,69
0.720677615414457,0.723992473333082,1082,209,37,17,15,8,22,9
0.75852534562212,0.819169992433605,1048,243,31,86,19,26,12,60
0.69346674711719,0.735323768593232,1054,237,48,71,24,27,24,44
0.688198177589691,0.742891602294951,1044,247,42,78,17,14,25,64
0.764110282547718,0.817662496192057,1053,238,47,129,26,34,21,95
0.697788697788698,0.759159067954493,1041,250,33,81,16,22,17,59
0.756662239929172,0.790685693473909,1079,212,36,65,16,15,20,50
0.794256141947225,0.826564129301832,1061,230,35,43,19,14,16,29
0.744130143112701,0.740052026550357,1045,246,43,17,24,8,19,9
0.680881673457386,0.717740719326937,1075,216,38,66,13,12,25,54
0.740640131152541,0.776693538029137,1056,235,42,49,20,18,22,31
0.677360936368142,0.724413006743862,1070,221,42,70,16,16,26,54
0.765970818077491,0.816481694223579,1071,220,29,75,14,18,15,57
0.787980257229459,0.822047543915413,1049,242,39,74,23,26,16,48
0.752252252252252,0.77447884334382,1088,203,33,74,14,14,19,60
0.778054448871182,0.814589436058996,1047,244,36,99,21,26,15,73
0.733268880800728,0.778456393865059,1068,223,35,32,19,14,16,18
0.756985365853659,0.795536901757226,1091,200,41,104,18,27,23,77
0.760388714967203,0.804022799439512,1077,214,43,96,22,27,21,69
0.758585893138127,0.796780736012586,1080,211,47,51,24,14,23,37
0.761392970611596,0.811678805048544,1078,213,32,36,14,4,18,32
0.744885763953561,0.78190318562001,1054,237,52,38,27,13,25,25
0.682011630980703,0.688594703511614,1071,220,30,15,10,4,20,11
0.770023980815348,0.771759051453051,1059,232,40,18,21,10,19,8
0.703367248062016,0.737659350041104,1068,223,43,50,17,11,26,39
0.787638335546702,0.821880367270623,1051,240,36,71,21,23,15,48
0.796676429706116,0.82147209557926,1062,229,32,109,17,17,15,92
0.673347989137463,0.717656757883417,1072,219,37,70,13,12,24,58
0.688990219402591,0.709829814819554,1075,216,30,15,9,7,21,8
0.779383886255924,0.82467608621334,1052,239,25,133,15,21,10,112
0.769514388489209,0.803636814117991,1047,244,40,124,19,34,21,90
0.74494590284064,0.791546786315766,1070,221,37,88,15,19,22,69
0.779667227035648,0.836678609759535,1056,235,37,91,24,27,13,64
0.723539176626826,0.756389732459287,1059,232,36,69,15,15,21,54
0.731804556354916,0.773891304593698,1091,200,40,85,16,17,24,68
0.745290745290745,0.768762564285008,1094,197,37,30,13,10,24,20
0.730380109773081,0.768738381975584,1065,226,39,36,17,9,22,27
0.715107166290005,0.759754830099556,1065,226,44,44,18,17,26,27
0.780927323272439,0.8144244918811,1058,233,32,24,19,9,13,15
0.705681166543786,0.717902810918868,1065,226,39,16,18,9,21,7
0.806119481892678,0.833392662052548,1043,248,30,28,20,12,10,16
0.739483493077742,0.80111070158909,1059,232,39,108,19,26,20,82
0.684027777777778,0.721460659711468,1049,242,27,131,8,32,19,99
0.697743467933492,0.716075475269654,1044,247,28,31,14,12,14,19
0.762032085561497,0.782894423417031,1092,199,33,14,16,4,17,10
0.667965276802845,0.720069646151836,1065,226,34,56,13,10,21,46
0.709108665518545,0.742692951780666,1063,228,38,64,13,14,25,50
0.752022529441884,0.825298816856482,1062,229,31,70,17,15,14,55
0.801803895528995,0.804833862050406,1069,222,36,15,26,9,10,6
0.758437863701022,0.798939374739986,1056,235,37,52,19,17,18,35
0.766496802557953,0.774434248619844,1082,209,40,16,17,5,23,11
0.80894777265745,0.860257309415715,1058,233,31,142,20,36,11,106
0.744953519256308,0.7940225270572,1067,224,36,91,18,19,18,72
0.758007761115496,0.811109199974253,1055,236,24,20,15,8,9,12
0.781968960052462,0.776404312033503,1092,199,29,16,13,9,16,7
0.777161055505004,0.811021400841208,1071,220,35,90,16,25,19,65
0.743209756097561,0.785774706500488,1047,244,41,32,22,15,19,17
0.709517485613103,0.709004518058463,1061,230,36,17,15,6,21,11
0.780364862850328,0.783895808924359,1059,232,43,23,21,13,22,10
0.719783481753099,0.764401161749001,1060,231,46,69,22,22,24,47
0.734141212926073,0.751032372198957,1064,227,36,42,16,8,20,34
0.680363880063542,0.722720991592044,1065,226,32,54,11,10,21,44
0.744911636219222,0.793827915863434,1061,230,32,93,16,22,16,71
0.782488479262673,0.863335870031495,1058,233,31,103,19,24,12,79
0.707082779991147,0.761162264649275,1063,228,36,73,18,20,18,53
0.726418718351667,0.766862244176188,1071,220,46,68,20,19,26,49
0.780376344086021,0.774592641976039,1069,222,31,16,20,9,11,7
0.690655564366904,0.736497350083721,1072,219,30,64,10,14,20,50
0.660676681173663,0.726416319564098,1087,204,34,63,10,10,24,53
0.708520603183937,0.756474292476371,1063,228,38,93,20,28,18,65
0.761593228882262,0.796764136990767,1055,236,38,88,19,21,19,67
0.711345874865459,0.711762399915591,1079,212,34,13,12,4,22,9
0.706841663807236,0.744704451814458,1079,212,42,95,17,23,25,72
0.73489939933633,0.780963882149714,1061,230,38,44,19,14,19,30
0.711976797088262,0.776845283234289,1040,251,35,87,17,21,18,66
0.761673470875556,0.802026448027936,1053,238,44,58,24,19,20,39
0.696499602227526,0.739894725831611,1066,225,34,83,12,18,22,65
0.76573488045007,0.794043100732834,1075,216,27,54,11,14,16,40
0.705610889774236,0.733348455450308,1074,217,36,90,12,17,24,73
0.734959037378392,0.788809414663108,1058,233,31,44,16,13,15,31
0.742989348699144,0.745291939554685,1068,223,46,24,21,9,25,15
0.697092326139089,0.757428906618602,1074,217,40,79,20,27,20,52
0.719725343320849,0.755430271785383,1071,220,45,72,20,16,25,56
0.717226558081665,0.769034927637844,1066,225,28,60,13,14,15,46
0.789398249924566,0.839603469995391,1066,225,37,46,22,20,15,26
0.749355368026254,0.811457349545364,1094,197,27,74,10,18,17,56
0.72952497952498,0.792103142925971,1061,230,37,75,19,19,18,56
0.680848532910389,0.688047311494049,1062,229,30,11,13,8,17,3
0.713609756097561,0.779376711037781,1086,205,41,68,21,19,20,49
0.768662437219138,0.815439714895248,1021,270,30,41,15,13,15,28
0.801195219123506,0.827446003321296,1069,222,36,39,16,14,20,25
0.693730142970611,0.732418872824873,1069,222,32,82,16,18,16,64
0.772368852075436,0.796250257656068,1069,222,34,22,21,10,13,12
0.789158650816987,0.817861225656435,1073,218,38,23,22,14,16,9
0.715630772388315,0.733052836312481,1073,218,47,28,23,14,24,14
0.774966072347793,0.829186014282056,1053,238,34,57,19,19,15,38
0.717685851318945,0.747105137667918,1061,230,40,25,18,10,22,15
0.784236843543363,0.82482552907444,1035,256,29,51,17,15,12,36
0.726529859916441,0.766231157125951,1078,213,39,119,14,31,25,88
0.686862278614856,0.691330009663099,1057,234,30,15,13,9,17,6
0.8197991012424,0.822789293606244,1062,229,30,15,18,8,12,7
0.712106793550092,0.715838893761981,1058,233,30,14,16,6,14,8
0.726779686258936,0.769914904951299,1086,205,32,77,12,17,20,60
0.781734363842567,0.798866795800186,1047,244,38,16,24,10,14,6
0.712391584622597,0.775871462625524,1085,206,27,75,12,19,15,56
0.751587301587302,0.778971759297995,1058,233,45,54,20,18,25,36
0.779640582347589,0.829481503252057,1052,239,35,51,19,17,16,34
0.723090140100449,0.714888739460524,1074,217,30,10,14,5,16,5
0.741120314474238,0.742931293907802,1049,242,34,18,13,6,21,12
0.718396203690321,0.750334388735443,1070,221,33,113,13,22,20,91
0.725333622392446,0.769384099764562,1060,231,33,42,17,14,16,28
0.780696364567332,0.806108999867677,1066,225,31,22,19,8,12,14
0.757453786523554,0.800036183373833,1047,244,43,66,23,18,20,48
0.720117246433036,0.777780710865162,1072,219,37,79,18,17,19,62
0.707282641493168,0.759246922241465,1090,201,37,87,15,20,22,67
0.78192784417884,0.809696507967466,1056,235,36,26,21,13,15,13
0.713053658536585,0.761735125844551,1085,206,41,57,18,17,23,40
0.766654765405133,0.768854525404438,1042,249,38,22,21,15,17,7
0.74321137807784,0.784212131524984,1071,220,32,70,13,19,19,51
0.787987271280827,0.815503333987718,1066,225,34,33,19,13,15,20
0.751571491810536,0.806712679626379,1072,219,36,62,21,17,15,45
0.733746587807097,0.758202621964223,1073,218,35,30,16,8,19,22
0.783167204829426,0.826290891094298,1044,247,34,53,20,19,14,34
0.753604489227492,0.75750820621564,1051,240,39,22,21,13,18,9
0.784517158818835,0.838320297149127,1064,227,38,52,23,17,15,35
0.780629467831612,0.821715711639948,1066,225,32,64,19,20,13,44
0.793130990415336,0.829196032691082,1053,238,39,103,17,22,22,81
0.791685623293903,0.793373132212557,1046,245,35,22,22,12,13,10
0.744050199932553,0.797165979831756,1056,235,33,30,17,13,16,17
0.711844197138315,0.759897507318733,1065,226,33,61,16,18,17,43
0.713018859094951,0.726394461819005,1061,230,34,104,15,19,19,85
0.730321951219512,0.728512901709325,1048,243,41,24,20,9,21,15
0.689622777858072,0.738849089173157,1092,199,33,54,13,12,20,42
0.693774781919112,0.745147439568787,1074,217,30,60,14,13,16,47
0.641994633273703,0.682880312807807,1047,244,43,86,14,13,29,73
0.768084622383985,0.808564675094473,1099,192,35,123,15,24,20,99
0.731917808219178,0.771509304388136,1074,217,50,65,24,21,26,44
0.723834468308015,0.768521275730218,1091,200,46,45,22,15,24,30
0.696181938911023,0.759154876510681,1076,215,36,42,18,16,18,26
0.724169812040108,0.766345646831654,1068,223,42,48,22,17,20,31
0.836571940604199,0.874088126952335,1079,212,31,93,21,25,10,68
0.696114627285513,0.740244633736556,1050,241,27,51,12,12,15,39
0.827884786873551,0.867282935116327,1047,244,45,122,30,36,15,86
0.741355777979982,0.746111983554973,1069,222,35,21,15,7,20,14
0.755895826263997,0.814094781519116,1058,233,28,58,17,18,11,40
0.754840150913423,0.757609809408672,1068,223,32,18,14,7,18,11
0.740597783056215,0.796958418495709,1073,218,28,35,15,7,13,28
0.69120176947653,0.723319606303918,1066,225,39,48,16,12,23,36
0.705364455364455,0.737188393288763,1057,234,33,99,15,23,18,76
0.742981760507534,0.755755416851287,1077,214,30,17,12,7,18,10
0.741765241128298,0.739282240696062,1058,233,35,21,14,10,21,11
0.751676696907093,0.792262470983008,1086,205,54,138,19,23,35,115
0.759935773093668,0.794926614850715,1076,215,37,23,18,8,19,15
0.688941548183254,0.726496893132041,1068,223,25,93,11,17,14,76
0.744325892648229,0.774847225725969,1065,226,34,86,21,26,13,60
0.711111746540089,0.715543844051221,1060,231,42,21,22,12,20,9
0.650109943351223,0.695186534312822,1066,225,43,87,14,20,29,67
0.732377008774524,0.78194889758849,1055,236,49,74,25,22,24,52
0.806474103585658,0.870323441230345,1075,216,36,79,26,31,10,48
0.783279871692061,0.818102865829856,1067,224,44,34,28,18,16,16
0.696598235493722,0.739458530308032,1062,229,28,78,12,12,16,66
0.746103057982526,0.779168482975379,1089,202,32,53,13,11,19,42
0.709282573940847,0.753624094795027,1071,220,40,37,17,18,23,19
0.720243902439024,0.780056125721933,1069,222,41,60,17,18,24,42
0.721235766363562,0.77304595217951,1073,218,39,73,23,23,16,50
0.765991810737034,0.761939435580864,1049,242,35,16,20,7,15,9
0.764378497202238,0.811535273354038,1070,221,40,49,19,17,21,32
0.730221518987342,0.781393488200972,1067,224,27,88,13,18,14,70
0.753243674296306,0.789294762374944,1075,216,37,42,20,15,17,27
0.795149352365847,0.818419310527022,1074,217,30,60,18,13,12,47
0.781165067945643,0.829545691677633,1050,241,40,101,23,28,17,73
0.728887993553586,0.730787201527426,1057,234,50,29,26,14,24,15
0.755671482075976,0.795638853099419,1056,235,45,134,23,36,22,98
0.720167064439141,0.774142431031652,1066,225,34,57,14,16,20,41
0.708799194991055,0.761542642636722,1074,217,43,96,20,32,23,64
0.708446442710101,0.74983396193954,1064,227,28,85,10,17,18,68
0.742182841383423,0.786315834558626,1037,254,43,30,24,13,19,17
0.721609833465504,0.783019126126395,1067,224,30,46,14,16,16,30
0.711590727418066,0.761667191223268,1071,220,40,120,14,25,26,95
0.731232876712329,0.77330689975362,1081,210,50,57,22,15,28,42
0.741599981281295,0.793735133908785,1066,225,34,47,19,17,15,30
0.864467408585056,0.890686288942786,1063,228,33,76,24,26,9,50
0.759731022888918,0.761551880863596,1056,235,37,20,24,12,13,8
0.765981292297082,0.798012740684128,1044,247,37,77,18,22,19,55
0.707170869737887,0.757364869962251,1078,213,32,95,12,17,20,78
0.697797838258631,0.741299827974398,1056,235,54,99,25,29,29,70
0.785401678657074,0.822292617565129,1067,224,40,36,24,14,16,22
0.687555903398927,0.736712431460771,1048,243,43,108,18,27,25,81
0.719560599284437,0.752972189299477,1065,226,43,115,18,29,25,86
0.70759185480301,0.759156523538635,1071,220,36,117,14,26,22,91
0.696506621972461,0.737696483194668,1044,247,49,58,23,12,26,46
0.737804878048781,0.785581207724967,1075,216,41,108,18,27,23,81
0.687327436941364,0.736686186906386,1069,222,34,70,16,16,18,54
0.732475791299321,0.771106460888889,1069,222,33,28,14,8,19,20
0.689977300506373,0.722509660674141,1081,210,46,47,17,14,29,33
0.746469676848163,0.746930778961516,1058,233,36,12,16,3,20,9
0.757569376199167,0.80228414642981,1076,215,34,91,18,21,16,70
0.739473430649901,0.771723260763506,1060,231,33,106,17,28,16,78
0.780452483742281,0.832414018617776,1052,239,29,105,15,30,14,75
0.683045595396193,0.742241288269802,1079,212,36,70,10,13,26,57
0.761802521842732,0.791793548001859,1058,233,32,69,16,19,16,50
0.797679708826206,0.801120905959808,1058,233,35,15,20,8,15,7
0.773306772908366,0.819047580735234,1082,209,36,42,22,16,14,26
0.781720430107527,0.835409048188597,1095,196,31,133,16,26,15,107
0.745551128818061,0.796824313000296,1080,211,36,39,17,13,19,26
0.711876382403539,0.76630743038237,1060,231,39,88,18,27,21,61
0.724940523394132,0.819084404322524,1078,213,30,71,16,16,14,55
0.673132462606147,0.671811164292459,1073,218,37,16,12,5,25,11
0.706551860649248,0.743360569424199,1076,215,28,48,10,9,18,39
0.781317073170732,0.803233004831406,1057,234,41,40,21,13,20,27
0.761935732523968,0.805254759222115,1069,222,33,30,18,10,15,20
0.735524568393094,0.735540758706969,1074,217,36,20,11,5,25,15
0.690859519806888,0.746655908448994,1080,211,37,90,14,21,23,69
0.676049043696103,0.712210135543896,1057,234,33,48,13,5,20,43
0.686107317073171,0.730875545491048,1077,214,41,48,15,11,26,37
0.724298461140567,0.769320487624926,1055,236,37,37,17,12,20,25
0.738690301171924,0.778177546383775,1076,215,38,43,18,17,20,26
0.732851682278321,0.785732240102387,1063,228,38,96,19,26,19,70
0.841015506232898,0.876019634491059,1060,231,26,34,16,12,10,22
0.742429507545671,0.801648984638032,1062,229,32,62,14,15,18,47
0.689888068448195,0.751904753277066,1049,242,27,32,11,9,16,23
0.701432351829294,0.73169608326603,1077,214,38,103,20,27,18,76
0.77540487804878,0.777829504832208,1073,218,41,18,23,8,18,10
0.669793250228033,0.693994265149008,1080,211,26,47,10,12,16,35
0.692033855588692,0.729395975286759,1053,238,38,83,13,13,25,70
0.75936329588015,0.788340233534412,1069,222,45,66,21,20,24,46
0.736226318484383,0.753686184576725,1065,226,31,32,13,8,18,24
0.669230769230769,0.717818616237887,1078,213,30,37,11,12,19,25
0.787749471959998,0.828488994539847,1060,231,37,46,20,19,17,27
0.726056552143509,0.754581758929651,1048,243,26,64,10,17,16,47
0.798956097560975,0.844258468491877,1077,214,41,44,24,21,17,23
0.655017921146953,0.696415586121502,1071,220,31,45,13,14,18,31
0.767006311123958,0.794697067760098,1073,218,33,20,17,11,16,9
0.74257901169897,0.782371852742551,1062,229,46,145,23,41,23,104
0.771712920837125,0.817675601579566,1067,224,35,42,17,14,18,28
0.721214530038059,0.7208516696266,1068,223,33,17,13,4,20,13
0.774731669468512,0.817999102619915,1064,227,37,67,16,11,21,56
0.715335825597513,0.758063724664362,1090,201,38,35,18,11,20,24
0.776748601119105,0.834208084629525,1049,242,40,75,22,19,18,56
0.764776632302405,0.813465519420656,1076,215,30,89,16,21,14,68
0.750430545637838,0.752979529382495,1077,214,38,16,17,9,21,7
0.719652300060836,0.751580428015961,1055,236,34,63,13,10,21,53
0.795069133304427,0.825584752224593,1068,223,33,56,18,13,15,43
0.781423768265873,0.821865369478181,1070,221,37,55,22,17,15,38
0.775811736044021,0.805418704460478,1067,224,38,69,18,18,20,51
0.703753412192903,0.727694787668539,1094,197,35,17,14,5,21,12
0.743967173039986,0.742321266925101,1065,226,46,18,19,7,27,11
0.712922590837283,0.752190729518567,1066,225,25,31,14,11,11,20
0.774486405540737,0.827062650885064,1070,221,34,112,17,22,17,90
0.693154953793252,0.727340966669945,1060,231,22,24,7,7,15,17
0.68510402833112,0.713211434521173,1100,191,36,30,11,7,25,23
0.738262739666108,0.802793414450044,1050,241,44,95,24,29,20,66
0.742036370903277,0.763046846623847,1050,241,40,38,19,17,21,21
0.78326252236136,0.812468238007224,1066,225,43,53,19,19,24,34
0.74345757335448,0.763195558238333,1052,239,30,17,14,7,16,10
0.738018482699334,0.73991895356154,1065,226,22,12,10,6,12,6
0.733214737507906,0.789643626864106,1074,217,51,77,28,26,23,51
0.797633049103205,0.828731536206696,1067,224,38,70,23,22,15,48
0.729092128801431,0.757116834826766,1084,207,43,52,16,8,27,44
0.677713314580403,0.720814480448434,1065,226,27,72,12,15,15,57
0.783229268292683,0.816844972678863,1056,235,41,46,23,16,18,30
0.726099778815434,0.765135441487998,1059,232,39,72,19,20,20,52
0.689744980117651,0.719805768333634,1087,204,49,114,17,17,32,97
0.736713037274835,0.776177139076656,1038,253,45,59,23,15,22,44
0.729272052801465,0.734078198739859,1060,231,33,13,14,6,19,7
0.781591752179988,0.808316819690148,1071,220,33,21,18,7,15,14
0.750887170154686,0.790492618550259,1094,197,35,79,17,20,18,59
0.739729911370605,0.786852807178495,1063,228,38,70,23,21,15,49
0.690547351148617,0.765498852570514,1084,207,27,42,11,7,16,35
0.724967732327244,0.75385866117203,1069,222,32,62,15,15,17,47
0.72852593266606,0.807176127736135,1055,236,35,67,18,16,17,51
0.763477958697379,0.795531554193977,1053,238,32,81,19,28,13,53
0.769234902213626,0.826704670353004,1082,209,22,66,11,14,11,52
0.693050500454959,0.754530258183393,1052,239,35,84,17,20,18,64
0.642652411282985,0.645053656413639,1059,232,35,16,10,4,25,12
0.717905675459632,0.760317203760349,1089,202,40,37,17,8,23,29
0.709954531902206,0.761937807737279,1070,221,43,31,20,14,23,17
0.700395050685748,0.756442484499636,1084,207,43,54,15,9,28,45
0.744342428552955,0.742809714447592,1052,239,37,17,16,5,21,12
0.795568116654379,0.836096782320396,1061,230,39,105,22,22,17,83
0.759549702169518,0.797403574661932,1067,224,29,110,13,28,16,82
0.769951651893634,0.80729909979234,1060,231,50,46,29,19,21,27
0.781822492348808,0.823385351644968,1055,236,37,57,21,12,16,45
0.720313353215441,0.757214563291533,1055,236,38,44,14,15,24,29
0.760006446319737,0.808541287797119,1075,216,27,84,14,17,13,67
0.789732770745429,0.817570683928503,1068,223,27,69,13,16,14,53
0.773772576404155,0.822510967358715,1061,230,37,81,22,20,15,61
0.793686666180652,0.794992314679684,1063,228,44,18,23,9,21,9
0.730467020805666,0.736269917101393,1061,230,36,14,16,10,20,4
0.746370608168361,0.794314000820306,1063,228,45,67,24,22,21,45
0.755787408596397,0.80771513608096,1060,231,45,82,23,29,22,53
0.662675125561723,0.710646331219076,1075,216,30,63,11,16,19,47
0.772550138999206,0.823421687962377,1064,227,32,62,15,17,17,45
0.794224390243902,0.858789250923062,1075,216,41,122,25,28,16,94
0.714477349062014,0.759297871420876,1078,213,39,54,17,14,22,40
0.739352594970572,0.800817140664318,1075,216,45,94,25,27,20,67
0.712225746761829,0.779651320396124,1064,227,30,80,15,21,15,59
0.72912793271359,0.772412402081465,1065,226,36,68,15,19,21,49
0.67393084622384,0.720726063906124,1089,202,35,61,14,16,21,45
0.743538626852166,0.782983894184775,1063,228,28,85,14,21,14,64
0.756142506142506,0.852144152849412,1069,222,33,116,18,25,15,91
0.783083322557007,0.831812507762344,1043,248,37,78,23,27,14,51
0.705675614194722,0.756545846654096,1096,195,35,93,13,16,22,77
0.662559618441971,0.691868818693641,1075,216,33,54,8,11,25,43
0.689561172747722,0.73045838791158,1077,214,42,54,14,15,28,39
0.750296912114014,0.80143926235134,1102,189,28,32,14,11,14,21
0.724862014317722,0.774855664770613,1056,235,29,25,16,11,13,14
0.768393094289509,0.808784651235173,1085,206,36,41,22,12,14,29
0.733607762422817,0.776801493839941,1060,231,38,78,18,19,20,59
0.72453037569944,0.780778984819291,1051,240,40,152,19,41,21,111
0.775853658536585,0.818236411745006,1067,224,41,96,24,28,17,68
0.734094852515905,0.783934177184535,1068,223,56,90,26,32,30,58
0.744180783654468,0.798033788865573,1059,232,37,113,19,35,18,78
0.762983571807101,0.794220624835661,1059,232,33,67,15,16,18,51
0.657855579120203,0.700839479453381,1066,225,47,102,18,27,29,75
0.796781164695177,0.845894825457392,1069,222,35,118,23,22,12,96
0.785584091095273,0.84673705368797,1071,220,39,74,23,25,16,49
0.748833399523431,0.749016370154147,1081,210,32,17,16,9,16,8
0.725391134289439,0.797825579990582,1060,231,52,153,29,42,23,111
0.720457524371262,0.751407363151985,1084,207,39,44,15,12,24,32
0.648358303518187,0.680072899757203,1078,213,43,45,17,14,26,31
0.799193930772878,0.847189193823533,1038,253,37,79,23,30,14,49
0.708743354824115,0.779401945051165,1079,212,28,56,12,11,16,45
0.788443506797937,0.825997928652132,1090,201,27,104,12,27,15,77
0.719310641435242,0.763733067334042,1070,221,39,54,19,20,20,34
0.773886328725038,0.829499302757828,1048,243,31,88,16,29,15,59
0.721796735241503,0.751608607056242,1071,220,43,30,21,9,22,21
0.677652733118971,0.714383574906159,1053,238,47,53,19,12,28,41
0.753073170731707,0.783458495555329,1058,233,41,73,21,23,20,50
0.743740178103719,0.76666390675625,1053,238,46,77,23,22,23,55
0.790015360983103,0.791130322846856,1067,224,31,17,16,9,15,8
0.825522212415416,0.860321076918921,1070,221,55,88,34,27,21,61
0.746276806989674,0.794084308123745,1078,213,32,57,13,17,19,40
0.744832143801216,0.745195123612492,1072,219,30,13,14,5,16,8
0.774226569608735,0.805672193601169,1040,251,35,91,18,22,17,69
0.796478048780488,0.805892274059354,1052,239,41,24,24,14,17,10
0.690063877168308,0.725758373948217,1065,226,27,115,9,20,18,95
0.726790243902439,0.726479176971965,1053,238,41,15,23,7,18,8
0.777975751617924,0.834805837456421,1062,229,39,111,22,28,17,83
0.75936462778568,0.806434705415256,1081,210,37,63,20,17,17,46
0.710730489153227,0.70978085605632,1074,217,42,15,18,7,24,8
0.758882893685052,0.762362869434242,1089,202,40,25,21,12,19,13
0.762102078400421,0.803104582701677,1066,225,24,61,13,16,11,45
0.749313918243631,0.79450108487522,1064,227,39,117,20,28,19,89
0.75412693745537,0.78022062244082,1062,229,38,60,17,22,21,38
0.707091653865847,0.704798265032317,1074,217,31,16,11,8,20,8
0.712582944212337,0.76206904879928,1064,227,39,75,15,15,24,60
0.740294378043382,0.784926213943511,1072,219,36,97,18,20,18,77
0.776210150023441,0.82198856614388,1092,199,27,89,13,10,14,79
0.772804822565969,0.819024178085781,1079,212,35,72,20,21,15,51
0.801377852300066,0.852373503430967,1067,224,44,93,27,37,17,56
0.705383737092931,0.758169090798947,1053,238,32,35,16,12,16,23
0.717015468607825,0.783511399170263,1061,230,35,100,17,23,18,77
0.79042570632275,0.845093324767545,1071,220,29,44,17,14,12,30
0.768243645750596,0.816344249533147,1073,218,32,95,16,12,16,83
0.791876936697654,0.816595703520417,1059,232,36,68,18,17,18,51
0.748048780487805,0.765809619538668,1062,229,41,55,24,19,17,36
0.682552873729344,0.737189766236152,1075,216,33,66,14,16,19,50
0.806986756516449,0.843855881163476,1099,192,34,95,21,29,13,66
0.754371403275786,0.775130079166019,1051,240,36,69,16,14,20,55
0.721051445891702,0.75654934439295,1067,224,39,101,20,23,19,78
0.723934459875487,0.727042059368543,1055,236,47,18,22,11,25,7
0.731701073154747,0.764810626780735,1043,248,39,79,20,26,19,53
0.709690937663698,0.757366903945993,1074,217,46,56,22,15,24,41
0.79152585765489,0.794478819693204,1062,229,31,18,15,11,16,7
0.713576219289932,0.735638674720532,1068,223,44,29,19,16,25,13
0.80087440381558,0.821761186427859,1080,211,33,29,13,5,20,24
0.757516179241419,0.808881843073132,1053,238,39,74,22,19,17,55
0.715507602862254,0.766127336303513,1070,221,43,81,18,16,25,65
0.783809668592277,0.821030486302461,1057,234,26,103,14,25,12,78
0.71218152866242,0.704559820879866,1081,210,35,22,14,9,21,13
0.707912793271359,0.772944410896884,1059,232,36,110,16,26,20,84
0.795513589128697,0.796619676603948,1059,232,40,19,23,12,17,7
0.728045571882446,0.801783880696262,1084,207,32,67,15,13,17,54
0.743378258224531,0.784080213939977,1062,229,34,21,20,11,14,10
0.740726020137785,0.741116821872096,1060,231,33,17,15,5,18,12
0.743108462357664,0.780269261588901,1056,235,39,40,18,11,21,29
0.708955434905554,0.716482529078517,1084,207,28,113,8,25,20,88
0.728560054595087,0.746303121467914,1077,214,35,27,16,8,19,19
0.719359820300435,0.754613383537419,1082,209,34,103,13,21,21,82
0.693695919039492,0.746066310251783,1069,222,54,55,25,20,29,35
0.747196202797497,0.772864776532323,1073,218,38,64,17,16,21,48
0.78482636148382,0.85703570787688,1077,214,24,54,15,18,9,36
0.748081332771772,0.78230574977365,1038,253,34,93,18,21,16,72
0.752144488986594,0.793629560550243,1085,206,37,61,19,18,18,43
0.81744081264848,0.878984965901919,1086,205,39,97,26,27,13,70
0.741916466826539,0.797697667096776,1043,248,40,120,20,30,20,90
0.657565528196982,0.697762804313379,1062,229,32,37,10,13,22,24
0.680347341689195,0.734256959140245,1069,222,39,79,16,14,23,65
0.737739248444008,0.772258310307019,1072,219,34,58,11,11,23,47
0.724966593387646,0.765849462448573,1075,216,37,29,17,10,20,19
0.622202001819836,0.645265708279445,1079,212,35,78,7,9,28,69
0.753457688808007,0.815730576627845,1045,246,35,63,21,17,14,46
0.708523629864972,0.795595599177843,1079,212,32,78,15,17,17,61
0.752058689717925,0.788892003638317,1049,242,35,43,20,16,15,27
0.729993175614195,0.751518192585208,1053,238,35,27,19,11,16,16
0.746440122653001,0.79561403971061,1053,238,38,43,22,17,16,26
0.693644386673052,0.73958448514308,1044,247,47,69,23,19,24,50
0.752638230647709,0.787171892813891,1065,226,25,90,14,24,11,66
0.726719032217415,0.73495422015546,1077,214,38,22,19,13,19,9
0.752420075456712,0.788488844087807,1049,242,32,61,17,19,15,42
0.782258064516129,0.834538658748594,1049,242,31,79,17,24,14,55
0.810141233005157,0.807031528110128,1075,216,27,15,16,8,11,7
0.784945481772661,0.834551935730614,1084,207,34,39,18,13,16,26
0.725630810092961,0.783324599962228,1069,222,36,72,17,14,19,58
0.792828685258964,0.85175174861647,1090,201,36,124,18,31,18,93
0.717646070483471,0.71892593941675,1057,234,38,15,17,8,21,7
0.776918685464654,0.828438670427321,1071,220,32,74,15,14,17,60
0.724169812040108,0.76239465468575,1046,245,42,79,21,21,21,58
0.732451350277998,0.764175238877113,1070,221,32,42,14,12,18,30
0.774105021708856,0.815043556221269,1065,226,39,64,20,19,19,45
0.78064187847498,0.811580537981987,1090,201,32,79,16,16,16,63
0.734721110221511,0.787633971137621,1079,212,42,62,21,22,21,40
0.768036354326677,0.813257796190244,1054,237,31,28,15,11,16,17
0.683444816053512,0.72015244527471,1046,245,26,26,7,4,19,22
0.735042458726669,0.76566724880806,1065,226,37,32,19,12,18,20
0.76447219983884,0.81978726887868,1072,219,50,67,24,18,26,49
0.735567010309278,0.773279113688671,1079,212,30,53,15,17,15,36
0.741990243902439,0.770073998563304,1050,241,41,106,19,27,22,79
0.690081413820492,0.759359981843141,1083,208,32,90,17,19,15,71
0.71458013312852,0.746985564729592,1070,221,31,63,13,15,18,48
0.722392824566737,0.721334087638104,1053,238,26,15,13,10,13,5
0.754894732530515,0.812628011375982,1094,197,39,87,17,20,22,67
0.744809650287738,0.791410948597574,1066,225,36,50,16,17,20,33
0.785957501280082,0.813869625000334,1076,215,31,69,15,16,16,53
0.742499676710203,0.801428038269893,1067,224,37,47,21,18,16,29
0.696780358718024,0.760193430048518,1092,199,38,99,16,17,22,82
0.740485991515101,0.742091288103397,1092,199,38,19,20,11,18,8
0.742860955431011,0.744754810376148,1066,225,42,16,23,8,19,8
0.79056304520222,0.791891912408165,1066,225,30,12,19,8,11,4
0.769721115537849,0.82216359259006,1072,219,36,62,18,24,18,38
0.776964072748957,0.828147308820759,1085,206,43,95,22,22,21,73
0.788707102952913,0.795796791696174,1059,232,38,24,21,13,17,11
0.749653463267106,0.781040852590595,1082,209,38,70,16,18,22,52
0.700554149278238,0.70139522210382,1063,228,47,17,20,8,27,9
0.814041368337311,0.8506782328684,1096,195,34,50,23,15,11,35
0.76955077611155,0.836705742743622,1076,215,24,86,14,18,10,68
0.80048200664514,0.847891396310958,1056,235,34,111,24,36,10,75
0.750678908573646,0.802894227560014,1051,240,37,71,20,18,17,53
0.817186121728903,0.854132370678706,1054,237,38,73,25,31,13,42
0.710895756940807,0.763087629999752,1082,209,46,125,20,27,26,98
0.723559829659787,0.728374307869101,1059,232,34,14,14,7,20,7
0.699321361851386,0.751092894873039,1081,210,42,95,18,24,24,71
0.69552785085211,0.737015880553902,1064,227,42,103,18,24,24,79
0.731117391660523,0.779247742944978,1061,230,39,55,20,12,19,43
0.814585454134148,0.84973085534829,1064,227,28,82,17,24,11,58
0.675759984583514,0.711494257150453,1063,228,33,57,11,15,22,42
0.748551068017788,0.75523312958346,1051,240,44,31,24,14,20,17
0.659228554408261,0.707016442054578,1069,222,32,116,12,26,20,90
0.810486806187443,0.84475516415967,1081,210,35,59,22,18,13,41
0.705145068435701,0.735435256040784,1050,241,42,50,14,12,28,38
0.758712465878071,0.780505371724918,1084,207,35,26,17,9,18,17
0.805427547363031,0.852871052173335,1065,226,31,39,16,13,15,26
0.751571124105142,0.759440769777821,1070,221,29,6,14,4,15,2
0.734792993630573,0.736003573895436,1076,215,35,21,16,10,19,11
0.766350824382568,0.766135629098413,1038,253,47,21,25,12,22,9
0.710012697632506,0.737022336089513,1043,248,39,45,17,14,22,31
0.683769479564834,0.7251717825213,1058,233,38,68,14,19,24,49
0.714661055505004,0.796469539041316,1062,229,35,64,16,19,19,45
0.774386578501557,0.806634060264323,1103,188,29,33,14,6,15,27
0.727844178840195,0.772196973251648,1050,241,36,120,17,32,19,88
0.689288908765653,0.74480666789972,1074,217,43,58,17,17,26,41
0.692855715427658,0.729865032416393,1063,228,40,36,16,10,24,26
0.705555555555555,0.750188156818362,1062,229,40,117,16,29,24,88
0.640473933649289,0.646989376583543,1069,222,25,13,8,4,17,9
0.730893572998836,0.810538474511378,1076,215,37,115,12,27,25,88
0.672585365853658,0.709741104988534,1065,226,41,62,16,12,25,50
0.766965471447543,0.768565394456248,1045,246,36,16,21,8,15,8
0.817228455123114,0.847346989649225,1076,215,32,44,17,12,15,32
0.7149399324861,0.770445858584739,1056,235,32,49,15,11,17,38
0.700663553698697,0.77411525134002,1087,204,39,111,16,20,23,91
0.669521543748348,0.713539863119684,1075,216,30,41,10,9,20,32
0.762866933919566,0.832577355666671,1051,240,37,105,20,28,17,77
0.761427566807314,0.791233711397517,1057,234,27,53,11,7,16,46
0.755699132676981,0.77767207748666,1059,232,27,51,12,11,15,40
0.741188043062462,0.744961275382548,1082,209,29,16,13,6,16,10
0.760088717015468,0.799852972162334,1045,246,35,57,17,15,18,42
0.741787989080983,0.790148750516051,1077,214,35,82,16,22,19,60
0.745757695343331,0.803803908970174,1076,215,24,87,14,9,10,78
0.806105115907274,0.859010925104713,1065,226,40,106,24,35,16,71
0.806310803891449,0.836073115996823,1067,224,31,57,17,18,14,39
0.677356782619941,0.744395529023557,1035,256,37,83,18,24,19,59
0.660933660933661,0.691249369720414,1045,246,37,113,14,22,23,91
0.724589358416398,0.773109887684852,1063,228,34,23,14,8,20,15
0.776888489208633,0.812318694348027,1082,209,40,31,20,9,20,22
0.766784391715814,0.803086688483397,1051,240,23,61,9,14,14,47
0.699204874583311,0.762389318029269,1064,227,29,129,10,19,19,110
0.67704876716932,0.746594720548882,1064,227,38,82,18,28,20,54
0.730428415409055,0.788586026327121,1073,218,32,73,16,17,16,56
0.761347471873788,0.801179234250519,1056,235,37,71,21,16,16,55
0.732029268292683,0.774436100646473,1049,242,41,45,21,11,20,34
0.766266986410871,0.795446427026305,1079,212,40,78,19,19,21,59
0.723033141513,0.791497690334342,1054,237,38,53,18,14,20,39
0.731814634146342,0.791668716834686,1045,246,41,89,18,21,23,68
0.775436225116736,0.793715515151705,1086,205,39,43,18,8,21,35
0.705170731707317,0.761689077678949,1071,220,41,87,20,19,21,68
0.735493003884131,0.781076491983508,1059,232,34,80,17,16,17,64
0.737043288324067,0.809528766033996,1079,212,32,82,16,11,16,71
0.72836669699727,0.761975992781882,1105,186,35,69,14,17,21,52
0.728810317503689,0.754607644476415,1088,203,29,20,12,5,17,15
0.782441421763304,0.82036544218757,1075,216,32,71,20,17,12,54
0.711943164362519,0.765859877298461,1053,238,31,90,12,15,19,75
0.790392216479173,0.834638872519859,1073,218,26,73,12,15,14,58
0.80179211469534,0.800033881691354,1065,226,31,18,19,12,12,6
0.853256552819698,0.873566842649548,1060,231,32,58,22,14,10,44
0.760988917014435,0.786204789730496,1062,229,47,36,25,18,22,18
0.662948834001466,0.680019928838612,1047,244,37,28,14,9,23,19
0.733619983619984,0.770954112075079,1047,244,37,99,19,19,18,80
0.757317073170732,0.793737323391749,1048,243,41,119,20,27,21,92
0.750464807436919,0.74763670186272,1075,216,36,17,21,12,15,5
0.720698924731183,0.7489515071593,1076,215,31,97,13,17,18,80
0.756521191246272,0.794853028509706,1047,244,38,74,16,24,22,50
0.759912692058409,0.814296781023088,1039,252,42,51,23,21,19,30
0.785176651305684,0.819395777579572,1069,222,31,39,15,11,16,28
0.726527820006081,0.792877117606254,1044,247,26,92,12,19,14,73
0.826602546587245,0.846255115836161,1062,229,29,43,17,13,12,30
0.719230769230769,0.79722340006406,1091,200,30,64,18,17,12,47
0.785466418929996,0.809924887359783,1079,212,29,63,13,12,16,51
0.759045331503298,0.761298800961434,1047,244,42,25,22,12,20,13
0.710916799152093,0.753043138546842,1082,209,33,42,13,10,20,32
0.790520750595711,0.836064545567061,1051,240,32,68,21,19,11,49
0.732474284436494,0.7892314737996,1080,211,43,109,19,25,24,84
0.839034146341463,0.83668754768931,1062,229,41,17,24,12,17,5
0.706975103892638,0.758150802347251,1071,220,42,93,19,29,23,64
0.842839768926726,0.867794176838728,1044,247,26,108,18,28,8,80
0.762439024390244,0.791424247576983,1075,216,41,33,21,14,20,19
0.706674865831843,0.724454512931151,1027,264,43,98,19,29,24,69
0.720918307548054,0.75745587071266,1093,198,27,21,11,8,16,13
0.687273628426551,0.693966523008499,1056,235,42,21,18,7,24,14
0.728802621127879,0.77959358307997,1068,223,32,80,15,19,17,61
0.79070243902439,0.827605807947583,1047,244,41,49,21,18,20,31
0.726357724384432,0.760587446813946,1066,225,32,26,13,12,19,14
0.748842877037765,0.796173293305227,1069,222,39,69,21,16,18,53
0.695689885241526,0.754441713009057,1044,247,42,93,20,26,22,67
0.758056662239929,0.797752640939165,1055,236,36,74,22,21,14,53
0.723015873015873,0.724533040627866,1080,211,31,18,13,9,18,9
0.794815525990948,0.832647640949252,1073,218,23,88,12,19,11,69
0.760827709786877,0.808611104410231,1073,218,42,66,18,22,24,44
0.755140307771887,0.778486294075099,1071,220,37,49,16,13,21,36
0.751505090748119,0.753078890210866,1043,248,36,16,18,7,18,9
0.753079566481628,0.753919743904511,1072,219,30,17,13,8,17,9
0.732416116804717,0.804598152613213,1064,227,34,83,19,21,15,62
0.748373812532173,0.786686760609487,1058,233,34,24,17,10,17,14
0.759318282425852,0.803744860387659,1067,224,36,79,20,22,16,57
0.717895086321381,0.759236738766305,1062,229,36,39,19,12,17,27
0.763428316123908,0.803801007021202,1069,222,32,35,19,15,13,20
0.792710358763201,0.820732293877968,1073,218,42,95,21,20,21,75
0.698511862979082,0.729935377693238,1052,239,34,64,18,22,16,42
0.78247567844342,0.823903535730085,1038,253,31,63,18,19,13,44
0.692700059571088,0.693197012452513,1036,255,32,10,11,5,21,5
0.808124080986314,0.832951156806401,1076,215,28,64,14,17,14,47
0.780618744313012,0.822968838216451,1078,213,35,77,19,20,16,57
0.651273332009531,0.691752863217192,1067,224,32,16,9,3,23,13
0.746133776091082,0.811369817711683,1037,254,51,108,28,37,23,71
0.751082926829268,0.800915776769185,1048,243,41,105,21,30,20,75
0.721721055571987,0.785528844052344,1080,211,49,59,26,18,23,41
0.738435882481592,0.780298590435761,1085,206,44,105,21,24,23,81
0.711380068574836,0.712961375669332,1044,247,43,19,22,9,21,10
0.682322068612391,0.768842525524951,1055,236,31,108,15,25,16,83
0.782803756994404,0.809884790181757,1061,230,40,27,22,13,18,14
0.752564102564103,0.794839978177186,1077,214,30,97,16,26,14,71
0.707935408617044,0.732201746776483,1059,232,44,40,17,13,27,27
0.706411628321741,0.730022016996514,1054,237,45,116,17,21,28,95
0.72504219618745,0.746643463854978,1064,227,32,29,15,10,17,19
0.748960515713135,0.784981406664397,1055,236,50,64,19,16,31,48
0.742186078252957,0.798012989714432,1064,227,35,50,16,13,19,37
0.706567396143991,0.762292531431815,1042,249,38,62,19,21,19,41
0.738853219190298,0.794423146685221,1067,224,45,62,23,19,22,43
0.802287214098238,0.825406901606666,1078,213,21,52,12,10,9,42
0.715898926654741,0.760000277550184,1056,235,43,142,18,30,25,112
0.743920432810536,0.747702806319922,1072,219,29,13,14,5,15,8
0.777722534631738,0.810421724587857,1066,225,23,66,15,15,8,51
0.750199521149242,0.788011110106553,1074,217,38,113,17,31,21,82
0.705110497237569,0.714680568968345,1078,213,24,13,11,6,13,7
0.799219512195122,0.840816673882565,1049,242,41,116,25,25,16,91
0.736957617507456,0.790569932001345,1090,201,38,78,16,18,22,60
0.76608214849921,0.766836349276064,1063,228,25,11,13,6,12,5
0.751260133574159,0.798994263132164,1060,231,38,110,18,24,20,86
0.778818061088977,0.814299890585358,1064,227,36,43,18,16,18,27
0.738581590153961,0.779275067269741,1060,231,34,96,14,21,20,75
0.784642919504103,0.842982081569781,1037,254,46,114,30,42,16,72
0.695797788309637,0.746233002073908,1093,198,25,56,9,10,16,46
0.832381010895388,0.859684762065618,1077,214,39,31,20,8,19,23
0.720024613220816,0.774065881144898,1061,230,27,100,11,24,16,76
0.717930897537728,0.755062539046562,1087,204,32,26,15,11,17,15
0.711031175059952,0.729947548709961,1075,216,40,20,15,9,25,11
0.755511498810468,0.763477214477451,1082,209,30,79,13,17,17,62
0.768780168946098,0.814043994733194,1060,231,48,62,27,20,21,42
0.721053032902512,0.765861158724973,1074,217,42,97,18,24,24,73
0.751644304130492,0.767664195730882,1063,228,24,11,12,5,12,6
0.645257148205344,0.731336119030284,1076,215,34,70,11,11,23,59
0.638655117765998,0.66236728829312,1069,222,29,93,8,17,21,76
0.765142517814727,0.792603778823438,1064,227,28,40,13,16,15,24
0.800099920063949,0.828874100763705,1058,233,40,91,24,28,16,63
0.759809945113459,0.81409692295633,1072,219,39,69,21,23,18,46
0.714784549848448,0.755451398992372,1097,194,39,114,15,24,24,90
0.738009756097561,0.799691713119933,1089,202,41,49,24,12,17,37
0.789031224979984,0.835823865451914,1096,195,42,52,24,18,18,34
0.66437583001328,0.700430424768388,1087,204,36,72,12,13,24,59
0.739330338340587,0.770979312256669,1060,231,34,96,11,21,23,75
0.762237762237762,0.811487475629347,1056,235,26,92,13,17,13,75
0.684440400363967,0.721760781035903,1056,235,35,81,11,19,24,62
0.763137953633161,0.75875978744064,1070,221,39,19,19,11,20,8
0.781421072365954,0.781228394368767,1072,219,21,11,10,4,11,7
0.751977163180308,0.752977109670429,1072,219,34,18,16,8,18,10
0.788010977308102,0.802101099809126,1061,230,39,19,20,12,19,7
0.771075978161965,0.805370659877854,1044,247,35,50,17,12,18,38
0.682820380188801,0.735848989530828,1058,233,37,32,21,12,16,20
0.754913112164297,0.803563604493367,1064,227,25,81,11,19,14,62
0.766548463356974,0.798703780586091,1062,229,22,23,10,8,12,15
0.742302684084513,0.778963338677076,1074,217,38,51,17,14,21,37
0.802106523291469,0.837453088946506,1068,223,38,116,22,24,16,92
0.809522382094324,0.807230855683035,1074,217,40,18,24,13,16,5
0.68485295322356,0.718780227451562,1065,226,39,42,15,8,24,34
0.788952132766424,0.845582561942259,1081,210,23,100,12,22,11,78
0.749073327961322,0.743814260917056,1057,234,50,15,22,6,28,9
0.71933650541898,0.775383708757811,1055,236,30,110,13,21,17,89
0.689781887150308,0.710288383919196,1063,228,37,24,12,6,25,18
0.75818345323741,0.791987527130843,1068,223,40,30,22,16,18,14
0.765013648771611,0.767648326314169,1064,227,35,15,18,8,17,7
0.694734212629896,0.700418914070276,1066,225,40,12,19,3,21,9
0.739021691013723,0.783115422335136,1069,222,36,88,18,22,18,66
0.740211891208096,0.771519185334852,1062,229,51,60,24,18,27,42
0.761021505376344,0.796307849133568,1067,224,31,35,13,8,18,27
0.726139272913466,0.762217694473914,1067,224,31,22,16,9,15,13
0.728458536585366,0.767691634325555,1065,226,41,48,16,15,25,33
0.698301277551593,0.752018718327336,1053,238,34,61,15,13,19,48
0.726724821570182,0.774399697566951,1075,216,30,53,16,13,14,40
0.745612803593991,0.776832508838808,1084,207,34,48,15,13,19,35
0.698271155595996,0.75436738132992,1069,222,35,49,15,16,20,33
0.719513772145351,0.74585456023561,1054,237,37,37,15,11,22,26
0.757808582276667,0.806769870047834,1059,232,22,89,15,21,7,68
0.746540089214229,0.80401982641293,1082,209,42,152,21,31,21,121
0.757370517928287,0.799335708295437,1074,217,36,125,20,32,16,93
0.741157556270097,0.774476742848761,1069,222,47,38,22,14,25,24
0.753177458033573,0.808273303039684,1075,216,40,80,21,15,19,65
0.703259545511824,0.750061333078309,1058,233,38,73,17,18,21,55
0.777785807197572,0.84029609439385,1068,223,33,64,21,24,12,40
0.710725659690628,0.767352694515062,1082,209,35,101,15,20,20,81
0.76945211786372,0.804560641656576,1069,222,24,65,11,20,13,45
0.715358181337563,0.717335320279192,1066,225,30,8,12,4,18,4
0.770458536585366,0.822031951072202,1051,240,41,113,22,26,19,87
0.766251096114987,0.791941027707266,1039,252,42,51,25,14,17,37
0.73942220200182,0.764958770533883,1073,218,35,41,14,12,21,29
0.667639528929851,0.711084842457867,1082,209,31,79,9,17,22,62
0.74323835814519,0.786260859455718,1070,221,49,50,27,16,22,34
0.702988047808765,0.775181566158409,1064,227,36,125,16,31,20,94
0.718798259160466,0.718847245040205,1053,238,34,16,16,3,18,13
0.805791200090488,0.806481839612748,1047,244,28,16,17,9,11,7
0.737329776779447,0.787927197295359,1072,219,34,61,15,11,19,50
0.766077204183644,0.803497424307127,1086,205,38,59,15,11,23,48
0.792014827557958,0.839680518887086,1064,227,39,74,24,29,15,45
0.664214634146341,0.709250505927557,1061,230,41,93,18,21,23,72
0.725167936429917,0.76544604854606,1078,213,39,140,20,28,19,112
0.742611683848797,0.739992885569496,1079,212,30,20,11,6,19,14
0.788545816733068,0.805138202753204,1067,224,36,88,19,18,17,70
0.732438939634631,0.776284845618636,1076,215,32,46,14,14,18,32
0.762929980792736,0.782937013190987,1053,238,46,36,23,15,23,21
0.748469761627657,0.8034262813349,1073,218,37,96,16,32,21,64
0.664639141476202,0.670561924003045,1053,238,39,26,15,11,24,15
0.74033212010919,0.775154659289067,1074,217,35,84,15,21,20,63
0.678142983621071,0.715188115865601,1069,222,36,21,14,6,22,15
0.621088335363549,0.655551585431212,1073,218,38,50,10,10,28,40
0.785657415832575,0.813706603209279,1047,244,35,33,17,12,18,21
0.748365848753017,0.790610736329767,1074,217,48,82,18,18,30,64
0.733649766875289,0.772683528012109,1063,228,38,31,23,15,15,16
0.750578238133548,0.79008636843749,1036,255,48,154,24,43,24,111
0.768546670720584,0.837581510480124,1083,208,26,109,13,23,13,86
0.718155475619504,0.772900312952406,1068,223,40,78,17,20,23,58
0.733156601577654,0.789379174497961,1062,229,37,66,21,19,16,47
0.748303617389677,0.770318127554267,1071,220,34,44,15,15,19,29
0.698849663916061,0.756377370236775,1068,223,29,27,14,11,15,16
0.743666398066076,0.789146131505077,1062,229,50,80,22,22,28,58
0.78355802273328,0.8261474227026,1063,228,30,30,17,13,13,17
0.754522437576393,0.773608859822435,1076,215,46,36,23,17,23,19
0.770672469465113,0.813561497766369,1069,222,34,33,18,12,16,21
0.724624390243903,0.789159186932564,1055,236,41,121,21,29,20,92
0.762196258199165,0.813232643937342,1078,213,43,48,24,17,19,31
0.700165880914964,0.703523771246145,1065,226,46,24,20,12,26,12
0.728802965645071,0.767946509239847,1067,224,37,78,18,21,19,57
0.754492652899126,0.785778710002806,1046,245,32,28,15,9,17,19
0.66720865250277,0.726397385686843,1068,223,33,114,9,22,24,92
0.789040485107901,0.818755820773532,1061,230,45,107,24,30,21,77
0.703834850893674,0.728141654927519,1058,233,33,32,13,9,20,23
0.726285790537192,0.765183039280356,1062,229,42,24,22,9,20,15
0.704617834394904,0.742715895972742,1080,211,35,73,16,17,19,56
0.782615170770453,0.834882401103508,1035,256,32,70,18,25,14,45
0.713574761715647,0.714765049976691,1064,227,32,14,10,7,22,7
0.771359945098936,0.775375257514042,1089,202,42,17,22,6,20,11
0.72670243902439,0.759369982338156,1085,206,41,33,17,12,24,21
0.795484006252621,0.823059274404219,1068,223,42,62,21,19,21,43
0.762716065347644,0.811116965111525,1019,272,37,86,18,17,19,69
0.786624704956727,0.823198854731887,1064,227,20,38,12,9,8,29
0.754814077025233,0.802910506108797,1053,238,36,73,19,15,17,58
0.848504128492252,0.849372255331049,1068,223,28,11,20,9,8,2
0.749324158269845,0.788812276333317,1040,251,39,101,17,24,22,77
0.718675059952038,0.750805188265566,1044,247,40,35,20,14,20,21
0.662140327578575,0.695911667129536,1065,226,36,29,16,10,20,19
0.745158986852606,0.781183736772725,1053,238,38,82,21,26,17,56
0.777912973408541,0.777871626805001,1065,226,50,29,26,13,24,16
0.684404666590415,0.719513124502676,1052,239,42,22,20,9,22,13
0.718686813487076,0.752175327880328,1056,235,29,21,10,6,19,15
0.736452550885541,0.789756638686999,1077,214,30,41,16,16,14,25
0.719860101494994,0.770529917717273,1084,207,23,65,7,11,16,54
0.788614649681529,0.837301283254931,1072,219,35,68,21,18,14,50
0.698908098271155,0.701162585831915,1055,236,35,19,14,7,21,12
0.766435599284436,0.815390702709228,1075,216,43,92,23,27,20,65
0.738819512195122,0.770352540159305,1066,225,41,29,16,10,25,19
0.749822930500221,0.773845370716204,1065,226,36,25,17,6,19,19
0.694092073759818,0.748341535439109,1072,219,38,50,15,11,23,39
0.746618641576007,0.788613309707602,1065,226,38,46,18,8,20,38
0.667291308265749,0.726484237215014,1069,222,39,96,14,26,25,70
0.728350359929307,0.779602678488408,1062,229,37,95,19,21,18,74
0.745575523202912,0.798352121758597,1069,222,35,104,17,23,18,81
0.754866107114309,0.796541283975013,1055,236,40,73,19,21,21,52
0.633928099392017,0.683780727565707,1068,223,30,56,11,12,19,44
0.750671064604186,0.751887626378939,1071,220,35,20,17,9,18,11
0.723180157096652,0.749822063910292,1074,217,38,125,14,21,24,104
0.768870500273029,0.797659615041397,1072,219,38,34,19,14,19,20
0.702692803563057,0.709833193230345,1086,205,27,8,11,3,16,5
0.738247011952191,0.778529603028303,1064,227,36,66,18,22,18,44
0.702040275569687,0.741401171770469,1093,198,33,30,14,11,19,19
0.755061678734245,0.77911730056999,1061,230,48,38,27,19,21,19
0.791684215452291,0.839618909782385,1078,213,34,123,19,34,15,89
0.728225626118068,0.780515005774367,1059,232,43,67,20,13,23,54
0.744029915082547,0.779071316032568,1081,210,37,102,19,31,18,71
0.76336323420988,0.830604884906462,1073,218,39,57,25,20,14,37
0.740954697476437,0.7603429750631,1067,224,26,41,10,10,16,31
0.756731707317073,0.79505052364005,1078,213,41,42,22,11,19,31
0.801696814033554,0.822648160277855,1074,217,29,33,14,8,15,25
0.623157415832575,0.641970022406363,1048,243,35,72,8,20,27,52
0.776105767211324,0.823027843377837,1078,213,38,109,19,23,19,86
0.749109117719341,0.784601568652774,1057,234,39,47,21,19,18,28
0.723565670934092,0.723407973216023,1053,238,37,17,16,9,21,8
0.752109809372518,0.790166834607648,1075,216,32,74,13,16,19,58
0.740918726212844,0.78864760434402,1072,219,33,91,17,21,16,70
0.730256750774679,0.758701599594765,1092,199,36,23,14,4,22,19
0.731465552551815,0.768549273274809,1091,200,39,123,15,26,24,97
0.7305649324861,0.788625527132892,1063,228,32,70,13,19,19,51
0.754351219512195,0.778181151077531,1044,247,41,58,19,16,22,42
0.74359229747676,0.790656984528346,1064,227,36,104,16,25,20,79
0.735327570518653,0.76334976610143,1072,219,35,81,13,12,22,69
0.769267374944666,0.832510727439388,1030,261,36,66,22,20,14,46
0.808589236850106,0.838528963195764,1087,204,26,24,16,10,10,14
0.777172429481347,0.774671421719946,1055,236,35,24,17,10,18,14
0.750419067574646,0.794833251203887,1050,241,46,85,25,27,21,58
0.742686533212011,0.788442537866681,1034,257,35,98,20,24,15,74
0.75323289796974,0.806271852283084,1073,218,37,43,19,17,18,26
0.733846286477865,0.758559900824712,1061,230,37,59,14,10,23,49
0.691960316346109,0.729114319907512,1038,253,34,65,15,18,19,47
0.71013557794708,0.742131485327843,1065,226,39,29,16,12,23,17
0.752668288324067,0.808342467631989,1055,236,32,64,17,24,15,40
0.75707171314741,0.823869603698438,1059,232,36,79,18,24,18,55
0.733654271801682,0.797811656158712,1084,207,36,65,19,19,17,46
0.771103117505995,0.816466534124992,1075,216,40,78,26,25,14,53
0.748924731182796,0.825608517305815,1049,242,31,114,16,35,15,79
0.759493006258663,0.815547334188969,1075,216,38,124,18,29,20,95
0.727545374059318,0.771301551883705,1080,211,36,86,15,19,21,67
0.778175609756098,0.80403335858309,1063,228,41,77,21,19,20,58
0.735294117647059,0.785156625667271,1065,226,33,77,14,20,19,57
0.679504344499699,0.687261338086111,1084,207,29,15,12,6,17,9
0.770390243902439,0.798027633237604,1081,210,41,106,20,27,21,79
0.722896627042467,0.755491115148958,1058,233,38,68,16,18,22,50
0.754831702811794,0.785339555347688,1057,234,47,73,25,21,22,52
0.681363435148296,0.736557880941715,1079,212,36,51,14,9,22,42
0.697169244220996,0.770191538174839,1066,225,29,71,13,18,16,53
0.720927401505091,0.773635780301633,1072,219,36,133,12,36,24,97
0.726051350154936,0.763876380086562,1075,216,36,70,16,21,20,49
0.825929614873838,0.852891212703137,1063,228,36,49,24,23,12,26
0.645017182130584,0.714945795373644,1061,230,30,84,12,18,18,66
0.753700766587365,0.810058368110428,1083,208,30,61,15,16,15,45
0.713338937023148,0.814993441163296,1078,213,37,138,18,28,19,110
0.666171538966246,0.699701236688704,1094,197,44,64,14,9,30,55
0.728659785369051,0.764663788642495,1056,235,39,36,18,6,21,30
0.682278321502079,0.7237379685303,1091,200,38,63,11,13,27,50
0.714023531777957,0.748470285586184,1059,232,48,78,22,20,26,58
0.712530712530713,0.757643464261206,1071,220,33,92,14,19,19,73
0.70169756097561,0.70607002088781,1075,216,41,26,21,12,20,14
0.743600542842435,0.804319447906636,1066,225,34,51,18,13,16,38
0.694961655074015,0.730041632505927,1089,202,45,76,18,16,27,60
0.678816946442846,0.720034828989272,1073,218,40,43,16,12,24,31
0.776576418190342,0.771232086755904,1051,240,27,11,13,6,14,5
0.65427181514138,0.680258713683999,1083,208,26,85,8,17,18,68
0.725316568574996,0.752328505407279,1086,205,45,71,17,17,28,54
0.709675949551651,0.743953266407504,1073,218,44,52,20,14,24,38
0.710862147406733,0.772948208093421,1071,220,35,112,15,22,20,90
0.815639892772041,0.846028430105089,1072,219,32,29,19,19,13,10
0.73378801431127,0.738315028611333,1070,221,43,17,20,6,23,11
0.674917041206368,0.673175022043112,1062,229,38,16,16,5,22,11
0.729717685600039,0.759764142571121,1063,228,33,30,13,4,20,26
0.792198979830596,0.816345412710869,1047,244,34,51,20,20,14,31
