"ROC_observed_outcome","ROC_observed_corrected","sum_low_risk","sum_high_risk","sum_outcome_observed","sum_outcome_true","sum_high_risk_observed","sum_high_risk_true","sum_low_risk_observed","sum_low_risk_true"
0.740267551213822,0.792485605183243,1095,196,44,68,20,19,24,49
0.735925873929524,0.778764411882116,1050,241,34,115,16,24,18,91
0.744864955685302,0.743267816236109,1078,213,38,15,18,4,20,11
0.755592417061611,0.825926572951172,1065,226,25,89,14,18,11,71
0.714168714168714,0.722158928159946,1082,209,37,19,17,9,20,10
0.763577243844321,0.795283661627894,1048,243,32,29,18,12,14,17
0.720512311358221,0.787591525835999,1067,224,32,49,14,11,18,38
0.758911891417896,0.793239312655967,1082,209,42,77,19,17,23,60
0.809167424931756,0.850575327967524,1074,217,35,100,19,25,16,75
0.696188557614827,0.723267338930577,1059,232,50,27,20,9,30,18
0.774094781682641,0.831597809850279,1059,232,39,74,24,21,15,53
0.721594489015836,0.757824848041703,1071,220,38,24,16,7,22,17
0.757821300563236,0.808951235585941,1093,198,31,59,14,16,17,43
0.783150715563506,0.818324905584625,1070,221,43,51,27,19,16,32
0.786201945616502,0.856343251617714,1075,216,27,87,14,16,13,71
0.767104216388226,0.812035370476817,1079,212,34,46,19,18,15,28
0.752138990745591,0.804198285230467,1083,208,46,79,22,22,24,57
0.735231814548361,0.779056388588248,1060,231,40,124,17,29,23,95
0.713370696557246,0.759547043321176,1071,220,42,45,17,10,25,35
0.75621665896585,0.798568957333303,1081,210,38,36,20,11,18,25
0.758448021626936,0.811794151537645,1053,238,39,76,25,29,14,47
0.790974129209423,0.844226659491582,1080,211,33,71,19,15,14,56
0.746644983591186,0.810085370151904,1067,224,27,59,13,8,14,51
0.728053211439287,0.797111597080043,1087,204,27,60,14,11,13,49
0.766664380743382,0.829049166576073,1073,218,23,66,9,16,14,50
0.775153609831029,0.818646919925256,1072,219,31,54,18,18,13,36
0.772227990600579,0.822086281216755,1074,217,29,59,13,16,16,43
0.746406649128827,0.789805746082046,1055,236,42,50,24,17,18,33
0.712858536585366,0.717558131389662,1055,236,41,19,15,6,26,13
0.767080818007394,0.803320670925515,1059,232,34,89,16,20,18,69
0.749960348929421,0.749129932474226,1064,227,30,11,13,3,17,8
0.718010791540203,0.741277885651209,1066,225,33,70,13,10,20,60
0.713241143712855,0.717703134654073,1064,227,34,16,17,9,17,7
0.752107317073171,0.783389734626185,1085,206,41,43,18,13,23,30
0.700177584846093,0.706612029173884,1081,210,24,12,10,5,14,7
0.717890350243291,0.755250658893922,1048,243,33,48,15,9,18,39
0.736057708107398,0.778522369669138,1051,240,49,76,25,20,24,56
0.742354377779398,0.748491996482596,1078,213,44,19,19,7,25,12
0.760861310951239,0.815116254689777,1076,215,40,53,20,14,20,39
0.700774679061532,0.753999193396807,1042,249,36,48,18,11,18,37
0.767788885621876,0.825165275538882,1081,210,38,78,22,20,16,58
0.793245398508556,0.804408809173983,1072,219,37,16,22,9,15,7
0.697140178152836,0.730427084846578,1050,241,27,46,9,11,18,35
0.819370353257445,0.851032194844885,1079,212,38,96,23,24,15,72
0.6751255617235,0.717382678253226,1083,208,30,25,12,7,18,18
0.716905901116427,0.754419074932398,1047,244,37,38,18,12,19,26
0.78727576771055,0.815192580121855,1072,219,26,44,13,13,13,31
0.742575524833589,0.792825715187139,1081,210,31,50,13,10,18,40
0.684046345811052,0.748943840663333,1088,203,33,28,15,12,18,16
0.757539625186684,0.805360781879784,1076,215,33,72,18,16,15,56
0.790731707317073,0.826478142203293,1087,204,41,39,22,15,19,24
0.694218260096401,0.698791807553273,1059,232,34,21,14,8,20,13
0.729240235420011,0.779027360472328,1045,246,45,69,24,19,21,50
0.754163362410785,0.810441277624581,1053,238,30,53,17,12,13,41
0.715409333389339,0.746726364663735,1067,224,38,36,13,7,25,29
0.791997880233175,0.845917697681425,1065,226,33,90,18,25,15,65
0.743568330989217,0.785956670231579,1084,207,27,53,14,11,13,42
0.755920761398849,0.773611827918001,1072,219,36,25,14,11,22,14
0.709293394777266,0.757339095634013,1046,245,31,63,16,16,15,47
0.755487033523087,0.799109653355889,1049,242,51,56,26,19,25,37
0.743087557603687,0.745052182333435,1061,230,31,15,17,8,14,7
0.752458366375892,0.826537125862564,1062,229,30,79,19,22,11,57
0.780107317073171,0.833627150658082,1069,222,41,59,23,17,18,42
0.810706934935103,0.830375129615532,1067,224,38,65,24,22,14,43
0.71357622675514,0.745524886314326,1069,222,39,92,14,18,25,74
0.702675585284281,0.760322800935003,1090,201,26,84,12,18,14,66
0.730760975609756,0.774289042455441,1060,231,41,73,17,18,24,55
0.673370302775048,0.710236599788552,1076,215,34,44,13,13,21,31
0.831269087207329,0.855509038129145,1077,214,28,66,18,19,10,47
0.808233367056896,0.817037884586058,1045,246,33,12,21,8,12,4
0.754583712465878,0.796496229665375,1055,236,35,58,18,18,17,40
0.746136585365854,0.753085391931134,1053,238,41,16,21,8,20,8
0.669344842850819,0.671591612255321,1091,200,36,15,12,7,24,8
0.76384451544196,0.81446063817133,1083,208,39,89,19,20,20,69
0.749283154121864,0.750693292967631,1084,207,31,20,17,12,14,8
0.762516521279408,0.818690129773755,1071,220,30,54,16,15,14,39
0.713616204531902,0.770786149025792,1061,230,43,117,19,29,24,88
0.717584167424932,0.776852001027342,1074,217,35,96,16,19,19,77
0.796415770609319,0.837645358990526,1081,210,31,59,18,17,13,42
0.773546273546274,0.775597819156768,1064,227,37,21,16,10,21,11
0.743957503320053,0.749790056119404,1060,231,36,14,17,6,19,8
0.735665980593943,0.757455441710613,1068,223,38,106,19,24,19,82
0.725678773551114,0.757653947408579,1065,226,22,59,9,8,13,51
0.709276261907841,0.7525384323506,1077,214,37,64,16,19,21,45
0.728197674418605,0.769430697756388,1051,240,43,74,17,18,26,56
0.754595068431173,0.800394472775337,1070,221,28,64,13,13,15,51
0.753512596899225,0.756794755318803,1058,233,43,21,24,13,19,8
0.704469443599878,0.757055374781384,1079,212,26,58,12,13,14,45
0.723815179278362,0.788974803180554,1090,201,28,74,14,18,14,56
0.731216760676874,0.765242451213742,1065,226,50,79,18,21,32,58
0.711337825819252,0.757341063864336,1051,240,47,46,21,14,26,32
0.712941571806611,0.737885944482904,1078,213,38,23,17,11,21,12
0.731407169609417,0.762163227937201,1069,222,45,105,20,28,25,77
0.721841510534373,0.758961442921492,1067,224,44,83,18,22,26,61
0.811854646544877,0.857591580873871,1074,217,32,66,19,24,13,42
0.692954747531471,0.746703083708247,1092,199,34,40,15,11,19,29
0.781447222623693,0.800096736645683,1057,234,33,29,17,11,16,18
0.738451816745656,0.735969469510791,1088,203,25,16,10,6,15,10
0.729006794564348,0.735827956548016,1053,238,40,15,19,4,21,11
0.761845255597093,0.802443455895217,1072,219,38,58,16,18,22,40
0.658883075523203,0.682029878234153,1073,218,35,27,13,6,22,21
0.734542366107114,0.790046316793297,1077,214,40,62,19,18,21,44
0.783412635474491,0.800101384457145,1083,208,30,34,14,13,16,21
0.668798477622007,0.673324645838133,1072,219,33,14,13,5,20,9
0.82289449680754,0.817720506211945,1068,223,26,19,15,9,11,10
0.763677698270721,0.762731226698503,1064,227,43,21,22,12,21,9
0.715880232653396,0.779097140624207,1071,220,39,148,20,33,19,115
0.731994026111673,0.787707614213272,1070,221,33,47,15,13,18,34
0.751211240310078,0.789624236831088,1073,218,43,31,21,11,22,20
0.683382620564149,0.681937547228369,1066,225,35,19,12,7,23,12
0.745033587285984,0.746004766517821,1064,227,39,16,14,4,25,12
0.743623941223267,0.768188384752154,1027,264,34,28,16,14,18,14
0.698391845557543,0.743899928751907,1075,216,43,79,17,17,26,62
0.763976895555843,0.799534349150819,1058,233,37,75,18,19,19,56
0.821781654771345,0.851090862572181,1066,225,30,55,16,15,14,40
0.759713529634141,0.78341699269711,1026,265,38,32,23,14,15,18
0.790194543828265,0.815146827983435,1072,219,43,33,24,12,19,21
0.716250989707047,0.718266987119905,1093,198,28,14,11,8,17,6
0.740515056648778,0.763233193902543,1046,245,43,64,22,25,21,39
0.731858507734304,0.762895944041699,1066,225,35,35,17,10,18,25
0.760411670663469,0.795807245244775,1086,205,40,68,18,17,22,51
0.745944949619071,0.80434720074262,1059,232,39,74,20,24,19,50
0.731831113410061,0.776130602458833,1080,211,37,69,17,19,20,50
0.70988209432454,0.763536682608204,1064,227,40,81,20,18,20,63
0.743433179723502,0.782095993018453,1038,253,31,38,13,14,18,24
0.72137192704203,0.762931098183349,1051,240,30,36,16,14,14,22
0.719769291964996,0.76273598482765,1069,222,34,63,15,15,19,48
0.790492292182971,0.829717972901271,1092,199,38,88,19,25,19,63
0.794433377600708,0.837684200238837,1058,233,36,58,20,19,16,39
0.710520928116469,0.775453575128516,1076,215,35,100,17,25,18,75
0.843510622922388,0.867629535610182,1082,209,33,68,21,20,12,48
0.820948616600791,0.835621113760528,1077,214,26,21,15,12,11,9
0.74058149058149,0.780292811848117,1061,230,33,62,13,13,20,49
0.792889232065141,0.82277261768284,1067,224,34,49,21,18,13,31
0.855913978494624,0.888537666669331,1076,215,31,57,25,20,6,37
0.744499778663125,0.745138836334441,1029,262,36,20,17,10,19,10
0.713217825837634,0.718573418200273,1076,215,39,18,17,7,22,11
0.724027137736815,0.772394546159505,1048,243,31,20,21,10,10,10
0.682558654271802,0.714864453035256,1102,189,36,75,13,11,23,64
0.687628000327681,0.745175207182132,1041,250,39,39,18,14,21,25
0.778851261620186,0.781143069791957,1076,215,36,19,21,12,15,7
0.724744822951233,0.766371599032614,1040,251,38,54,18,17,20,37
0.728169678316124,0.756185144894756,1101,190,32,53,11,11,21,42
0.744409660107334,0.748001890080428,1057,234,43,17,20,6,23,11
0.771818990125883,0.802998941558962,1055,236,34,79,17,24,17,55
0.672200383733446,0.715570600702633,1059,232,34,103,11,20,23,83
0.758921490880254,0.803653648423716,1049,242,30,87,18,24,12,63
0.781911243280338,0.835918981058809,1052,239,42,65,23,23,19,42
0.765834613415259,0.792951274279052,1064,227,31,34,16,14,15,20
0.784086424625099,0.822623386873246,1051,240,24,87,15,32,9,55
0.738090224156489,0.786978962436081,1092,199,34,45,16,14,18,31
0.675278219395867,0.712718115728069,1061,230,33,49,14,13,19,36
0.7741526554577,0.816783684071315,1052,239,42,58,25,21,17,37
0.663060897435897,0.720436135490808,1082,209,43,100,14,22,29,78
0.686542718016822,0.734032639437771,1077,214,36,64,15,15,21,49
0.680220655141037,0.718786940234184,1064,227,35,45,13,9,22,36
0.710577986198483,0.769415895906631,1065,226,42,90,22,24,20,66
0.743706625285573,0.746781109397578,1051,240,37,24,17,13,20,11
0.7611373692679,0.812736090872106,1073,218,48,64,26,25,22,39
0.732117367168914,0.752966962836085,1081,210,30,19,16,8,14,11
0.736553784860558,0.752964638335199,1084,207,36,33,16,11,20,22
0.729110346522487,0.777520235334433,1071,220,39,99,20,29,19,70
0.733760062611807,0.766523290286696,1071,220,43,65,18,14,25,51
0.779034146341464,0.806685600027406,1044,247,41,33,23,16,18,17
0.684704682978164,0.746517843499559,1070,221,24,38,9,10,15,28
0.71512104486584,0.749323911774661,1082,209,29,25,13,8,16,17
0.783782712133228,0.813749390833673,1069,222,30,77,14,14,16,63
0.816446769790719,0.85734950120269,1087,204,35,144,22,37,13,107
0.738198950207771,0.789485179761244,1049,242,44,79,23,23,21,56
0.779818095607569,0.790972950573523,1073,218,37,21,18,9,19,12
0.741853658536585,0.801554231870843,1069,222,41,93,21,22,20,71
0.723078971082166,0.774285506475674,1058,233,39,89,19,21,20,68
0.748338714960925,0.782299069820987,1072,219,34,37,16,16,18,21
0.780375295081178,0.821178499934022,1080,211,33,92,15,23,18,69
0.63949246629659,0.680923263894673,1084,207,30,72,10,9,20,63
0.750775895512738,0.795015467476979,1051,240,37,40,21,13,16,27
0.728066075745367,0.766851476612928,1078,213,50,76,24,17,26,59
0.711111746540089,0.716763490783454,1058,233,42,16,19,9,23,7
0.80026015320133,0.830789845826317,1071,220,33,85,16,19,17,66
0.743368251410153,0.794054422372577,1054,237,50,74,25,22,25,52
0.745644134355103,0.789797584775485,1049,242,42,75,21,18,21,57
0.714888791737253,0.791607149685456,1045,246,29,87,14,16,15,71
0.714808153477218,0.740708851710635,1033,258,40,39,18,14,22,25
0.695584206285254,0.738153339579217,1062,229,50,74,22,20,28,54
0.800261917234154,0.852912197856181,1069,222,46,95,21,25,25,70
0.744737887212073,0.799697701244437,1060,231,32,55,17,18,15,37
0.71671147141597,0.784353693952476,1064,227,38,98,21,21,17,77
0.75174576490366,0.795363239399318,1080,211,37,101,18,29,19,72
0.67111310951239,0.72848116569378,1067,224,40,125,14,24,26,101
0.788685152057245,0.839251192975331,1053,238,43,88,24,30,19,58
0.74009756097561,0.790621562542978,1040,251,41,74,19,22,22,52
0.766990170770453,0.798188326997117,1083,208,32,35,14,11,18,24
0.787284196547145,0.80698620218703,1076,215,36,21,22,12,14,9
0.7386887835703,0.78321884562288,1042,249,25,23,13,6,12,17
0.744124700239808,0.80233573267727,1064,227,40,60,18,14,22,46
0.652712195121951,0.688333443251781,1064,227,41,102,14,20,27,82
0.775629907982849,0.822252021689985,1058,233,33,82,17,22,16,60
0.745987177687304,0.788362416054675,1090,201,34,119,15,24,19,95
0.759973785532891,0.808486692084486,1080,211,39,68,17,21,22,47
0.712977613689639,0.762485657848895,1070,221,27,45,13,10,14,35
0.701147016824983,0.738423214049824,1073,218,52,75,22,18,30,57
0.697468665519784,0.698346637781015,1072,219,39,18,12,4,27,14
0.720684588331647,0.760301790428239,1062,229,33,72,15,18,18,54
0.76703402124573,0.820137307447934,1068,223,34,105,15,24,19,81
0.743240592116997,0.817312810871781,1068,223,45,89,24,27,21,62
0.746747625064346,0.783743654947426,1082,209,34,31,19,11,15,20
0.818805107935543,0.878563992256945,1072,219,26,120,16,32,10,88
0.763414011810163,0.782472389089624,1043,248,44,29,19,11,25,18
0.694227042337508,0.741542678376804,1064,227,43,84,18,20,25,64
0.795462594068172,0.851225320293353,1051,240,36,121,20,37,16,84
0.749727024567789,0.790528718429429,1048,243,35,84,18,26,17,58
0.728971004770424,0.721792321916908,1076,215,43,15,18,6,25,9
0.730559506875296,0.744729065677029,1052,239,37,27,20,12,17,15
0.755857294994675,0.803719807167415,1078,213,39,30,20,10,19,20
0.73812351543943,0.741191847292284,1083,208,28,11,13,8,15,3
0.725495638382236,0.784895443062961,1090,201,30,79,13,19,17,60
0.745540061974325,0.789287031095773,1062,229,36,58,16,12,20,46
0.763424674367166,0.800729523530121,1040,251,39,67,18,13,21,54
0.770328633836378,0.808107545065541,1059,232,32,21,18,6,14,15
0.771841996982581,0.824134334820048,1098,193,23,38,10,9,13,29
0.791127162475477,0.813866659053491,1081,210,45,48,21,13,24,35
0.745053658536585,0.782675446891818,1073,218,41,91,21,19,20,72
0.709278350515464,0.782801638557462,1077,214,30,58,12,11,18,47
0.753986810551559,0.8081021693456,1040,251,40,45,24,22,16,23
0.677385550465583,0.694446596729993,1062,229,54,30,19,11,35,19
0.640730209281165,0.679158144145903,1061,230,35,120,12,23,23,97
0.768660208713557,0.794306628552176,1087,204,34,32,16,14,18,18
0.783638486114525,0.7860238706356,1066,225,39,24,25,14,14,10
0.747111010009099,0.800276128102261,1060,231,35,105,14,23,21,82
0.770506861443116,0.791839016774547,1068,223,36,39,19,9,17,30
0.699752132390465,0.735297835832208,1071,220,44,32,20,10,24,22
0.737837889359106,0.799173989946725,1042,249,42,103,19,28,23,75
0.733038061985431,0.772106767567988,1075,216,37,77,16,20,21,57
0.72456839309429,0.779162250842324,1058,233,36,78,17,24,19,54
0.782033586381413,0.82717373989301,1062,229,49,138,27,34,22,104
0.710327570518653,0.763586843252337,1072,219,35,54,16,17,19,37
0.686882867705555,0.753267013479393,1049,242,34,30,17,16,17,14
0.745353717026379,0.780727631244603,1053,238,40,48,17,11,23,37
0.661855670103093,0.709342343568722,1060,231,30,101,12,21,18,80
0.767173069566643,0.806561194711046,1056,235,29,54,16,16,13,38
0.759851542724225,0.795581288333837,1062,229,47,98,22,32,25,66
0.760697305863708,0.785257292743416,1077,214,29,128,14,28,15,100
0.780026015320133,0.781315024033292,1055,236,33,19,21,12,12,7
0.801932706256727,0.850894689933804,1061,230,34,84,22,21,12,63
0.723907055789967,0.728077502243981,1057,234,27,14,13,7,14,7
0.754403522818255,0.793282494104462,1082,209,42,63,15,18,27,45
0.726227245074641,0.792181989730998,1062,229,34,103,15,34,19,69
0.739718209381131,0.79256190297407,1062,229,45,65,21,15,24,50
0.714203190220632,0.768475260486931,1054,237,43,74,23,19,20,55
0.757544141252006,0.826465184940992,1043,248,45,56,25,17,20,39
0.719252740790524,0.748718421079863,1062,229,38,68,15,16,23,52
0.719178840194776,0.777520280547889,1059,232,36,84,19,21,17,63
0.709179274968749,0.712042343441821,1071,220,37,19,15,9,22,10
0.717242948134668,0.75508451812229,1062,229,35,51,12,8,23,43
0.778794953715081,0.807194577849783,1079,212,39,70,21,26,18,44
0.679220938805603,0.727782156014218,1057,234,39,112,13,26,26,86
0.795954941116231,0.833310557593006,1052,239,31,39,19,11,12,28
0.736438309967722,0.815050894974204,1061,230,33,103,16,21,17,82
0.683540175909362,0.686674087940345,1059,232,43,26,19,12,24,14
0.714781348888635,0.777330651444222,1067,224,42,52,21,15,21,37
0.734124815563692,0.775236466363117,1060,231,29,62,14,16,15,46
0.70663082437276,0.748420537039034,1055,236,31,31,12,6,19,25
0.678245667376102,0.742443809791028,1068,223,26,46,9,10,17,36
0.736596505162828,0.775129028149477,1084,207,32,73,12,12,20,61
0.720061763696672,0.764109114609275,1075,216,42,33,22,16,20,17
0.71593973037272,0.742284841785005,1078,213,30,25,13,9,17,16
0.760177276390008,0.792980707360072,1060,231,50,37,23,9,27,28
0.711616971641029,0.754876728041881,1054,237,44,109,22,31,22,78
0.782502280328367,0.816511126396652,1075,216,26,76,12,13,14,63
0.689318469323213,0.694438078035685,1053,238,51,34,21,10,30,24
0.695633432475538,0.727248062985264,1068,223,37,40,15,11,22,29
0.678506247367682,0.715436926055741,1100,191,34,73,11,12,23,61
0.677450980392157,0.72515215834855,1059,232,51,62,18,18,33,44
0.774870103916867,0.810368769452561,1045,246,40,39,22,15,18,24
0.617139916831184,0.656653955423587,1069,222,38,36,12,9,26,27
0.637407065148906,0.686303482460034,1069,222,38,59,12,14,26,45
0.735635156687788,0.765309756377449,1085,206,37,57,15,18,22,39
0.731759845288326,0.803708315975665,1055,236,27,82,15,25,12,57
0.650829336530776,0.655231812448607,1090,201,40,17,13,6,27,11
0.773655913978494,0.774725622306141,1077,214,31,16,13,7,18,9
0.680038671519563,0.713328338244938,1065,226,35,87,12,26,23,61
0.763043586179508,0.83668148290118,1068,223,32,121,17,28,15,93
0.808698539176627,0.852198772749529,1040,251,36,37,27,20,9,17
0.743323502908167,0.804616399454607,1065,226,39,88,20,22,19,66
0.789320978988254,0.82809064433716,1060,231,34,94,18,18,16,76
0.730480425749071,0.775857447871314,1058,233,44,78,24,22,20,56
0.739047339017936,0.799615820139952,1057,234,38,52,21,17,17,35
0.748608180965776,0.757292697946202,1067,224,27,9,16,5,11,4
0.725056235464562,0.722684409831379,1065,226,42,17,15,7,27,10
0.698894154818326,0.747259723915401,1040,251,25,20,9,2,16,18
0.773176096214142,0.810110458344764,1076,215,34,86,17,22,17,64
0.811553663727577,0.856860692219755,1077,214,26,57,19,22,7,35
0.807647438443209,0.805840995648254,1068,223,32,8,20,6,12,2
0.734428950863214,0.761317473111216,1042,249,36,47,16,13,20,34
0.7732451350278,0.815717946768407,1067,224,32,110,16,25,16,85
0.820208547790613,0.85036646962102,1071,220,42,40,25,13,17,27
0.758795468097794,0.811350660450514,1055,236,43,141,21,34,22,107
0.728614855934444,0.767938685286559,1053,238,30,44,15,14,15,30
0.706556097560976,0.707178297148425,1072,219,41,21,17,8,24,13
0.72694572452637,0.759801788220709,1076,215,31,29,15,10,16,19
0.807775690128631,0.861273860126716,1063,228,33,89,21,32,12,57
0.752920962199313,0.748791547815364,1060,231,30,17,14,6,16,11
0.762204055321144,0.810238141773439,1054,237,27,55,16,20,11,35
0.776671974522293,0.830708262681627,1055,236,35,94,21,26,14,68
0.811866890814259,0.834473570317939,1061,230,37,34,23,20,14,14
0.701398999090082,0.734398973641271,1064,227,35,78,14,16,21,62
0.778075304661457,0.794857529770148,1085,206,29,16,13,7,16,9
0.793857901726428,0.827925364942555,1098,193,36,42,20,12,16,30
0.747112310151879,0.818706458245161,1080,211,40,119,21,32,19,87
0.790945594389775,0.848584801552755,1048,243,28,152,16,33,12,119
0.725466476913346,0.774089583128386,1049,242,51,153,20,39,31,114
0.778556097560976,0.84060292418929,1037,254,41,120,22,24,19,96
0.70205688360212,0.70930902269928,1054,237,42,27,14,9,28,18
0.684166380723627,0.708219653803377,1063,228,42,104,16,27,26,77
0.691993911199289,0.72590515029656,1070,221,47,67,20,21,27,46
0.802394296389493,0.84740417840037,1068,223,42,52,27,21,15,31
0.741051926131851,0.775448146902563,1066,225,32,39,15,12,17,27
0.723222580468878,0.765614888797437,1077,214,29,83,11,16,18,67
0.768271663504111,0.817107076803518,1062,229,51,75,29,27,22,48
0.782014848950333,0.785577819990613,1075,216,31,10,14,6,17,4
0.714275213172596,0.772936877986458,1082,209,38,42,21,13,17,29
0.783875906526994,0.823088036468001,1067,224,50,51,29,24,21,27
0.838023935734193,0.851719483332229,1104,187,29,19,17,9,12,10
0.724170768870136,0.778841879588328,1058,233,27,67,12,16,15,51
0.771292624900872,0.787683122035279,1083,208,30,44,13,9,17,35
0.714110017889088,0.717327503874556,1054,237,43,21,20,7,23,14
0.789263124604681,0.825116669358021,1054,237,51,89,31,27,20,62
0.714221710189452,0.794079815450664,1088,203,31,99,16,24,15,75
0.657634963545507,0.664916493457306,1067,224,39,17,18,7,21,10
0.769925427820165,0.786397856345344,1060,231,37,25,18,13,19,12
0.743902169101372,0.795838350794755,1075,216,36,60,20,27,16,33
0.719415377616015,0.778663021034799,1060,231,35,119,14,26,21,93
0.741785903550609,0.742827423866264,1076,215,33,16,15,5,18,11
0.721140997456787,0.726795685218261,1051,240,37,18,19,9,18,9
0.664710547184774,0.665443709889804,1078,213,30,17,10,7,20,10
0.73487162461266,0.790349717861106,1072,219,36,49,17,12,19,37
0.738389458977694,0.783974973778289,1074,217,33,68,14,19,19,49
0.749906406476672,0.801377491083567,1062,229,34,135,17,32,17,103
0.727941463414634,0.758040608656156,1072,219,41,41,13,10,28,31
0.756126270733012,0.810471376359185,1033,258,45,53,26,14,19,39
0.765421861298563,0.809822429110748,1069,222,42,43,18,12,24,31
0.779655115917097,0.822649958812446,1063,228,39,70,21,21,18,49
0.708468292682927,0.748150436647903,1045,246,41,39,19,13,22,26
0.764163896516838,0.790701181191649,1060,231,33,32,17,10,16,22
0.771795121951219,0.801518516394339,1053,238,41,46,22,18,19,28
0.723403991262907,0.774249717110266,1047,244,32,70,14,15,18,55
0.728380787204317,0.77097748288463,1074,217,33,30,17,8,16,22
0.786003291729529,0.837865256722478,1094,197,23,124,12,22,11,102
0.726351493258286,0.759299025021579,1074,217,38,52,15,13,23,39
0.752844178840195,0.806944456115103,1040,251,36,68,20,21,16,47
0.754411265693926,0.801340906347355,1068,223,28,76,10,15,18,61
0.705773326779716,0.745700982016149,1056,235,39,71,12,21,27,50
0.754206245731669,0.766457254847613,1065,226,52,31,29,18,23,13
0.769226830517153,0.792911247904467,1080,211,31,20,18,9,13,11
0.664614773629865,0.716665542161332,1085,206,32,78,12,12,20,66
0.7,0.740872554672154,1069,222,26,44,13,14,13,30
0.746415770609319,0.782191901979054,1056,235,31,75,16,22,15,53
0.753209756097561,0.752960980987572,1051,240,41,19,22,13,19,6
0.75988398544131,0.791275340562874,1065,226,35,19,14,5,21,14
0.731287804878049,0.731419870709863,1077,214,41,20,20,9,21,11
0.748816918071576,0.790711539891037,1068,223,49,69,24,21,25,48
0.703217541059352,0.722025260596328,1061,230,38,19,17,5,21,14
0.738642385701209,0.739385004757065,1046,245,33,12,15,4,18,8
0.746883220862404,0.800272351481051,1077,214,42,80,21,20,21,60
0.646222200158856,0.687198342374864,1060,231,32,25,12,4,20,21
0.729982685198184,0.734106759309771,1064,227,34,16,14,6,20,10
0.760889654303356,0.83214803938748,1072,219,38,67,24,21,14,46
0.780887560867641,0.813750943672893,1085,206,36,95,18,15,18,80
0.792208942009739,0.791297874764346,1072,219,36,17,20,13,16,4
0.70710854397804,0.70430555404856,1041,250,42,22,19,8,23,14
0.768505459508644,0.808565437304438,1070,221,35,103,18,23,17,80
0.761293685464655,0.784689770970924,1084,207,32,37,16,12,16,25
0.813440221694378,0.837137353600021,1068,223,28,22,17,10,11,12
0.775905225620628,0.779201495830225,1082,209,23,7,10,3,13,4
0.78541856232939,0.810363087333838,1067,224,35,50,12,11,23,39
0.774260691537761,0.809647954775824,1073,218,35,54,18,12,17,42
0.757348736131763,0.815276743751933,1063,228,42,104,22,22,20,82
0.800089356632248,0.846181401008381,1056,235,32,55,21,24,11,31
0.754299754299754,0.763876550416396,1067,224,37,18,18,7,19,11
0.739251592356688,0.77380058770343,1059,232,35,49,15,13,20,36
0.73229449545239,0.766624619877705,1082,209,37,25,17,9,20,16
0.746262390431719,0.791206030032914,1047,244,39,78,17,21,22,57
0.6943681649564,0.750595218665,1058,233,33,85,15,23,18,62
0.736980060238667,0.741371622665745,1067,224,42,23,24,12,18,11
0.757028112449799,0.81797372356209,1067,224,46,119,27,28,19,91
0.736524482238376,0.739094324854575,1061,230,23,14,10,7,13,7
0.69099696895224,0.727082251942042,1049,242,39,119,16,27,23,92
0.706165853658537,0.769582562896471,1081,210,41,93,16,23,25,70
0.743236199364575,0.741486401468195,1074,217,32,17,14,10,18,7
0.751953764799476,0.7811078575603,1061,230,34,72,17,18,17,54
0.734339852834649,0.772710186903312,1043,248,42,82,22,19,20,63
0.744178840194776,0.743422726456848,1046,245,36,14,17,5,19,9
0.731407646193869,0.775081158222968,1060,231,28,73,12,21,16,52
0.72690349712262,0.739424567310263,1080,211,36,18,16,7,20,11
0.799806642402184,0.834263886028752,1051,240,35,106,19,32,16,74
0.739260143198091,0.807542407007678,1050,241,34,101,15,27,19,74
0.721249359959037,0.745558882414407,1086,205,31,135,10,16,21,119
0.76379058794313,0.800374524826022,1079,212,52,81,24,23,28,58
0.770819512195122,0.81171687130472,1072,219,41,87,19,25,22,62
0.752436258243374,0.805721041676747,1076,215,38,45,20,17,18,28
0.678458319194661,0.69448104070542,1103,188,28,20,11,7,17,13
0.711907436005428,0.769391510000933,1073,218,34,47,17,7,17,40
0.784407319013524,0.831094865485672,1057,234,34,120,20,35,14,85
0.704448467606362,0.733202715552494,1057,234,37,39,16,14,21,25
0.757500323289797,0.764968690951219,1086,205,37,21,17,10,20,11
0.774485715662186,0.773760329821584,1056,235,33,14,17,8,16,6
0.817780337941628,0.843370435247274,1085,206,31,52,15,15,16,37
0.727379782092242,0.765449522938069,1038,253,39,80,17,22,22,58
0.758845366103431,0.814703811937594,1055,236,31,95,18,32,13,63
0.788727779143115,0.840144280367463,1074,217,39,80,18,23,21,57
0.80785999903647,0.847627954482568,1070,221,33,88,22,22,11,66
0.745001470155837,0.810611363174525,1057,234,38,100,23,23,15,77
0.752119766825649,0.807970740009336,1079,212,33,69,16,12,17,57
0.750273028941068,0.760477176365375,1046,245,38,18,22,11,16,7
0.690648808060949,0.723064253432431,1072,219,39,29,15,6,24,23
0.751099723899106,0.787081369752665,1070,221,34,71,15,15,19,56
0.659744408945687,0.71757022819124,1077,214,39,48,16,9,23,39
0.756635536986975,0.806908378254059,1072,219,39,59,21,23,18,36
0.718262184100694,0.73882900009766,1082,209,49,37,19,11,30,26
0.773191537761602,0.835513991322887,1068,223,35,59,16,16,19,43
0.794393241167435,0.829678065623782,1059,232,31,97,19,30,12,67
0.753005640612409,0.802902697475489,1075,216,50,56,27,18,23,38
0.742322565969063,0.790334655474203,1063,228,35,78,17,21,18,57
0.795540756067072,0.855008152708029,1079,212,37,65,23,14,14,51
0.689829605963791,0.692323069871676,1080,211,39,16,17,6,22,10
0.70360244122225,0.744164359535848,1056,235,39,35,17,12,22,23
0.773053658536585,0.775857232953408,1055,236,41,15,23,10,18,5
0.797068458833165,0.833579013788928,1074,217,33,90,19,21,14,69
0.727561786385316,0.811778043503054,1070,221,33,110,20,22,13,88
0.653907496012759,0.656433533019543,1053,238,37,17,14,9,23,8
0.763287210655632,0.794647251317978,1071,220,37,58,19,20,18,38
0.756434852118305,0.769719254869329,1055,236,40,16,17,7,23,9
0.741954521366286,0.739574778546383,1064,227,33,14,15,4,18,10
0.69701280227596,0.699611116785977,1069,222,37,13,16,6,21,7
0.700284672728762,0.745457945867751,1092,199,39,31,16,11,23,20
0.740032289765548,0.774829995228032,1059,232,34,31,18,11,16,20
0.746540089214229,0.799809792016494,1073,218,42,88,21,17,21,71
0.736422756155679,0.77336662866794,1068,223,32,95,15,21,17,74
0.741021388539403,0.77517045631294,1074,217,42,76,15,20,27,56
0.819976501448166,0.862829487680306,1050,241,29,86,20,31,9,55
0.811134100607785,0.833845783643342,1064,227,37,28,23,13,14,15
0.740356930103257,0.802509492630286,1067,224,32,34,18,12,14,22
0.806164695177434,0.840728901960171,1078,213,35,57,20,23,15,34
0.770439035486806,0.806740410074448,1074,217,35,65,14,13,21,52
0.756085077343039,0.806674940507392,1052,239,35,133,16,29,19,104
0.758386581469649,0.810916397204956,1066,225,39,63,24,19,15,44
0.745647721454173,0.793727477605127,1053,238,31,26,16,10,15,16
0.662747437877299,0.681504141438646,1056,235,34,17,11,6,23,11
0.689875704581587,0.724792702424978,1083,208,33,27,16,11,17,16
0.688350680544435,0.747590692442247,1045,246,42,73,19,21,23,52
0.73377600708278,0.740470453131696,1049,242,36,20,18,8,18,12
0.7496152700556,0.777388887002929,1071,220,32,33,16,11,16,22
0.715331976020812,0.749960161666436,1056,235,28,26,14,10,14,16
0.70195102862254,0.755552482545358,1059,232,43,106,17,25,26,81
0.658724520465599,0.718451356580753,1082,209,29,78,9,14,20,64
0.76267153607791,0.818324202560865,1094,197,36,70,19,16,17,54
0.736265991653554,0.793085487154598,1038,253,47,74,27,26,20,48
0.725046704029891,0.723069044719391,1058,233,42,16,20,7,22,9
0.741015079250374,0.805145881548958,1071,220,33,107,17,26,16,81
0.685077343039126,0.703174104029714,1072,219,35,21,12,5,23,16
0.803812549642573,0.847970472734814,1057,234,32,103,19,27,13,76
0.782823741007194,0.815488547651113,1070,221,40,71,21,28,19,43
0.744751038856893,0.751182858347746,1068,223,44,22,20,9,24,13
0.733895131086142,0.746964631587326,1062,229,45,30,19,15,26,15
0.727648785695223,0.771139659302867,1082,209,42,54,18,12,24,42
0.746497911034652,0.803939696871301,1079,212,39,106,19,30,20,76
0.7949484294421,0.827222621341957,1078,213,27,48,15,16,12,32
0.720614586907621,0.800488227530048,1097,194,42,49,19,15,23,34
0.749788527623579,0.782104886239625,1080,211,30,33,11,8,19,25
0.778388625592417,0.840605102196334,1067,224,25,89,16,21,9,68
0.740067945643485,0.803076161375209,1032,259,40,91,22,28,18,63
0.737883605530664,0.775722558872174,1063,228,33,41,14,10,19,31
0.78827650013217,0.815902901729088,1090,201,30,84,14,20,16,64
0.737241147561641,0.793014178302144,1063,228,38,85,18,19,20,66
0.754083101667991,0.790201830234033,1091,200,32,121,14,26,18,95
0.728231820337084,0.769876018846439,1067,224,37,84,17,17,20,67
0.73516312366796,0.792083459597931,1098,193,29,153,12,25,17,128
0.744762705289021,0.747502696872463,1073,218,37,16,15,7,22,9
0.72422937177684,0.765061296912449,1080,211,27,51,10,11,17,40
0.767817618415228,0.76528775243522,1057,234,36,13,20,6,16,7
0.739069608735214,0.795010196349918,1051,240,35,65,18,20,17,45
0.65207115142904,0.700338217831727,1056,235,29,68,9,23,20,45
0.759622985709942,0.802074023280912,1090,201,26,48,11,11,15,37
0.735773784454116,0.790688333449554,1067,224,34,67,19,19,15,48
0.753892682926829,0.789228842600666,1076,215,41,90,17,21,24,69
0.773707317073171,0.800106832575944,1045,246,41,73,25,19,16,54
0.725463414634146,0.789268737310196,1098,193,41,106,18,19,23,87
0.739160839160839,0.797396010818776,1085,206,26,41,11,10,15,31
0.71369741213908,0.781111475672331,1076,215,34,55,14,15,20,40
0.797202797202797,0.826790649679052,1034,257,26,21,18,8,8,13
0.746577614807054,0.778050823828133,1060,231,46,37,21,13,25,24
0.739991328226622,0.777117198724658,1100,191,33,65,12,13,21,52
0.692738378011537,0.740452118930018,1064,227,28,39,11,10,17,29
0.73686365648517,0.766145718542541,1075,216,36,23,15,7,21,16
0.763496026828024,0.7934409020164,1055,236,44,37,23,14,21,23
0.770075453816432,0.801883532016447,1069,222,44,62,23,18,21,44
0.684284028324154,0.734298385360471,1089,202,20,51,8,13,12,38
0.775884736411052,0.836193665014447,1073,218,37,77,21,21,16,56
0.735560975609756,0.787316970338975,1047,244,41,57,20,20,21,37
0.746573594809361,0.782805877849004,1084,207,44,82,15,18,29,64
0.74520333192943,0.774423283247898,1056,235,34,22,18,11,16,11
0.680713655647499,0.739376052382083,1079,212,38,37,13,11,25,26
0.780914912629071,0.779168301369246,1050,241,32,12,18,6,14,6
0.776708633093525,0.775959870722962,1049,242,40,23,22,14,18,9
0.761170841435053,0.805801559067246,1031,260,42,122,23,25,19,97
0.801836989477439,0.848132138141716,1070,221,45,88,26,20,19,68
0.614575653313672,0.645590136264427,1092,199,39,41,9,7,30,34
0.767855715427658,0.769232889148489,1091,200,40,18,22,7,18,11
0.691466826538769,0.742214940956401,1087,204,40,60,17,14,23,46
0.775191646841132,0.825602657194551,1069,222,30,55,16,11,14,44
0.759240358679011,0.766449738639085,1056,235,44,27,22,10,22,17
0.610848283771606,0.637156625746911,1060,231,39,62,13,11,26,51
0.754526842584167,0.792248472978484,1073,218,35,53,16,16,19,37
0.683229880598302,0.685897430920188,1071,220,37,15,13,4,24,11
0.737892872952634,0.777578950684147,1070,221,36,41,18,19,18,22
0.703984122316966,0.780700152608587,1096,195,38,161,18,33,20,128
0.725550416726887,0.757968176264898,1073,218,33,67,12,15,21,52
0.659437208159253,0.707341153410689,1088,203,39,52,13,11,26,41
0.718889765851092,0.758770418264991,1071,220,24,88,6,13,18,75
0.729117102828443,0.781317167722689,1060,231,30,30,17,10,13,20
0.672942315329627,0.740346232712698,1048,243,32,57,12,17,20,40
0.745509093619559,0.804343957582836,1050,241,43,102,24,29,19,73
0.801927172933563,0.826194859007423,1046,245,39,43,23,15,16,28
0.718468468468468,0.722335544150045,1057,234,37,11,20,8,17,3
0.737879638729,0.79759597617739,1071,220,34,131,15,30,19,101
0.709206215250198,0.777072074506402,1095,196,32,109,15,20,17,89
0.702899059385091,0.719596049155477,1074,217,34,67,9,17,25,50
0.767909066878139,0.805413642943187,1071,220,30,48,17,16,13,32
0.760627126475407,0.804252430472893,1070,221,38,88,17,20,21,68
0.723341938046068,0.76334219074112,1057,234,32,75,14,17,18,58
0.737019969278034,0.797145088337705,1075,216,31,103,15,26,16,77
0.762286536934075,0.800176908921827,1046,245,32,80,18,23,14,57
0.681508112094395,0.740890829543942,1079,212,48,99,20,21,28,78
0.734809372517871,0.759452960408002,1041,250,32,65,17,20,15,45
0.757864816688346,0.793153960725776,1048,243,33,50,18,12,15,38
0.75331541218638,0.808066819408721,1084,207,31,95,14,13,17,82
0.773778129395218,0.81250005108032,1094,197,27,62,13,19,14,43
0.738643964730921,0.798688903676559,1073,218,26,28,12,6,14,22
0.754083665338645,0.802809137385437,1066,225,36,71,17,17,19,54
0.735354390950325,0.781165719280071,1068,223,29,35,15,13,14,22
0.73230411686587,0.751047086522467,1057,234,36,26,17,9,19,17
0.75441818903892,0.791343303544649,1061,230,32,33,15,10,17,23
0.758128599548006,0.801952683539668,1064,227,44,48,24,13,20,35
0.661047107014849,0.704455220566763,1070,221,31,64,8,11,23,53
0.714914127942346,0.749036440186476,1051,240,34,51,14,15,20,36
0.745544579030977,0.788073151287664,1081,210,32,36,15,8,17,28
0.774874886260237,0.82396980556585,1073,218,35,68,20,20,15,48
0.713124604680582,0.716179939274798,1068,223,51,13,23,7,28,6
0.615287235900122,0.63040139363395,1082,209,46,28,14,8,32,20
0.716039024390244,0.764807739923643,1068,223,41,65,20,24,21,41
0.733420639078051,0.736242795081121,1067,224,46,15,27,8,19,7
0.738023729150119,0.76320111159047,1065,226,32,16,13,5,19,11
0.734806893133554,0.797874221191075,1059,232,42,89,22,21,20,68
0.771163069544365,0.82417768183945,1084,207,40,99,23,30,17,69
0.716276978417266,0.775694095235497,1070,221,40,85,16,17,24,68
0.745258867862702,0.798039916707443,1051,240,39,72,16,18,23,54
0.730184331797235,0.731723838654422,1080,211,31,13,11,5,20,8
0.777743940857731,0.816817340343187,1079,212,38,71,20,16,18,55
0.697115384615385,0.722769659648744,1070,221,43,59,14,11,29,48
0.733687804878049,0.778790036442725,1053,238,41,58,19,16,22,42
0.783787261921475,0.83004224803647,1096,195,34,95,16,23,18,72
0.761045734729945,0.761649801005365,1074,217,37,18,18,10,19,8
0.724280575539568,0.780350199997465,1062,229,40,69,22,23,18,46
0.700292686135228,0.762594368991817,1046,245,24,30,10,9,14,21
0.726302857881805,0.763382587569413,1067,224,37,49,18,14,19,35
0.729758240667196,0.801053503031431,1061,230,32,86,17,31,15,55
0.753506191420948,0.806621169252931,1057,234,47,129,24,31,23,98
0.74257279344859,0.800790589807746,1059,232,35,77,17,24,18,53
0.70695081069987,0.752819375961266,1054,237,47,60,24,18,23,42
0.699055869583026,0.726010660270582,1070,221,39,149,16,28,23,121
0.747521323904644,0.782712164453958,1078,213,44,48,22,17,22,31
0.758189464364763,0.814392982635761,1043,248,36,36,22,18,14,18
0.666509516326174,0.706584737706559,1079,212,46,90,14,17,32,73
0.732014182774791,0.778426829102516,1088,203,42,111,20,23,22,88
0.750852146967685,0.823857080981843,1044,247,36,70,22,21,14,49
0.785655778395552,0.82207584959373,1051,240,32,49,17,17,15,32
0.783591077708725,0.833534791630945,1067,224,33,57,18,14,15,43
0.70729756097561,0.750912179887825,1066,225,41,67,17,17,24,50
0.723930855315747,0.769046235611879,1069,222,40,54,23,21,17,33
0.700898497823951,0.752899892614571,1038,253,34,126,14,30,20,96
0.777371869477133,0.817881465443004,1054,237,37,29,23,10,14,19
0.816205803595825,0.83500507122784,1081,210,29,32,15,15,14,17
0.723093414269885,0.764299690925796,1042,249,33,77,16,14,17,63
0.694617129415718,0.764890076552961,1077,214,38,91,20,23,18,68
0.742663414634147,0.788471417558003,1083,208,41,84,14,15,27,69
0.769941613811064,0.772194066907243,1085,206,38,20,19,8,19,12
0.717551622418879,0.788252933798751,1093,198,48,84,23,18,25,66
0.760852407261247,0.801211649258971,1077,214,24,44,9,10,15,34
0.726408090117768,0.733564678444924,1062,229,31,10,16,3,15,7
0.724955321683876,0.786474209164951,1050,241,32,132,13,26,19,106
0.72084561748327,0.768414943838678,1076,215,34,66,15,16,19,50
0.776608980884515,0.785132461865972,1052,239,28,17,13,8,15,9
0.729681193131285,0.778236936484042,1068,223,47,79,18,21,29,58
0.749979519947571,0.7964867565599,1084,207,39,44,19,15,20,29
0.738824949351265,0.778987853042798,1061,230,37,75,17,19,20,56
0.726300616787342,0.774114298697821,1083,208,48,66,20,13,28,53
0.802085521065233,0.8406726995714,1058,233,38,127,21,32,17,95
0.741222760290557,0.774140650457164,1073,218,52,76,21,19,31,57
0.79615279111233,0.830655066938881,1045,246,23,55,14,18,9,37
0.688966356795042,0.718297193993262,1046,245,36,38,14,14,22,24
0.75251217352811,0.788550304623916,1058,233,36,57,18,18,18,39
0.704247562873761,0.754721487291701,1065,226,39,29,19,13,20,16
0.784737682194313,0.835515142163678,1047,244,38,64,16,21,22,43
0.739530943463528,0.798416119717032,1066,225,45,55,23,16,22,39
0.725704045058884,0.777137597189525,1055,236,31,50,15,20,16,30
0.713311338855351,0.768108572706088,1067,224,34,64,14,15,20,49
0.713617186859998,0.766808877811571,1057,234,39,104,18,28,21,76
0.767440641935387,0.770661883740356,1066,225,54,21,26,6,28,15
0.66432591944915,0.729199697459059,1064,227,29,41,10,5,19,36
0.795915324985092,0.826714508085663,1083,208,43,48,22,16,21,32
0.763182438580528,0.809633059811999,1067,224,35,71,17,19,18,52
0.718511573774732,0.771956639508793,1068,223,37,51,18,14,19,37
0.708735585947975,0.757145332822347,1073,218,48,94,19,16,29,78
0.75100384571881,0.802463559622998,1048,243,28,48,15,14,13,34
0.697089420097388,0.7419667716408,1067,224,36,64,17,20,19,44
0.720097388224878,0.762363238527302,1067,224,36,74,19,22,17,52
0.730675614194722,0.77238326126552,1071,220,35,47,14,12,21,35
0.744374757532652,0.772413344628798,1078,213,37,23,14,8,23,15
0.693603364320496,0.738752235208992,1068,223,36,98,12,19,24,79
0.731214820481994,0.736525434217805,1045,246,29,11,16,5,13,6
0.749485445457218,0.789662509694544,1082,209,38,46,15,15,23,31
0.708248501300758,0.752566987608631,1082,209,28,33,10,7,18,26
0.754517900034313,0.806736433825496,1079,212,42,120,22,26,20,94
0.724799943843886,0.730264309436209,1056,235,34,15,14,5,20,10
0.775520520247008,0.830386810185999,1052,239,29,106,15,24,14,82
0.741137090327738,0.797334784760937,1037,254,40,71,22,26,18,45
0.775,0.823039849013496,1057,234,31,42,14,10,17,32
0.681661608132196,0.743514648127113,1059,232,33,57,11,17,22,40
0.757900780053948,0.788407399445691,1069,222,44,96,22,24,22,72
0.745970478452664,0.796013215087792,1090,201,28,40,15,12,13,28
0.708362581309373,0.710338657208298,1040,251,34,19,17,8,17,11
0.782901204227083,0.838147054739434,1086,205,39,107,21,31,18,76
0.700655281969817,0.736505848600126,1071,220,32,115,9,16,23,99
0.76984126984127,0.82851827410948,1085,206,31,84,19,27,12,57
0.728748997594226,0.791303798218228,1075,216,44,55,23,18,21,37
0.770206641503679,0.817443344367477,1069,222,42,95,23,27,19,68
0.717843441527652,0.760920493413266,1069,222,37,101,14,21,23,80
0.808019757744241,0.80939852377935,1062,229,32,15,18,10,14,5
0.752836487261407,0.786750461687441,1082,209,39,100,18,18,21,82
0.766035173929911,0.795370988489735,1059,232,37,42,14,12,23,30
0.749556414922657,0.79305637730322,1076,215,35,40,17,14,18,26
0.737605135015494,0.7409343664513,1047,244,36,20,16,10,20,10
0.768508119238149,0.806902633089525,1066,225,34,102,16,23,18,79
0.76180832226649,0.797307559917423,1054,237,36,87,17,22,19,65
0.680436613786326,0.726792029898773,1075,216,34,42,14,12,20,30
0.728263839554074,0.775796479356111,1053,238,29,57,14,17,15,40
0.707354979627841,0.775349766921566,1049,242,38,52,16,10,22,42
0.743266606005459,0.762985268069452,1093,198,35,59,12,12,23,47
0.758378131076289,0.797031494123877,1056,235,42,48,22,21,20,27
0.650477185221594,0.681725666829254,1070,221,39,43,10,10,29,33
0.780272654370489,0.810077109250891,1065,226,44,33,24,16,20,17
0.795632393084623,0.843397165276152,1098,193,35,43,20,15,15,28
0.737370103916867,0.78431795681061,1066,225,40,71,21,18,19,53
0.693946603224954,0.736392202093914,1049,242,30,27,13,9,17,18
0.793912896854073,0.829771995793877,1051,240,33,37,15,11,18,26
0.721268954509178,0.745309179595171,1086,205,38,48,13,10,25,38
0.715715429486446,0.782008290594432,1037,254,42,92,21,30,21,62
0.798983475454064,0.843364783891953,1072,219,33,78,19,21,14,57
0.721945810971974,0.77778857857369,1094,197,43,54,19,12,24,42
0.725746514075243,0.784079524418083,1082,209,24,41,10,12,14,29
0.762488337998134,0.801731366085098,1044,247,61,70,36,20,25,50
0.784600614439324,0.787594438351925,1020,271,31,20,17,13,14,7
0.750832053251408,0.793528998335475,1066,225,31,125,17,31,14,94
0.783034146341463,0.792603899454221,1061,230,41,23,23,13,18,10
0.78871181938911,0.833934121599739,1041,250,36,81,21,26,15,55
0.760709827001962,0.762336150708642,1059,232,45,23,22,12,23,11
0.694060419866872,0.719670841851414,1088,203,31,77,11,15,20,62
0.672310335712398,0.711066481712149,1047,244,30,75,13,18,17,57
0.81410650281618,0.847607091485166,1068,223,31,40,18,14,13,26
0.724761843182896,0.741485378784643,1063,228,37,20,17,12,20,8
0.821048321048321,0.85923297842503,1071,220,33,41,16,7,17,34
0.779554263565891,0.830663026271086,1065,226,43,104,23,30,20,74
0.746387586259484,0.785870438783959,1086,205,42,57,19,14,23,43
0.794776746335111,0.855738895998972,1089,202,38,108,25,33,13,75
0.753069121964238,0.752982541781391,1037,254,42,27,20,12,22,15
0.790153317472905,0.826524128694672,1084,207,30,38,17,10,13,28
0.730412901749971,0.77337873506049,1048,243,42,45,22,19,20,26
0.798791414083648,0.841706996499448,1065,226,42,68,23,19,19,49
0.710796821462419,0.780142157428368,1075,216,44,123,20,27,24,96
0.691718822195153,0.742748474301352,1068,223,38,69,17,16,21,53
0.70182089301466,0.758372313829105,1060,231,38,109,15,23,23,86
0.772649632645421,0.772905685071456,1059,232,34,15,18,9,16,6
0.753288047405695,0.786254462527791,1057,234,33,69,17,23,16,46
0.683212010919017,0.733606992370524,1080,211,35,55,14,7,21,48
0.731086439333862,0.784554432962238,1049,242,30,112,16,25,14,87
0.824065540194572,0.825878307854766,1061,230,31,14,22,11,9,3
0.724741447891806,0.763815362402974,1067,224,34,29,13,11,21,18
0.745122127475069,0.797216620642585,1072,219,33,46,18,12,15,34
0.751979668271803,0.778929209974218,1069,222,45,42,21,14,24,28
0.751180324709736,0.752324230138258,1066,225,33,18,17,10,16,8
0.748218235438683,0.775963987372202,1065,226,39,93,20,30,19,63
0.693808543705633,0.736335718241698,1072,219,38,70,16,20,22,50
0.738757115749526,0.805173126403544,1040,251,51,52,30,21,21,31
0.680155833216341,0.725288476132381,1066,225,34,110,13,23,21,87
0.722189915851406,0.724071103537267,1069,222,47,12,22,6,25,6
0.756478086258076,0.781308435504385,1091,200,46,57,17,12,29,45
0.727666245495811,0.782671517148361,1051,240,34,54,15,16,19,38
0.68311894782483,0.729739827960843,1071,220,33,37,12,11,21,26
0.799239890544238,0.802752317432093,1070,221,26,9,15,3,11,6
0.740078048780488,0.741302928633575,1073,218,41,17,17,7,24,10
0.728434130332865,0.76642685913648,1082,209,27,72,13,15,14,57
0.806554756195044,0.818863255635103,1077,214,40,21,26,13,14,8
0.810388580491673,0.83871661574283,1093,198,30,42,15,13,15,29
0.710281774580336,0.713124858388721,1055,236,40,25,17,11,23,14
0.771990243902439,0.816104431140255,1081,210,41,95,20,18,21,77
0.732861203449439,0.77625724832786,1076,215,33,139,13,30,20,109
0.731549035157283,0.770116011470645,1049,242,30,43,12,11,18,32
0.725686144311642,0.783269257275985,1054,237,36,53,18,14,18,39
0.665488080484071,0.720593573230784,1069,222,44,93,18,22,26,71
0.704401163266978,0.744408880357522,1064,227,39,109,17,21,22,88
0.742989348699145,0.776530707400833,1065,226,46,41,21,15,25,26
0.696894857029388,0.698122035269771,1056,235,32,17,13,9,19,8
0.747873066424022,0.765590681908704,1052,239,35,22,19,9,16,13
0.792140966942496,0.797835304896066,1062,229,38,14,21,8,17,6
0.724612660469234,0.745114534122461,1063,228,36,20,15,6,21,14
0.698717948717949,0.768126796227641,1062,229,30,72,16,23,14,49
0.767254444171377,0.797690693574601,1062,229,39,47,17,11,22,36
0.655948589626934,0.6910370317231,1049,242,35,58,12,21,23,37
0.783432934926959,0.82889311459958,1085,206,36,125,19,30,17,95
0.712991949910554,0.725973575043927,1077,214,43,19,17,4,26,15
0.748330875727042,0.801132614285185,1069,222,39,60,22,21,17,39
0.643502269642941,0.696405214784399,1065,226,34,84,11,12,23,72
0.745382165605096,0.783125398016848,1049,242,35,65,20,25,15,40
0.660705503032953,0.699342038267072,1098,193,29,31,10,6,19,25
0.739014460199354,0.740515681784131,1078,213,34,19,16,8,18,11
0.77950420540062,0.804306103951867,1075,216,36,31,14,9,22,22
0.699038751670331,0.70903174406484,1067,224,37,19,16,11,21,8
0.76600664835959,0.809929645245414,1063,228,33,66,20,25,13,41
0.680425933280381,0.714039874224506,1052,239,32,23,12,9,20,14
0.763092076139885,0.821461533916694,1080,211,36,74,19,20,17,54
0.810391686650679,0.811031290768885,1090,201,40,18,21,10,19,8
0.729333484986351,0.774423903709595,1063,228,35,38,17,10,18,28
0.760846902303415,0.796530900078875,1079,212,32,32,15,10,17,22
0.705555555555555,0.763674125968271,1091,200,31,31,14,6,17,25
0.655836458468037,0.68765422109059,1056,235,37,40,11,9,26,31
0.701931878402467,0.735681421989122,1079,212,33,48,11,7,22,41
0.721575853928795,0.759186285099413,1091,200,33,29,14,9,19,20
0.747419513393954,0.794215632667751,1059,232,39,49,21,14,18,35
0.701964037027935,0.706376172545715,1068,223,39,23,18,10,21,13
0.811299247454626,0.859561407414962,1088,203,36,50,19,16,17,34
0.816607284243864,0.840768920021747,1071,220,28,71,18,22,10,49
0.711281224818695,0.74527492698927,1055,236,50,97,22,26,28,71
0.77351816918189,0.820144252119748,1089,202,32,39,17,8,15,31
0.725557057426067,0.781716756271266,1057,234,39,54,20,20,19,34
0.690434485896269,0.722281140288681,1077,214,35,59,11,13,24,46
0.752021839594514,0.815484885139345,1082,209,43,79,20,23,23,56
0.775106731532963,0.824622314137473,1075,216,32,122,14,31,18,91
0.66143204957946,0.707448890390896,1056,235,36,54,11,11,25,43
0.775389902194026,0.829046608611334,1070,221,30,53,17,12,13,41
0.732748384843723,0.797671615006051,1044,247,46,99,23,36,23,63
0.676856991805445,0.709114193213526,1059,232,30,85,8,11,22,74
0.69986896906734,0.767156150452369,1097,194,34,45,16,9,18,36
0.766283663342487,0.831097716425845,1072,219,33,73,19,15,14,58
0.716320553780618,0.74027701518135,1067,224,39,41,14,15,25,26
0.732826960013969,0.770212567342386,1069,222,46,72,24,15,22,57
0.682126191421763,0.686663557124171,1085,206,32,17,15,8,17,9
0.740324769525949,0.808923113727237,1075,216,34,120,17,34,17,86
0.751562567352041,0.788682197368753,1071,220,37,55,16,14,21,41
0.78074686940966,0.819946193992372,1052,239,43,62,22,20,21,42
0.731145658671721,0.781090763416754,1064,227,44,84,23,25,21,59
0.672829268292683,0.735665271345312,1075,216,41,61,15,14,26,47
0.748323092677932,0.791013220318713,1061,230,31,43,14,12,17,31
0.813678618857902,0.814319287867347,1045,246,36,12,20,7,16,5
0.776671953476077,0.818095662307294,1041,250,30,30,19,12,11,18
0.704164437310505,0.767331674561623,1052,239,45,63,23,17,22,46
0.839567735941855,0.859439421622861,1044,247,29,124,20,33,9,91
0.789044186591655,0.838151922280458,1031,260,27,84,18,24,9,60
0.681742747532221,0.738458467477724,1072,219,37,51,15,14,22,37
0.689316819364325,0.738445643644768,1098,193,28,32,9,7,19,25
0.739887147813489,0.795929599281519,1075,216,42,101,17,28,25,73
0.682701240504946,0.685387115625275,1067,224,29,16,12,4,17,12
0.767584429349135,0.806427888919389,1078,213,33,67,16,20,17,47
0.735492454618357,0.777146540601939,1067,224,44,85,21,24,23,61
0.678029268292683,0.721887759669278,1063,228,41,63,18,16,23,47
0.720117246433036,0.782001625714231,1077,214,37,62,21,21,16,41
0.752372693549164,0.801118401391528,1043,248,33,60,17,16,16,44
0.696927795655672,0.719413033239255,1052,239,48,38,21,14,27,24
0.749026117751217,0.801801425818375,1084,207,36,48,18,15,18,33
0.708280686976461,0.757243790299981,1064,227,34,63,14,15,20,48
0.698259781619654,0.701105139883772,1090,201,35,18,11,7,24,11
0.697503121098627,0.736677852734226,1088,203,45,57,16,14,29,43
0.777559144676979,0.813853882143985,1066,225,35,54,17,14,18,40
0.764903659640502,0.792982115108181,1048,243,37,50,19,20,18,30
0.73299741858618,0.777634380021337,1045,246,32,54,16,11,16,43
0.743135491606715,0.779151244912866,1055,236,40,56,22,15,18,41
0.727611626832444,0.77221042448469,1076,215,38,67,15,9,23,58
0.729816147082334,0.769256828340973,1058,233,40,40,20,15,20,25
0.734536610343062,0.774870787998976,1068,223,31,67,12,8,19,59
0.709244695666421,0.759785771631538,1048,243,39,82,16,19,23,63
0.696915704104202,0.741840661808228,1051,240,39,91,14,21,25,70
0.722051104468907,0.780959493701304,1049,242,44,134,21,29,23,105
0.669225437896417,0.709717483778377,1059,232,38,50,15,12,23,38
0.755857597816197,0.757766885382732,1073,218,35,5,20,3,15,2
0.746126604692342,0.797599295588062,1072,219,36,74,17,19,19,55
0.762112591059959,0.812472467139064,1091,200,37,74,18,19,19,55
0.706232939035487,0.743899672725951,1082,209,35,19,17,8,18,11
0.728749084012242,0.759880558546143,1067,224,37,37,16,12,21,25
0.757180487804878,0.802165238890595,1083,208,41,51,19,13,22,38
0.731608912918817,0.766988055612038,1075,216,39,39,16,10,23,29
0.689272338148742,0.765135167982824,1050,241,45,125,20,27,25,98
0.788480994363347,0.81864485181733,1060,231,33,74,20,22,13,52
0.713264542093687,0.759417343350801,1062,229,34,69,13,16,21,53
0.726150978946506,0.775067331545909,1051,240,39,39,17,14,22,25
0.724209266182215,0.757732184667578,1065,226,38,61,15,16,23,45
0.649550621200106,0.681255397074479,1059,232,30,50,10,12,20,38
0.804529337755919,0.859991422562173,1061,230,42,89,27,26,15,63
0.725785745905268,0.7888938495731,1059,232,36,55,18,17,18,38
0.700690748705985,0.744717378288819,1058,233,44,114,17,26,27,88
0.733082706766917,0.766483752302052,1021,270,38,120,17,28,21,92
0.739086507301079,0.740140429560126,1072,219,42,22,18,8,24,14
0.829045058883769,0.863012687045011,1057,234,31,45,18,14,13,31
0.715064038919778,0.761747742275505,1065,226,32,62,13,18,19,44
0.764052329841803,0.804163578194697,1080,211,37,53,20,16,17,37
0.709539211156383,0.752633663524757,1070,221,38,122,16,24,22,98
0.690305444887118,0.728255310025011,1074,217,36,92,13,14,23,78
0.754371823596918,0.75810059691517,1053,238,29,14,16,9,13,5
0.715695912181535,0.722544982915351,1085,206,39,20,21,11,18,9
0.820873301358913,0.843592625730581,1057,234,40,50,20,19,20,31
0.791153313406722,0.828395506439854,1043,248,44,53,23,19,21,34
0.701474612344178,0.759424630858936,1078,213,26,88,12,20,14,68
0.741195741195741,0.777228761242688,1084,207,33,56,15,16,18,40
0.759511598283722,0.803862389153903,1057,234,48,44,24,19,24,25
0.770185922974768,0.767447589658547,1060,231,36,20,14,6,22,14
0.829896083133493,0.880463161811489,1074,217,40,54,30,22,10,32
0.725827431709785,0.808360158933678,1078,213,33,70,17,20,16,50
0.672565294378043,0.720518076986879,1079,212,36,56,13,13,23,43
0.673013923013923,0.736673302943519,1067,224,37,80,19,22,18,58
0.69721120803595,0.728881129673286,1088,203,30,25,11,7,19,18
0.763886939023819,0.810356544011521,1075,216,34,34,17,12,17,22
0.746034892942109,0.789600905970624,1039,252,30,64,14,20,16,44
0.711261980830671,0.751636919516258,1076,215,39,46,18,17,21,29
0.723212091422954,0.760893174489919,1061,230,39,152,16,39,23,113
0.661993084857009,0.745389423422258,1059,232,27,77,12,23,15,54
0.811280531868767,0.828603511342414,1067,224,33,38,17,13,16,25
0.741224393088868,0.784941566491334,1063,228,44,96,20,30,24,66
0.751004878048781,0.803150783912765,1067,224,41,107,24,29,17,78
0.778517186250999,0.850402478229524,1083,208,40,80,23,22,17,58
0.827141176964758,0.866634061071704,1064,227,38,123,21,32,17,91
0.717474546259407,0.762096794458345,1074,217,36,107,14,26,22,81
0.780589103229685,0.834320813945732,1053,238,29,56,17,17,12,39
0.727164964007069,0.777236062909233,1068,223,37,144,17,36,20,108
0.750887311446318,0.795538059158759,1066,225,49,68,28,25,21,43
0.723375609756098,0.765778979557987,1045,246,41,40,19,9,22,31
0.716596272459104,0.719697927007749,1067,224,48,19,24,8,24,11
0.774887001530947,0.812847775078872,1065,226,44,90,22,28,22,62
0.707046833160282,0.788882305404127,1081,210,29,62,12,15,17,47
0.724682951939726,0.758056280343613,1064,227,34,88,16,19,18,69
0.764946764946765,0.768257889145983,1067,224,37,20,17,9,20,11
0.743881208397337,0.789579927184487,1070,221,31,38,14,10,17,28
0.747816196542311,0.787936666748824,1064,227,35,29,19,12,16,17
0.80556554756195,0.83579919482069,1063,228,40,133,23,29,17,104
0.729240535285371,0.765993852903666,1063,228,42,83,19,21,23,62
0.779287989080983,0.806274653477453,1068,223,35,84,20,21,15,63
0.736165853658537,0.783065540112,1050,241,41,55,23,19,18,36
0.72283173461231,0.766455183151587,1066,225,40,102,16,30,24,72
0.756605284227382,0.791307590181415,1044,247,42,54,25,21,17,33
0.773849048251439,0.79974201087255,1068,223,36,153,19,34,17,119
0.696360975609756,0.745315524454208,1067,224,41,49,21,14,20,35
0.728457688808007,0.778494126496541,1076,215,35,80,16,24,19,56
0.755184331797235,0.809248288398353,1077,214,31,54,17,16,14,38
0.783941316415543,0.796510189792693,1073,218,30,84,16,21,14,63
0.802949326999208,0.861950219759369,1067,224,28,82,20,24,8,58
0.783377790256914,0.821346577592575,1087,204,34,121,14,27,20,94
0.747038686100727,0.773232331195334,1075,216,38,114,16,23,22,91
0.765232974910394,0.802684831317345,1080,211,31,27,19,14,12,13
0.83788385527516,0.832621377221552,1071,220,26,16,15,8,11,8
0.774386914217633,0.83137774510164,1074,217,32,126,15,29,17,97
0.743889822837191,0.79464237554054,1087,204,37,83,17,22,20,61
0.740743016302122,0.781770331755888,1062,229,39,31,19,13,20,18
0.690417690417691,0.732353120830868,1077,214,37,74,19,20,18,54
0.732018344330572,0.785986453132226,1080,211,34,54,20,16,14,38
0.775410804834344,0.801091661061787,1057,234,42,57,25,20,17,37
0.723711340206186,0.770346300218364,1065,226,30,91,17,29,13,62
0.779762338703798,0.834804657418688,1050,241,44,81,24,24,20,57
0.748524532914266,0.803739254868905,1073,218,46,100,22,27,24,73
0.722048780487805,0.785091560973064,1061,230,41,56,23,17,18,39
0.724385408406027,0.731682608426643,1058,233,30,35,11,7,19,28
0.720095693779904,0.760236775954049,1059,232,37,80,18,20,19,60
0.738856589147287,0.789385222271495,1067,224,43,65,16,13,27,52
0.727252944188428,0.793823523079867,1063,228,31,103,17,24,14,79
0.823069537786312,0.83420414259541,1083,208,23,67,7,15,16,52
0.705391264786169,0.7682315090642,1052,239,35,88,15,21,20,67
0.789886637019756,0.838623499092959,1068,223,44,120,24,32,20,88
0.802083333333333,0.826066803471055,1059,232,27,33,11,10,16,23
0.737892682926829,0.779610247573644,1054,237,41,82,17,17,24,65
0.748650777688388,0.749283538722687,1058,233,48,20,22,8,26,12
0.682834101382489,0.740315702130387,1057,234,31,80,11,22,20,58
0.698727312970341,0.698829211532417,1075,216,36,16,16,7,20,9
0.771087642298725,0.792318030539873,1075,216,23,25,10,9,13,16
0.709715821812596,0.763743385034536,1093,198,31,82,14,15,17,67
0.753528929999518,0.754634508569434,1053,238,33,15,18,7,15,8
0.73798175833219,0.7947440040941,1056,235,23,21,12,6,11,15
0.756789085736454,0.824445430605501,1080,211,37,96,18,19,19,77
0.716474848053795,0.758057055857714,1070,221,37,90,19,25,18,65
0.714630225080386,0.74619758436595,1069,222,47,75,13,12,34,63
0.678628298453139,0.708054711240183,1077,214,35,24,17,12,18,12
0.710410945705063,0.709561014838545,1087,204,33,8,11,3,22,5
0.787272006344171,0.835236290462128,1070,221,30,65,15,18,15,47
0.694316396018858,0.744770990903746,1058,233,46,66,20,15,26,51
0.752278545826933,0.789108709343086,1069,222,31,68,17,13,14,55
0.796212465878071,0.792822929120408,1054,237,35,18,23,13,12,5
0.770609719737627,0.825142946503291,1056,235,43,71,25,22,18,49
0.727604343400068,0.762103518317643,1051,240,28,39,9,7,19,32
0.754925359165146,0.810386955419563,1084,207,34,70,19,21,15,49
0.754137438568488,0.785593971962332,1056,235,38,46,17,14,21,32
0.796902054377837,0.817160393601274,1043,248,34,16,20,10,14,6
0.760501598721023,0.802510316145962,1075,216,40,88,21,21,19,67
0.750645121651511,0.787805294619493,1047,244,39,33,20,11,19,22
0.765338645418327,0.801097795240596,1076,215,36,30,19,13,17,17
0.667142540947322,0.707696107198268,1091,200,36,51,8,9,28,42
0.745813349320543,0.79092005458334,1065,226,40,73,19,19,21,54
0.666317386905622,0.668639320452356,1078,213,33,13,14,5,19,8
0.697755386253789,0.748068013658136,1063,228,39,87,14,22,25,65
0.822540345703285,0.823498887968172,1081,210,39,19,22,6,17,13
0.736234146341463,0.788154816248621,1076,215,41,71,18,22,23,49
0.704072598494909,0.735126714675718,1054,237,36,77,16,22,20,55
0.816107114308553,0.846606674878552,1040,251,40,71,28,24,12,47
0.754156769596199,0.758447514506411,1077,214,28,15,17,9,11,6
0.717166070363745,0.7696162532975,1076,215,43,83,23,29,20,54
0.775545023696682,0.832247926493509,1076,215,25,72,14,17,11,55
0.75231033741672,0.795935866821148,1088,203,22,36,9,11,13,25
0.762200703377174,0.802271037601415,1068,223,33,103,17,23,16,80
0.759357652656622,0.812515919749485,1073,218,30,64,14,11,16,53
0.775568090249799,0.776592813091298,1043,248,50,27,28,14,22,13
0.773842101662448,0.831643450255493,1050,241,47,76,32,27,15,49
0.792935651478817,0.827079708736717,1094,197,40,71,20,19,20,52
0.794722719141324,0.833230828445005,1060,231,43,64,28,22,15,42
0.795383796182518,0.826062242859561,1070,221,39,63,19,15,20,48
0.760321946424183,0.77892238768244,1087,204,39,57,15,12,24,45
0.718215427657874,0.77983277110902,1069,222,40,75,17,22,23,53
0.694768122045955,0.694002301603467,1060,231,34,16,17,10,17,6
0.739668246445498,0.794349243634925,1042,249,25,62,14,15,11,47
0.792857142857143,0.820394583330995,1067,224,31,35,15,11,16,24
0.710211477362986,0.781376247835805,1073,218,32,83,15,18,17,65
0.764925248055779,0.812770127647513,1090,201,48,52,24,15,24,37
0.788457281983178,0.831698600754503,1058,233,36,38,25,13,11,25
0.764742014742015,0.804576816579816,1071,220,37,51,21,11,16,40
0.78209756097561,0.807763948126103,1075,216,41,38,24,16,17,22
0.67809756097561,0.716968054780453,1075,216,41,41,18,8,23,33
0.734196547144754,0.780929446345325,1060,231,36,70,19,21,17,49
0.802274795268426,0.802783008242254,1066,225,35,15,18,7,17,8
0.783662608442079,0.801229119085633,1058,233,44,27,24,12,20,15
0.770274299344067,0.826627728229117,1063,228,43,53,26,16,17,37
0.701985069562267,0.740669479419396,1073,218,28,81,12,18,16,63
0.74962372731297,0.782228168624122,1050,241,36,55,19,17,17,38
0.790806776171089,0.824684716166766,1064,227,34,58,18,12,16,46
0.760091926458833,0.79166688609903,1053,238,40,34,20,10,20,24
0.780285035629454,0.82224399179159,1064,227,28,58,14,18,14,40
0.75110243902439,0.78905725962851,1055,236,41,86,15,20,26,66
0.772158266647948,0.834072756835675,1055,236,34,88,14,22,20,66
0.743438798571116,0.795071078437639,1056,235,44,78,23,18,21,60
0.733779289118348,0.787086215633958,1074,217,32,66,12,15,20,51
0.726740034443651,0.771869360721069,1051,240,38,90,18,21,20,69
0.764151852387147,0.801064085613736,1056,235,33,41,17,12,16,29
0.785593725178713,0.789627378382895,1083,208,32,14,17,7,15,7
0.754157450643074,0.788727952024614,1073,218,39,61,20,16,19,45
0.743109176844962,0.796678038868751,1081,210,34,123,14,24,20,99
0.737397634212921,0.773179566199216,1056,235,35,69,17,20,18,49
0.748373812532173,0.795755260286272,1072,219,34,110,15,27,19,83
0.770979840600094,0.826081641690773,1094,197,27,58,17,17,10,41
0.719687804878049,0.771245938460631,1064,227,41,34,20,9,21,25
0.739014460199354,0.740457685016854,1072,219,34,12,18,5,16,7
0.766556385024319,0.798440415149363,1048,243,28,34,14,11,14,23
0.78046372915529,0.811447468278386,1053,238,38,67,19,16,19,51
0.718740399385561,0.76164385827653,1064,227,31,89,14,11,17,78
0.797002982316125,0.841144378085423,1076,215,38,88,22,28,16,60
0.699795268425842,0.697844278056686,1055,236,35,13,14,5,21,8
0.747661870503597,0.775908770044345,1068,223,40,55,18,18,22,37
0.731222799382283,0.786887532492277,1081,210,34,39,17,14,17,25
0.69203821656051,0.742693729243967,1048,243,35,47,14,15,21,32
0.694027998411438,0.738207699052069,1085,206,32,39,11,7,21,32
0.789428613979349,0.822654658345148,1087,204,32,85,16,27,16,58
0.7264,0.774987746131278,1084,207,41,74,21,21,20,53
0.678903502432914,0.710013977115537,1042,249,33,60,11,13,22,47
0.698240013441425,0.734873790747712,1061,230,38,42,18,13,20,29
0.750192706075059,0.796809480643612,1083,208,33,53,14,12,19,41
0.785831285831286,0.840862898218351,1036,255,37,90,26,33,11,57
0.753478973655115,0.783615787111247,1095,196,42,58,18,15,24,43
0.794698981850376,0.819719490947827,1042,249,36,49,22,21,14,28
0.751349222311612,0.767723832425541,1049,242,48,25,23,16,25,9
0.803030303030303,0.839584241774005,1068,223,33,94,17,27,16,67
0.806185865009394,0.834436446655391,1079,212,33,26,18,11,15,15
0.767511530669425,0.82664612267626,1071,220,37,125,20,30,17,95
0.765830316438723,0.812564592948318,1050,241,48,142,22,37,26,105
0.762136306135357,0.816774257176459,1054,237,51,93,28,28,23,65
0.726792096902303,0.783564730853063,1073,218,32,71,13,17,19,54
0.82268870500273,0.85747605328074,1072,219,38,66,22,19,16,47
0.732111297900772,0.785097436239485,1067,224,37,43,19,14,18,29
0.801609756097561,0.83922820205903,1063,228,41,76,24,20,17,56
0.729614873837981,0.78151068475085,1055,236,36,51,18,18,18,33
0.770626003210273,0.796656378910654,1087,204,45,20,20,6,25,14
0.716506794564349,0.782944599649427,1090,201,40,98,18,27,22,71
0.762787584020985,0.785050148243008,1082,209,29,37,11,9,18,28
0.733453658536585,0.785850130348151,1064,227,41,36,19,11,22,25
0.726059868943606,0.780211213055646,1066,225,32,23,14,5,18,18
0.674202965514344,0.730707856249211,1068,223,38,95,12,17,26,78
0.753781856723033,0.758531633682537,1067,224,33,10,18,8,15,2
0.750524228906935,0.811311559750259,1049,242,42,78,24,28,18,50
0.730234029095509,0.752614144535602,1063,228,51,38,20,13,31,25
0.744120825879547,0.745764040580993,1053,238,43,22,22,15,21,7
0.790865732042203,0.847181468087646,1057,234,33,70,20,16,13,54
0.756106891086945,0.827077761408461,1053,238,29,60,17,18,12,42
0.721734755954888,0.772472618561667,1059,232,34,51,17,18,17,33
0.762010919017288,0.803821633280574,1072,219,35,87,19,24,16,63
0.774533892180951,0.836348422034304,1060,231,33,85,19,31,14,54
0.801453658536585,0.82549777673676,1076,215,41,48,25,20,16,28
0.748561347502835,0.780430456908374,1066,225,38,44,19,20,19,24
0.716129032258064,0.783370150136478,1068,223,31,50,14,18,17,32
0.748044154993037,0.814929390939368,1074,217,39,63,22,20,17,43
0.717412699569877,0.758271341965962,1051,240,44,30,23,9,21,21
0.682425337085731,0.727998887684144,1076,215,38,110,15,31,23,79
0.797538539085143,0.84102169248403,1076,215,38,52,22,19,16,33
0.745915819511325,0.781893153329323,1074,217,45,44,22,15,23,29
0.773796213476446,0.82073698724863,1101,190,43,58,20,14,23,44
0.780765387689848,0.815262271894886,1065,226,40,43,20,15,20,28
0.717076292882744,0.788082396841685,1062,229,31,62,17,22,14,40
0.747391080537227,0.809032711646209,1063,228,34,96,20,22,14,74
0.730231804491212,0.780046505664788,1056,235,42,53,20,12,22,41
0.745988574788928,0.786530721491625,1052,239,38,80,18,23,20,57
0.74108521690299,0.782393357766088,1075,216,34,110,17,23,17,87
0.690995121951219,0.695241085665352,1057,234,41,12,17,5,24,7
0.765047770700637,0.800675309073777,1060,231,35,41,18,16,17,25
0.739820291173794,0.785576025371226,1100,191,35,31,18,9,17,22
0.651655606485599,0.706966400489368,1076,215,47,79,17,16,30,63
0.716180235535074,0.747919891023126,1075,216,31,41,15,13,16,28
0.789626192605844,0.827424722247237,1067,224,43,87,24,24,19,63
0.682179793158313,0.74493073498043,1067,224,34,127,14,31,20,96
0.663691766632943,0.666901306339407,1077,214,33,12,11,3,22,9
0.757674668912911,0.793081825300886,1073,218,34,56,15,17,19,39
0.77446542311192,0.797495439011465,1087,204,35,35,15,6,20,29
0.713242375601926,0.771911892812789,1052,239,45,56,20,16,25,40
0.774654377880184,0.806827235334594,1074,217,31,34,16,14,15,20
0.744623986237405,0.811093605031724,1087,204,39,111,19,23,20,88
0.765649821286736,0.813221410479969,1085,206,32,113,14,24,18,89
0.746711179507546,0.783804711102716,1058,233,32,53,14,13,18,40
0.768243645750596,0.763995882773347,1065,226,32,12,18,8,14,4
0.799517220569852,0.852906772846907,1075,216,37,67,24,20,13,47
0.720903277378098,0.756166753417232,1064,227,40,43,18,11,22,32
0.775677621127879,0.820686949529155,1085,206,32,31,13,11,19,20
0.778826805185081,0.782551400310627,1046,245,34,16,18,7,16,9
0.806564938143886,0.824760523397921,1082,209,37,36,19,15,18,21
0.773016331839861,0.78906907645346,1073,218,33,40,18,7,15,33
0.674186682882335,0.726332062186762,1055,236,26,33,10,11,16,22
0.712067330488383,0.715687188213455,1049,242,37,22,17,7,20,15
0.719283657664813,0.772770911768734,1046,245,32,88,15,25,17,63
0.668585365853659,0.71169829128628,1056,235,41,69,15,15,26,54
0.810056467951205,0.826439663610435,1076,215,37,72,13,19,24,53
0.807642232923132,0.844819355365364,1036,255,45,50,25,17,20,33
0.695813586097946,0.727502469713756,1092,199,25,44,8,12,17,32
0.749334357398873,0.809901273452979,1097,194,31,101,16,26,15,75
0.682149181053564,0.730921010514523,1098,193,36,87,15,13,21,74
0.756729192878112,0.815347165081488,1056,235,42,220,21,44,21,176
0.76017984390906,0.811745853991838,1076,215,28,75,15,16,13,59
0.791921162764393,0.830013448529062,1087,204,28,63,17,16,11,47
0.734395750332005,0.78391546931269,1067,224,36,72,14,20,22,52
0.695000372689326,0.741059118044425,1080,211,43,49,20,15,23,34
0.753821656050955,0.793164883754749,1077,214,35,52,15,11,20,41
0.708497173752765,0.738703250957387,1078,213,39,21,19,9,20,12
0.68791741924644,0.74083536837094,1071,220,38,59,14,17,24,42
0.750489608313349,0.825680382952886,1062,229,40,86,22,25,18,61
0.793658698539177,0.824623035164945,1099,192,36,114,15,22,21,92
0.714884904825144,0.769044005051472,1065,226,36,65,17,17,19,48
0.763822487826472,0.820719589606367,1056,235,36,93,21,25,15,68
0.688275315591016,0.727993890430217,1055,236,29,28,13,8,16,20
0.742945388179138,0.794329445143267,1086,205,34,95,16,28,18,67
0.749422438778511,0.780973169022043,1054,237,38,44,19,13,19,31
0.762513312034079,0.757873906408315,1085,206,39,11,18,5,21,6
0.758327677864495,0.782365576856477,1075,216,28,49,13,11,15,38
0.783257025244676,0.829702678731488,1056,235,38,72,25,18,13,54
0.747207289641237,0.790847676009271,1066,225,42,47,19,11,23,36
0.66179064980888,0.721301531422285,1068,223,38,97,15,22,23,75
0.766831520848134,0.818139363815169,1056,235,29,91,18,21,11,70
0.694717444717445,0.726015790833389,1063,228,37,36,15,11,22,25
0.77240207833733,0.806830852854212,1066,225,40,60,19,18,21,42
0.709858183542394,0.771188370866787,1060,231,37,52,19,16,18,36
0.701090223509481,0.75268392033121,1069,222,29,31,15,13,14,18
0.823192176133353,0.822619911572789,1057,234,33,16,21,10,12,6
0.711439912630739,0.756545374668246,1044,247,38,78,20,24,18,54
0.706086764054891,0.774423524915613,1064,227,36,97,19,20,17,77
0.816893096304861,0.842663390302686,1080,211,33,48,18,16,15,32
0.74515119381542,0.781197493133826,1062,229,47,37,26,11,21,26
0.770887112787927,0.793746426524537,1066,225,32,55,13,13,19,42
0.761067434133558,0.803309641706954,1064,227,34,42,15,20,19,22
0.748305277525023,0.796543407955651,1087,204,35,134,13,26,22,108
0.708399576046635,0.749500387500626,1094,197,33,118,15,25,18,93
0.785879169976172,0.840071933353321,1079,212,32,92,17,21,15,71
0.631232939035487,0.673698557941096,1080,211,35,94,12,18,23,76
0.684156631440976,0.741567280465154,1059,232,39,81,17,19,22,62
0.741177058353317,0.773241201702373,1065,226,40,39,21,14,19,25
0.789384304090187,0.810765697871627,1059,232,33,57,19,19,14,38
0.707877346021676,0.73714421703497,1086,205,30,84,11,16,19,68
0.63137731833384,0.650765292631782,1087,204,26,33,7,5,19,28
0.754227489521607,0.765706409055184,1066,225,33,21,17,8,16,13
0.713041104050834,0.749994405709049,1049,242,32,60,14,18,18,42
0.771304225747578,0.773585476037616,1058,233,34,15,19,6,15,9
0.75406050955414,0.827333945331014,1068,223,35,96,22,26,13,70
0.764623475149791,0.787818417446242,1080,211,37,28,20,17,17,11
0.734261079708364,0.783124242077714,1061,230,39,62,20,20,19,42
0.657208044155419,0.659601111736319,1066,225,29,10,7,1,22,9
0.74914695177434,0.80267689229966,1096,195,35,52,17,8,18,44
0.73306414922657,0.780274354088403,1044,247,35,64,16,11,19,53
0.809490383265478,0.845580474738479,1053,238,34,71,21,27,13,44
0.744331707317073,0.781759181659017,1055,236,41,102,21,33,20,69
0.769680107915402,0.837684135913833,1053,238,33,55,18,12,15,43
0.79328786523554,0.795317271986064,1022,269,43,20,24,12,19,8
0.704256165473349,0.760711083150053,1092,199,34,65,13,14,21,51
0.728878340767852,0.776305031907621,1068,223,42,27,22,14,20,13
0.742359584464848,0.795562952429646,1078,213,37,72,19,24,18,48
0.729280733773223,0.729244767560066,1054,237,34,16,17,11,17,5
0.685181496237273,0.767389902831593,1056,235,36,134,15,38,21,96
0.771189104243059,0.816910709379081,1063,228,46,58,23,17,23,41
0.72618415227977,0.774755556605627,1069,222,36,47,15,13,21,34
0.656392464467686,0.687259730230374,1041,250,48,99,18,19,30,80
0.799363057324841,0.839222342490656,1071,220,35,67,19,18,16,49
0.676117751217353,0.747194661183183,1055,236,36,112,17,18,19,94
0.776347292813038,0.829027653536844,1055,236,38,100,21,31,17,69
0.705732625055334,0.751521398491967,1086,205,36,63,11,15,25,48
0.702047352167448,0.745480925966905,1079,212,42,45,15,13,27,32
0.717641037306642,0.774445230330896,1055,236,35,54,20,20,15,34
0.739186532317523,0.782189443652078,1053,238,39,59,20,18,19,41
0.764530597198329,0.802092154273308,1081,210,39,59,19,18,20,41
0.697765546402275,0.756424752487244,1074,217,44,52,21,12,23,40
0.765471447543161,0.805563445929245,1088,203,36,53,17,16,19,37
0.738859180035651,0.776793954220035,1070,221,33,48,16,16,17,32
0.755174753987106,0.783643996695115,1072,219,28,59,12,20,16,39
0.776026012350402,0.822872306434081,1072,219,29,92,15,18,14,74
0.727190243902439,0.727743654264624,1062,229,41,18,19,10,22,8
0.734174413457282,0.77182898056569,1068,223,36,49,19,21,17,28
0.707703352086263,0.74789424546158,1061,230,27,73,11,16,16,57
0.77273425499232,0.80390295156944,1033,258,31,86,16,23,15,63
0.768320932191492,0.774321012828556,1094,197,34,21,18,10,16,11
0.690338355802273,0.760573220855413,1085,206,30,111,9,22,21,89
0.752564765722661,0.837631667111303,1090,201,37,99,21,25,16,74
0.815878141232627,0.814647092024378,1063,228,34,23,19,12,15,11
0.704308522271634,0.757773303011032,1068,223,44,59,22,17,22,42
0.761492255758539,0.815055640174114,1060,231,32,53,16,15,16,38
0.741119733318761,0.782434696385514,1062,229,29,59,16,17,13,42
0.795329791943338,0.799006993579195,1068,223,36,20,19,10,17,10
0.73947907188353,0.792342044493491,1084,207,35,79,17,21,18,58
0.78142514011209,0.841872085043937,1061,230,42,75,25,27,17,48
0.714436388957156,0.76913968118626,1070,221,39,82,16,17,23,65
0.648716739475774,0.7014182932445,1072,219,32,52,12,11,20,41
0.765649821286736,0.792552727619519,1078,213,32,22,13,8,19,14
0.670770731707317,0.70929727621414,1043,248,41,101,17,30,24,71
0.746543778801843,0.798575712067875,1086,205,31,72,17,24,14,48
0.730729579698652,0.782670479975158,1066,225,30,87,14,26,16,61
0.698599469876066,0.779163646652085,1063,228,22,71,8,12,14,59
0.714219987511913,0.717731055298911,1076,215,49,23,23,12,26,11
0.757494004796163,0.789063904022611,1041,250,40,114,20,26,20,88
0.717721933642192,0.758769165771523,1052,239,34,65,15,20,19,45
0.712410071942446,0.772111135192276,1048,243,40,61,20,14,20,47
0.717980540111199,0.770333125683602,1076,215,32,84,14,21,18,63
0.687189863660452,0.732472349694121,1059,232,33,85,16,23,17,62
0.789603000129316,0.832315398399791,1079,212,37,110,21,23,16,87
0.737220223820943,0.791491382425602,1055,236,40,69,20,24,20,45
0.730299539170507,0.788686420396486,1059,232,31,70,17,26,14,44
0.667232213550503,0.705818550247013,1039,252,28,27,13,7,15,20
0.741831879460745,0.803867341504334,1072,219,30,103,16,20,14,83
0.793704891740176,0.835837475678829,1051,240,44,154,26,35,18,119
0.768304559539619,0.814783892792913,1053,238,36,102,20,22,16,80
0.709024433743535,0.731943442541855,1076,215,45,95,17,17,28,78
0.675034121929026,0.709727065341381,1065,226,35,67,12,10,23,57
0.756864520022415,0.797824085431592,1069,222,37,52,18,14,19,38
0.733332725814682,0.739254291519826,1050,241,44,17,24,8,20,9
0.810433905994035,0.842426149419598,1052,239,38,38,19,15,19,23
0.739413721207307,0.775337285300424,1083,208,32,76,14,16,18,60
0.707078853046595,0.781368388817797,1084,207,31,113,16,25,15,88
0.702811099869924,0.7007737505695,1081,210,33,16,16,8,17,8
0.710350725056608,0.75898924782357,1072,219,33,67,10,12,23,55
0.716587112171838,0.776573065391165,1088,203,34,117,17,30,17,87
0.80208077332678,0.840837251264817,1069,222,39,59,24,21,15,38
0.733278037191775,0.80285906804089,1077,214,39,120,18,30,21,90
0.784430346286016,0.845739494293961,1048,243,30,86,18,20,12,66
0.721809129703867,0.771304555539058,1061,230,37,84,15,20,22,64
0.774020431915169,0.778756502335208,1059,232,37,20,22,14,15,6
0.690072847967585,0.735179079568769,1059,232,37,50,14,10,23,40
0.736716891356067,0.788054137938564,1054,237,30,56,14,13,16,43
0.768514401039885,0.81561915817893,1046,245,47,88,26,26,21,62
0.734683929670931,0.748530273111122,1064,227,47,30,25,13,22,17
0.755326829268293,0.808790590292951,1067,224,41,113,17,20,24,93
0.769095650674598,0.819831342454555,1076,215,37,75,21,20,16,55
0.745929084164378,0.7921832764515,1042,249,33,83,17,27,16,56
0.748373173970783,0.811139439570181,1077,214,36,76,16,14,20,62
0.657993605115907,0.728351838686062,1058,233,40,76,16,23,24,53
0.735255522344536,0.778071266587463,1046,245,44,78,21,19,23,59
0.679711868887127,0.703890849549211,1075,216,30,63,7,21,23,42
0.716925921689733,0.775128246974662,1059,232,42,52,23,19,19,33
0.739810861795075,0.770341455682664,1072,219,32,42,13,8,19,34
0.767511417791898,0.816149367052737,1079,212,32,84,17,20,15,64
0.805477560952782,0.845076773376404,1061,230,34,121,22,31,12,90
0.732027445772466,0.783850512046427,1060,231,36,80,14,25,22,55
0.735922974767596,0.738279301767483,1052,239,36,15,19,8,17,7
0.748781436880478,0.792247877511132,1061,230,39,84,18,20,21,64
0.767642379147363,0.8123511413851,1055,236,34,50,19,16,15,34
0.760388799714642,0.81897279632308,1067,224,45,73,25,23,20,50
0.709163346613546,0.750000496105249,1063,228,36,46,17,11,19,35
0.748109965635739,0.779215952360361,1069,222,30,22,14,9,16,13
0.768112701252236,0.798933428534853,1066,225,43,65,19,16,24,49
0.747813075506446,0.798211639624211,1059,232,24,83,14,22,10,61
0.699068255095907,0.734268101661304,1070,221,29,51,10,13,19,38
0.72898493259318,0.780826132421616,1069,222,30,82,14,20,16,62
0.737932857520486,0.773452321417912,1064,227,30,36,11,17,19,19
0.764526829268293,0.800455271300355,1051,240,41,80,20,24,21,56
0.753297362110312,0.806729112569987,1059,232,40,85,25,30,15,55
0.785571964369433,0.845732874189708,1087,204,27,61,13,12,14,49
0.805613895072878,0.847349424106698,1072,219,38,91,20,25,18,66
0.684314250044587,0.714662715388504,1072,219,45,30,16,8,29,22
0.714138689048761,0.745365295622285,1071,220,40,73,16,15,24,58
0.801900273639404,0.839638143335811,1053,238,26,64,15,19,11,45
0.786218339143949,0.833035954692221,1034,257,38,79,20,20,18,59
0.772283755274262,0.774008589460272,1077,214,27,11,14,4,13,7
0.670573011591456,0.672644561513578,1053,238,44,22,16,7,28,15
0.718487804878049,0.748650656232255,1072,219,41,39,20,11,21,28
0.799363057324841,0.836765013295151,1063,228,35,34,22,14,13,20
0.773923444976077,0.804475103982995,1060,231,37,70,21,20,16,50
0.766161213088587,0.808090628923545,1046,245,38,64,23,24,15,40
0.78910666011305,0.80882016533114,1055,236,39,25,24,13,15,12
0.736853558627752,0.786823295268715,1053,238,31,81,15,17,16,64
0.765002478173015,0.793554239037778,1067,224,42,43,23,15,19,28
0.757375099127676,0.789480510177534,1082,209,30,112,13,28,17,84
0.78590243902439,0.829884852927477,1065,226,41,90,23,21,18,69
0.766584766584767,0.801024755648362,1050,241,37,52,17,17,20,35
0.744530784138342,0.790675233176014,1047,244,43,72,21,23,22,49
0.749193761564895,0.769760371365099,1087,204,30,38,12,7,18,31
0.682006225935938,0.737405931428264,1074,217,39,103,13,22,26,81
0.757238521944404,0.804846709360167,1092,199,33,114,16,26,17,88
0.724142345110087,0.750899216803424,1065,226,31,25,15,9,16,16
0.688549160671463,0.727567382092901,1053,238,40,62,16,12,24,50
0.736901929685435,0.78087042449163,1066,225,30,67,16,14,14,53
0.714385188826083,0.761067033049892,1065,226,39,42,18,14,21,28
0.737907915440925,0.78505381461668,1069,222,47,84,21,23,26,61
0.757883096366509,0.79964559288553,1073,218,25,71,10,19,15,52
0.748225277998411,0.79431556625773,1082,209,32,63,14,13,18,50
0.798317656418176,0.83876227936686,1072,219,34,37,18,14,16,23
0.75492264416315,0.796510527987263,1082,209,27,91,13,24,14,67
0.728859562918246,0.77639561732708,1060,231,34,91,17,21,17,70
0.756245003996803,0.792197584856328,1074,217,40,28,21,14,19,14
0.773823288529171,0.804710169858094,1078,213,33,37,16,13,17,24
0.75063849194284,0.791611566135282,1070,221,26,34,14,14,12,20
0.712153398926655,0.76830502461909,1072,219,43,64,20,23,23,41
0.682913669064748,0.720018447280019,1072,219,40,48,12,11,28,37
0.793238681493249,0.817463335986142,1048,243,32,98,17,22,15,76
0.727785365853659,0.782247226972719,1063,228,41,33,22,11,19,22
0.736221779548473,0.770103806008381,1059,232,36,58,17,15,19,43
0.81029291323409,0.839038966820857,1059,232,33,54,20,17,13,37
0.736968766001024,0.776597417678539,1068,223,31,47,12,14,19,33
0.771039401060167,0.846966579836049,1106,185,29,77,15,17,14,60
0.774273170731707,0.80900750801148,1062,229,41,72,26,22,15,50
0.743405423117883,0.7939754879251,1086,205,39,50,21,16,18,34
0.734995121951219,0.735395648202713,1094,197,41,21,19,11,22,10
0.859463428612365,0.889964616588387,1085,206,22,83,14,23,8,60
0.729752434508298,0.755132362891424,1070,221,23,21,8,4,15,17
0.740307472592095,0.78564653293999,1045,246,38,117,19,32,19,85
0.757437275985663,0.792023619729449,1068,223,31,93,15,21,16,72
0.745678048780488,0.793286313362495,1077,214,41,61,18,19,23,42
0.74107874747254,0.803103978199856,1078,213,29,100,14,17,15,83
0.714092429309821,0.742757984357424,1070,221,26,91,10,13,16,78
0.811035544082605,0.83594179138074,1082,209,32,82,16,20,16,62
0.723348694316436,0.727491067918019,1065,226,31,12,13,6,18,6
0.713571889103804,0.785640749056624,1076,215,22,118,10,20,12,98
0.800939248601119,0.849946732662628,1046,245,40,49,25,22,15,27
0.740205843293493,0.790108384962534,1055,236,36,119,20,35,16,84
0.640829979129398,0.676192693951695,1062,229,43,57,14,11,29,46
0.676103275705187,0.713691449184649,1060,231,35,39,8,6,27,33
0.703795102280842,0.764152449845859,1075,216,38,73,17,20,21,53
0.731925241816493,0.803067865514439,1077,214,29,40,14,14,15,26
0.845665140504894,0.87621092619139,1058,233,38,56,27,25,11,31
0.679949383212658,0.719488523745785,1082,209,48,138,17,25,31,113
0.704176579434311,0.751531958345713,1098,193,30,32,11,7,19,25
0.761180618744313,0.790252953908998,1096,195,35,44,15,12,20,32
0.768146678525005,0.812072148093556,1051,240,47,97,22,27,25,70
0.752792394757744,0.804857170745535,1086,205,32,62,15,15,17,47
0.71243712181964,0.747774899579814,1096,195,44,61,16,20,28,41
0.791736993645751,0.811204059432737,1063,228,32,29,11,9,21,20
0.684719832882772,0.736015203255582,1081,210,39,36,18,11,21,25
0.790911418330773,0.816577900373439,1066,225,31,91,18,31,13,60
0.711328435266084,0.765463371591491,1075,216,32,60,14,15,18,45
0.711555276244603,0.772546955553101,1083,208,29,52,11,12,18,40
0.82981187701811,0.830105448872824,1094,197,34,15,25,9,9,6
0.815903709550118,0.869246653915559,1077,214,24,102,13,24,11,78
0.74705621956618,0.786857902033412,1076,215,36,78,17,17,19,61
0.739101115404243,0.742018974040792,1063,228,44,22,19,11,25,11
0.727137767220903,0.783176156918806,1072,219,28,59,15,16,13,43
0.713183097408326,0.768930146191378,1082,209,38,102,19,24,19,78
0.767012288786482,0.809035162861575,1098,193,31,85,12,20,19,65
0.768767060964513,0.808220582389809,1073,218,35,70,17,25,18,45
0.719934052757794,0.808034152193776,1064,227,40,97,21,21,19,76
0.74457661367189,0.78263857531603,1066,225,42,47,21,18,21,29
0.707251158219851,0.769099361378109,1064,227,34,107,18,30,16,77
0.780846223839854,0.813081787406303,1054,237,35,32,17,6,18,26
0.717950570891747,0.71984620473651,1070,221,33,13,15,5,18,8
0.717856433677522,0.773514748021578,1046,245,32,31,17,10,15,21
0.739565659993213,0.76755592074677,1056,235,28,90,12,25,16,65
0.719333776007083,0.715128177885946,1057,234,36,15,15,5,21,10
0.704157876230661,0.770718294787055,1054,237,27,35,15,14,12,21
0.688639088729017,0.727985761655199,1065,226,40,49,17,16,23,33
0.747730050637332,0.799637776445867,1072,219,46,60,26,22,20,38
0.682448780487805,0.68551389642226,1076,215,41,25,10,6,31,19
0.716029966830607,0.71955787739548,1086,205,42,28,17,11,25,17
0.680569522660231,0.759434962694467,1085,206,48,73,21,16,27,57
0.747319301032566,0.787703711503326,1062,229,32,84,15,22,17,62
0.744854454572185,0.815940034986954,1076,215,38,98,18,31,20,67
0.763262905868022,0.800107696620822,1064,227,38,43,19,13,19,30
0.769727853981092,0.770890689088312,1045,246,29,19,15,12,14,7
0.770689262966333,0.810493325551218,1092,199,35,35,16,14,19,21
0.731608280254777,0.735395384185624,1060,231,35,10,20,5,15,5
0.63878018783542,0.668845802382822,1047,244,43,56,12,13,31,43
0.752578574590527,0.752483976797769,1076,215,36,20,19,12,17,8
0.807955643298189,0.840980350780633,1083,208,38,57,21,21,17,36
0.793558617213425,0.826792440794582,1067,224,38,55,21,24,17,31
0.636620185922975,0.686799775213259,1067,224,36,55,14,14,22,41
0.800809583976789,0.799488256621989,1044,247,34,18,21,10,13,8
0.729502087060226,0.785133635124613,1060,231,43,110,21,26,22,84
0.805940667859272,0.831059986215233,1081,210,43,43,22,8,21,35
0.701578737010392,0.715263336693973,1069,222,40,41,15,13,25,28
0.751173085436034,0.754749336562212,1084,207,36,17,16,6,20,11
0.685554668794892,0.720259260183528,1055,236,38,123,12,26,26,97
0.766295707472178,0.792481054710101,1077,214,33,25,15,6,18,19
0.770532079180121,0.796729370051143,1066,225,34,29,18,12,16,17
0.78024240722542,0.809740352164855,1066,225,34,35,18,13,16,22
0.758839280835018,0.799920849113741,1076,215,29,60,14,20,15,40
0.788364055299539,0.826790898142965,1069,222,31,90,19,21,12,69
0.7523447329292,0.798376880685769,1069,222,42,125,19,29,23,96
0.735726987692452,0.764963019093496,1051,240,34,36,17,8,17,28
0.787958407871199,0.816601765698008,1038,253,43,104,26,29,17,75
0.730865427180168,0.783175113725847,1093,198,36,35,18,12,18,23
0.795896629998254,0.826329773303227,1063,228,46,36,21,13,25,23
0.798915449313856,0.839725268678342,1066,225,36,96,18,21,18,75
0.77590243902439,0.808605671088605,1059,232,41,38,23,15,18,23
0.699607361372067,0.729545385811642,1069,222,33,40,14,11,19,29
0.795617529880478,0.831406004873059,1048,243,36,110,23,30,13,80
0.719876051350155,0.797706535460143,1059,232,36,56,17,18,19,38
0.713058875608676,0.745485735977672,1084,207,36,30,15,7,21,23
0.748374306106265,0.802118611490717,1077,214,30,72,14,15,16,57
0.803827751196172,0.844660868742557,1058,233,37,59,21,23,16,36
0.747278026689791,0.786290855619841,1066,225,33,32,15,12,18,20
0.718530239099859,0.762923056896384,1069,222,27,48,12,11,15,37
0.732030043520988,0.737965780682928,1096,195,34,19,12,8,22,11
0.749702144559174,0.78087574889662,1087,204,32,36,16,12,16,24
0.738343055396698,0.787449233464265,1050,241,42,91,22,22,20,69
0.693567215532072,0.740110747191844,1071,220,39,81,18,20,21,61
0.773490620135987,0.82655805233642,1057,234,39,67,22,17,17,50
0.695970731707317,0.753084340230039,1052,239,41,41,19,19,22,22
0.766987693953986,0.767573609746518,1057,234,45,23,26,12,19,11
0.766199354434649,0.805545746218019,1066,225,33,101,19,30,14,71
0.780944358650381,0.780440355882113,1056,235,34,14,18,6,16,8
0.790451408746044,0.827141060430247,1082,209,42,73,22,20,20,53
0.731187443130118,0.772771499379784,1069,222,35,45,13,11,22,34
0.793546838568098,0.834566444378767,1076,215,23,40,15,11,8,29
0.64142345110087,0.690627112118179,1069,222,31,44,11,8,20,36
0.736892766445482,0.765279948684097,1078,213,39,41,16,11,23,30
0.700114652066077,0.747051997747157,1066,225,34,61,17,15,17,46
0.704435670181039,0.763138442089651,1044,247,38,105,19,25,19,80
0.70095123718022,0.73762601398753,1064,227,42,29,17,12,25,17
0.729394660322495,0.729413103694402,1062,229,30,13,15,8,15,5
0.733740527089696,0.781788035216228,1076,215,28,22,15,8,13,14
0.734697458935842,0.74090819681078,1061,230,34,16,15,7,19,9
0.697763114792456,0.700141970893132,1091,200,34,16,17,8,17,8
0.758635640988582,0.794685959052781,1083,208,33,33,17,13,16,20
0.723064165618209,0.741857758334014,1078,213,42,36,21,16,21,20
0.74942243877851,0.782245972568328,1076,215,38,99,16,23,22,76
0.725091838760921,0.775363402943922,1078,213,32,127,15,24,17,103
0.73679161402031,0.734365771610003,1066,225,34,19,13,9,21,10
0.669130927878355,0.671504782093736,1077,214,38,13,9,1,29,12
0.735621694978707,0.794636795742937,1064,227,34,81,16,23,18,58
0.816666666666667,0.83957729010986,1082,209,31,26,17,14,14,12
0.707713828936851,0.712527888155431,1070,221,40,12,17,6,23,6
0.81111237488626,0.848449202259444,1047,244,35,59,20,21,15,38
0.733005451980632,0.79135446822325,1046,245,42,64,23,18,19,46
0.744079238601151,0.792640527773523,1045,246,36,81,16,24,20,57
0.760816692268305,0.764371283255083,1085,206,31,13,17,8,14,5
0.775858923685011,0.805046500863061,1080,211,26,27,14,11,12,16
0.740458536585366,0.793450375850444,1068,223,41,125,20,28,21,97
0.735764472606578,0.779402929769012,1081,210,37,53,16,17,21,36
0.791013824884793,0.837397402336014,1078,213,31,41,19,16,12,25
0.711921631000578,0.76497399280206,1070,221,56,103,26,26,30,77
0.784262589928058,0.820120955603288,1068,223,40,65,23,21,17,44
0.699193548387097,0.760661511374123,1065,226,31,106,11,23,20,83
0.72239165329053,0.762195933508751,1068,223,45,48,21,14,24,34
0.763701155074957,0.813234909973253,1068,223,39,74,18,17,21,57
0.797759856630824,0.795736754440255,1059,232,31,14,16,6,15,8
0.688947092718701,0.745200566576589,1067,224,46,43,23,15,23,28
0.7474902339648,0.801268119212635,1054,237,38,51,24,18,14,33
0.744718002444561,0.795908686568802,1049,242,46,98,26,29,20,69
0.706714628297362,0.74604186283889,1067,224,40,52,17,14,23,38
0.764077025232404,0.812966969207191,1063,228,36,53,20,19,16,34
0.760759529464993,0.807690269404838,1084,207,28,94,13,19,15,75
0.755546638130908,0.800911324056104,1059,232,45,106,26,28,19,78
0.76206186531892,0.771311043957775,1068,223,34,20,13,8,21,12
0.781020288150544,0.841081747737746,1058,233,38,68,21,26,17,42
0.761208719107677,0.817705583123237,1044,247,44,41,26,17,18,24
0.756444243286349,0.820526126382846,1057,234,37,93,19,26,18,67
0.733523630582454,0.749422283134665,1061,230,33,25,12,10,21,15
0.789570671149619,0.811559068319892,1059,232,37,56,20,18,17,38
0.781604716227018,0.831890499546014,1043,248,40,121,24,36,16,85
0.729454685099846,0.755253510806375,1044,247,31,19,15,8,16,11
0.715120200414318,0.719746118322598,1067,224,33,16,16,6,17,10
0.750190628693431,0.758162249781505,1066,225,42,24,22,14,20,10
0.718548387096774,0.720121255005345,1049,242,20,13,9,5,11,8
0.733415233415233,0.757880883484316,1055,236,37,25,17,9,20,16
0.73090692124105,0.799936919464844,1092,199,34,64,14,14,20,50
0.758616416943078,0.796547624006731,1065,226,42,66,20,19,22,47
0.790252787849764,0.843327665048143,1061,230,47,60,28,23,19,37
0.735899483902679,0.765086530109032,1069,222,39,81,19,18,20,63
0.675745238429501,0.679626874913348,1068,223,34,15,14,7,20,8
0.759205530482126,0.825101384628376,1067,224,22,45,12,10,10,35
0.753270348837209,0.794519152870952,1058,233,43,129,21,40,22,89
0.71636074577251,0.756503093454311,1074,217,33,91,14,24,19,67
0.750619543253651,0.801099481485572,1044,247,42,43,26,18,16,25
0.673856727464975,0.768738169659448,1075,216,30,88,13,14,17,74
0.761898106738223,0.764661134558265,1055,236,43,14,19,5,24,9
0.677636967110651,0.678725497359103,1062,229,37,14,15,4,22,10
0.710109842462784,0.770731762264321,1047,244,33,31,17,12,16,19
0.700890764181903,0.729484091142957,1059,232,27,20,13,12,14,8
0.729620010295288,0.775162840932727,1068,223,34,21,18,8,16,13
0.755395770101652,0.789692294613691,1080,211,33,29,14,8,19,21
0.706625846616953,0.753324797042262,1049,242,47,62,21,18,26,44
0.749458014163896,0.804929277582462,1049,242,33,46,16,12,17,34
0.752036725720936,0.825727529580926,1052,239,37,127,24,32,13,95
0.745958877537825,0.799583791873015,1052,239,37,76,18,20,19,56
0.765329319243057,0.828927637744505,1057,234,39,88,22,23,17,65
0.674316115086464,0.752615849470081,1051,240,43,128,18,36,25,92
0.721582826845985,0.787886444897997,1049,242,37,66,19,18,18,48
0.740207006369427,0.739768840481503,1048,243,35,16,17,8,18,8
0.724793782247198,0.770981104148423,1076,215,49,86,22,27,27,59
0.662444241107171,0.728933525497666,1073,218,42,106,18,26,24,80
0.769036596923526,0.83547462266473,1084,207,44,108,28,35,16,73
0.719470666839088,0.756503210160945,1071,220,37,31,20,13,17,18
0.744546850998464,0.773963514921989,1070,221,31,44,14,14,17,30
0.804962019782502,0.85178140855101,1074,217,29,98,18,21,11,77
0.687855770909726,0.744476652752279,1046,245,46,61,18,15,28,46
0.746115537848606,0.748522298793338,1074,217,36,16,19,11,17,5
0.715265662172879,0.736216901536022,1045,246,30,22,12,10,18,12
0.710246275463667,0.747107918917004,1072,219,26,82,10,16,16,66
0.739140687053217,0.742701254948936,1057,234,32,16,17,10,15,6
0.768199841395718,0.827640071861852,1055,236,30,102,15,30,15,72
0.726262511373976,0.768447128357622,1054,237,35,44,17,12,18,32
0.707531707317073,0.745672811714836,1050,241,41,118,19,28,22,90
0.744084732214229,0.79712117814689,1047,244,40,42,22,10,18,32
0.788957133483998,0.808346356157462,1066,225,44,23,25,10,19,13
0.806985214879952,0.836851860852941,1059,232,37,88,21,27,16,61
0.747915011914218,0.785375743473632,1077,214,32,53,13,15,19,38
0.728519306780176,0.766515333789183,1070,221,26,108,13,20,13,88
0.726274041836305,0.770013572809675,1070,221,34,110,14,23,20,87
0.705975219824141,0.743263927620244,1060,231,40,52,16,12,24,40
0.747165826113194,0.785819535103438,1064,227,37,45,17,12,20,33
0.745317073170732,0.798992886274885,1086,205,41,67,19,15,22,52
0.736177512173528,0.741659942604598,1052,239,36,14,20,7,16,7
0.689965136304448,0.738669996940148,1087,204,38,120,15,22,23,98
0.717760142300062,0.766540996944429,1088,203,47,83,23,24,24,59
0.733053557154277,0.798880467136601,1064,227,40,122,20,21,20,101
0.71997565294378,0.75113936340133,1066,225,36,72,12,16,24,56
0.695916538658474,0.734678194382261,1080,211,31,69,12,20,19,49
0.727065568950309,0.758940840638035,1071,220,38,55,16,14,22,41
0.667172520113697,0.69750106606084,1091,200,33,33,12,6,21,27
0.719283637324874,0.754836403129177,1063,228,30,48,15,13,15,35
0.751497695852535,0.7879021509582,1047,244,31,45,15,13,16,32
0.745962238398544,0.746064059945383,1074,217,35,17,19,10,16,7
0.750774091627172,0.808097510149092,1094,197,25,130,12,29,13,101
0.699185113622044,0.749404396793955,1061,230,38,51,20,14,18,37
0.699121951219512,0.729394124739275,1069,222,41,29,20,9,21,20
0.769814517567326,0.810647102790216,1055,236,45,91,25,21,20,70
0.691908331285328,0.748368495607407,1061,230,39,59,20,20,19,39
0.759291956482968,0.807086624949262,1050,241,45,96,25,28,20,68
0.641856232939035,0.69863755299391,1061,230,35,90,14,24,21,66
0.718789808917198,0.717728214679278,1061,230,35,12,16,5,19,7
0.733646647357779,0.779541277904644,1066,225,29,96,13,28,16,68
0.72321005215742,0.738731118380979,1065,226,37,18,17,4,20,14
0.812183841595606,0.813137422025658,1095,196,33,16,18,10,15,6
0.71593278395552,0.717718378714334,1062,229,32,10,11,3,21,7
0.671195259430554,0.733234974602028,1070,221,33,105,13,26,20,79
0.706848780487805,0.765529100885218,1065,226,41,116,16,18,25,98
0.71981608872666,0.773418780441085,1075,216,34,74,16,14,18,60
0.732355350002409,0.766068261438457,1051,240,33,48,15,16,18,32
0.766312195121951,0.815078649079582,1055,236,41,101,25,30,16,71
0.711625501099185,0.761411914687152,1056,235,37,49,16,16,21,33
0.738483899821109,0.765714451706949,1061,230,43,60,20,20,23,40
0.75329492886445,0.784973689966247,1042,249,18,28,11,10,7,18
0.685785693283488,0.716638148594196,1052,239,38,50,14,11,24,39
0.662458536585366,0.705851542301923,1068,223,41,76,19,21,22,55
0.761490099725394,0.808115381868245,1076,215,33,99,18,24,15,75
0.748472775564409,0.802164253831905,1083,208,36,120,16,35,20,85
0.751113455227379,0.785406557926906,1070,221,27,39,10,7,17,32
0.712595035073718,0.774897505203089,1083,208,38,34,18,10,20,24
0.761320199941194,0.812610133418398,1075,216,38,60,21,12,17,48
0.741819632881085,0.77380060111424,1052,239,38,106,16,24,22,82
0.820894811086965,0.821494622659715,1060,231,42,17,27,10,15,7
0.751612962017934,0.788015773783434,1064,227,44,53,24,18,20,35
0.724794172162593,0.753515503782744,1085,206,37,68,13,18,24,50
0.758848893888264,0.787637951675606,1075,216,21,48,9,10,12,38
0.739049402532548,0.797138127569601,1059,232,45,54,18,14,27,40
0.754769809650288,0.803548970957525,1052,239,36,141,20,47,16,94
0.724321951219512,0.763005076445866,1061,230,41,69,16,17,25,52
0.73856189071844,0.775026419795194,1047,244,39,36,18,11,21,25
0.740353895305972,0.785027396082236,1071,220,39,110,16,32,23,78
0.744556097560976,0.791702717115073,1083,208,41,28,18,9,23,19
0.76757279344859,0.768987605313109,1087,204,35,12,16,6,19,6
0.719099088794845,0.752239052341627,1046,245,42,25,23,10,19,15
0.784933782582245,0.833208071662962,1090,201,34,66,17,19,17,47
0.797453658536586,0.842549810249521,1086,205,41,58,24,15,17,43
0.724039024390244,0.779235485472233,1077,214,41,165,19,32,22,133
0.742663785259327,0.762143694617898,1067,224,35,18,15,6,20,12
0.786696754781861,0.806885394858065,1057,234,22,90,7,15,15,75
0.724480415667466,0.768601252690601,1050,241,40,42,16,17,24,25
0.808842925659472,0.810348674197238,1059,232,40,16,24,9,16,7
0.726023657870791,0.773852159338777,1070,221,35,69,16,17,19,52
0.753862017247844,0.791996312932902,1081,210,21,47,11,12,10,35
0.74830135891287,0.74994377475502,1082,209,40,19,20,10,20,9
0.74254641808685,0.791033071027717,1067,224,42,40,20,11,22,29
0.814958091553836,0.819345075545994,1057,234,22,8,13,6,9,2
0.798552508204407,0.836108287741057,1080,211,27,27,12,11,15,16
0.769893198221185,0.813219690208949,1073,218,44,70,25,20,19,50
0.726199040767386,0.759303258442057,1085,206,40,43,18,11,22,32
0.660701438848921,0.698800266026248,1061,230,40,83,12,22,28,61
0.725899696487932,0.723455854501196,1068,223,33,14,16,7,17,7
0.759093317916847,0.763829624749094,1071,220,33,19,16,10,17,9
0.683898012845381,0.757303465539278,1064,227,37,62,17,22,20,40
0.715754692043352,0.759795157059815,1086,205,30,78,11,12,19,66
0.759185480301018,0.816425510173151,1073,218,36,110,19,27,17,83
0.725647855827414,0.778829742448933,1061,230,24,55,11,11,13,44
0.739987656014264,0.739656042699203,1079,212,23,10,11,5,12,5
0.736033643204958,0.737230895760785,1059,232,36,22,15,9,21,13
0.767829934364745,0.810145468311601,1055,236,27,99,14,18,13,81
0.735111061419201,0.798151072355266,1052,239,43,69,22,17,21,52
0.724283154121864,0.726080532677164,1087,204,31,19,14,10,17,9
0.752176139272913,0.788499861260318,1083,208,31,61,12,12,19,49
0.775679456434852,0.813652697598409,1051,240,40,70,20,17,20,53
0.744621513944223,0.791266996050527,1077,214,36,74,19,25,17,49
0.756185051958433,0.816068299585259,1072,219,40,109,20,28,20,81
0.700989266778741,0.702736388128263,1084,207,37,16,15,8,22,8
0.75011699190416,0.799291548230312,1063,228,34,131,16,30,18,101
0.82397718332022,0.849111345162067,1078,213,20,24,14,9,6,15
0.752216119863179,0.781316597270673,1054,237,33,62,16,14,17,48
0.766897280055175,0.788837468232619,1063,228,37,54,16,15,21,39
0.737824608830999,0.782622367162692,1068,223,39,122,13,30,26,92
0.741039977062341,0.743418834945009,1066,225,39,24,16,9,23,15
0.735508463897173,0.788102921433188,1056,235,38,80,18,21,20,59
0.73763440860215,0.782894862627254,1048,243,31,44,18,15,13,29
0.696972734562951,0.743478444852431,1059,232,44,40,20,12,24,28
0.70944001770695,0.762355384252412,1050,241,36,84,16,21,20,63
0.747177954847278,0.746430423046291,1046,245,36,17,20,6,16,11
0.682960893854749,0.708417554693682,1024,267,38,29,17,7,21,22
0.747486351228389,0.807361071690755,1067,224,35,107,17,24,18,83
0.778022848094107,0.796870442140595,1072,219,28,26,13,9,15,17
0.751457339692634,0.778597149631757,1071,220,33,71,12,13,21,58
0.749082926829268,0.779339690849225,1063,228,41,89,22,22,19,67
0.666243721913825,0.713589773431543,1064,227,30,27,11,5,19,22
0.728929851510497,0.78400243919243,1064,227,31,43,14,16,17,27
0.719434146341464,0.718216196682203,1086,205,41,16,16,6,25,10
0.731194342587742,0.76508483171108,1069,222,46,46,23,14,23,32
0.748256820628012,0.784960821210379,1073,218,34,37,19,16,15,21
0.729526109960893,0.800019177088989,1087,204,49,63,24,16,25,47
0.755555555555556,0.793188440731368,1067,224,45,30,24,15,21,15
0.688846563447202,0.72360532534564,1059,232,39,25,16,10,23,15
0.721377368151562,0.76671129470588,1081,210,31,32,13,9,18,23
0.796762589928058,0.799311117379038,1066,225,40,18,21,10,19,8
0.721716143764893,0.791483753339588,1046,245,32,52,15,19,17,33
0.74556015345489,0.792340830462027,1083,208,37,46,19,12,18,34
0.713616907437132,0.739842362516042,1063,228,45,23,20,10,25,13
0.72581777341008,0.754269686792859,1053,238,34,22,17,13,17,9
0.704157876230661,0.747927841889206,1063,228,27,41,13,15,14,26
0.714511933039249,0.772652420990509,1064,227,28,62,15,17,13,45
0.762352739334325,0.812549300719584,1083,208,42,34,24,11,18,23
0.741490538215778,0.743662502175819,1045,246,39,17,18,6,21,11
0.758364222401289,0.805958353259602,1065,226,50,61,25,17,25,44
0.797622488798959,0.837157619583162,1071,220,33,25,19,11,14,14
0.749313918243631,0.801843246832575,1062,229,39,38,21,14,18,24
0.787689848121503,0.822242297981878,1075,216,40,42,20,15,20,27
0.732745555828623,0.772158790245033,1055,236,39,39,17,11,22,28
0.774207421971,0.815864755380846,1059,232,39,27,25,11,14,16
0.658864606233027,0.683414699016376,1080,211,37,32,8,6,29,26
0.775730411686587,0.810374010969526,1078,213,36,88,19,21,17,67
0.683234758871702,0.723586657450095,1074,217,35,46,13,12,22,34
0.729880669607511,0.794978801468777,1067,224,28,84,12,20,16,64
0.796055892332914,0.820860543684376,1073,218,42,62,23,23,19,39
0.773522493384299,0.831630335476888,1066,225,38,72,22,22,16,50
0.704858601917426,0.747848904756018,1069,222,33,91,15,22,18,69
0.698181454836131,0.757338210952661,1070,221,40,86,18,20,22,66
0.728724744822951,0.774026124867534,1051,240,38,64,18,16,20,48
0.728360975609756,0.792056134582735,1051,240,41,78,21,26,20,52
0.718949044585987,0.775346042925462,1052,239,35,47,13,11,22,36
0.757298273617003,0.789158154157637,1036,255,38,75,19,19,19,56
0.740139442231076,0.790994210056724,1042,249,36,37,16,10,20,27
0.706070287539936,0.737430645506086,1085,206,39,26,16,8,23,18
0.683034638916992,0.747282692669125,1041,250,33,57,13,17,20,40
0.764165559982293,0.802496453974439,1064,227,36,51,19,18,17,33
0.760027870375431,0.799637771246005,1064,227,29,85,15,19,14,66
0.790138762511374,0.840191418914386,1037,254,35,84,19,26,16,58
0.756993835941205,0.804449191718848,1068,223,37,63,17,19,20,44
0.707188353048225,0.754143632775479,1073,218,35,123,15,29,20,94
0.754851514260512,0.789943276506381,1088,203,38,85,17,19,21,66
0.703447242206235,0.747814958220996,1067,224,40,76,15,21,25,55
0.75576660600546,0.759713729604335,1055,236,35,14,21,6,14,8
0.79003880557748,0.827961840234446,1068,223,24,40,14,10,10,30
0.679232998697862,0.71625347111856,1058,233,38,106,15,21,23,85
0.753718459495352,0.800437973090542,1055,236,36,31,17,9,19,22
0.741377696663391,0.781033229102983,1058,233,34,35,18,15,16,20
0.765088282504013,0.802285046023075,1063,228,45,60,25,23,20,37
0.674853554408261,0.740039109457553,1063,228,32,82,11,22,21,60
0.771526663099697,0.822457950305654,1055,236,45,91,21,25,24,66
0.740574642748556,0.778924787747171,1084,207,26,65,12,13,14,52
0.752458366375892,0.778715427900506,1067,224,30,25,16,12,14,13
0.686330016394068,0.741507341866859,1055,236,42,113,19,23,23,90
0.694007536659294,0.731384621007198,1065,226,39,27,16,12,23,15
0.733826205641492,0.777207652381449,1088,203,35,98,12,24,23,74
0.81091492776886,0.850180252438189,1052,239,45,61,26,26,19,35
0.773949396141866,0.836829927699832,1064,227,29,35,16,11,13,24
0.743038955289951,0.769278390325146,1061,230,36,33,18,12,18,21
0.751191429333943,0.781898523092452,1080,211,42,29,20,10,22,19
0.800712195121951,0.866668197500769,1069,222,41,143,24,31,17,112
0.781774801343491,0.847896347239142,1062,229,39,117,22,29,17,88
0.769940632093592,0.815590439096428,1080,211,46,64,23,17,23,47
0.738085706660566,0.794258727745669,1081,210,42,49,20,15,22,34
0.757097541633624,0.780362224485174,1081,210,30,69,16,15,14,54
0.715040962621608,0.760003649922415,1067,224,31,58,11,13,20,45
0.784326660600546,0.837428160842202,1050,241,35,62,19,19,16,43
0.674695029958188,0.716561661748935,1076,215,37,70,10,14,27,56
0.789893928738865,0.858065181953742,1069,222,27,114,17,31,10,83
0.806131592421915,0.839939529036251,1068,223,31,118,16,23,15,95
0.693249774719423,0.739316596710415,1079,212,39,82,15,19,24,63
0.721211322081575,0.767162158363827,1083,208,27,41,13,12,14,29
0.774037184594954,0.793938132442673,1080,211,36,81,18,18,18,63
0.776518784972022,0.817758371424516,1080,211,40,72,22,21,18,51
0.746692149367833,0.791043058671359,1089,202,38,54,19,15,19,39
0.764353958143767,0.814228947346997,1088,203,35,106,15,22,20,84
0.749851072279587,0.798433981004374,1085,206,32,20,15,10,17,10
0.703273927720413,0.73873733120305,1067,224,32,22,13,7,19,15
0.694537621678506,0.749349823468671,1075,216,24,73,11,17,13,56
0.731728239734645,0.780498250331069,1037,254,42,70,22,25,20,45
0.806862865568936,0.843647161917154,1059,232,39,86,24,24,15,62
0.706446261202709,0.779105823383789,1065,226,47,52,26,12,21,40
0.745624811414285,0.769390715188979,1050,241,37,42,17,11,20,31
0.7449203187251,0.795678373258469,1067,224,36,55,19,18,17,37
0.753868784936746,0.792647447070665,1075,216,55,43,24,16,31,27
0.809434571088165,0.808332360923416,1050,241,32,15,18,8,14,7
0.727498881932021,0.767855353243098,1057,234,43,75,18,17,25,58
0.765855323020928,0.811719962246097,1093,198,35,89,21,22,14,67
0.759235668789809,0.799107125462381,1060,231,35,47,14,16,21,31
0.766140210862352,0.798073673099489,1063,228,38,92,19,18,19,74
0.682735723771581,0.763108508229123,1054,237,36,124,15,23,21,101
0.768758300132802,0.801832177194525,1066,225,36,73,19,18,17,55
0.755118755118755,0.814983357048869,1073,218,37,113,19,32,18,81
0.720761398849048,0.760241854961481,1067,224,36,100,15,28,21,72
0.749863380512596,0.806847080313407,1072,219,29,120,16,34,13,86
0.705145303944967,0.760927682482336,1075,216,34,92,14,19,20,73
0.768913820492454,0.802355371662682,1078,213,32,43,16,14,16,29
0.675779418659166,0.717248455449996,1088,203,27,92,6,19,21,73
0.719034542563954,0.754781880906883,1069,222,33,72,14,19,19,53
0.721237451169824,0.775510929183204,1081,210,38,106,15,19,23,87
0.785558760321231,0.783061543764367,1061,230,28,13,13,6,15,7
0.715070518653321,0.78524270789702,1053,238,35,94,16,23,19,71
0.774970184853906,0.815617220013117,1074,217,43,71,24,22,19,49
0.755582137161085,0.755180472082092,1077,214,37,16,17,5,20,11
0.711895321173672,0.738963195706571,1070,221,30,92,12,17,18,75
0.781477214541731,0.814048387499446,1073,218,31,53,16,13,15,40
0.711819389110226,0.742842977229227,1051,240,36,98,17,28,19,70
0.760485365748524,0.797110853814065,1051,240,37,82,17,21,20,61
0.776294236820553,0.82331676100335,1048,243,37,36,24,17,13,19
0.757607724384432,0.81490820776128,1076,215,32,38,18,9,14,29
0.73890488482923,0.745728146479453,1075,216,32,12,13,7,19,5
0.730163443049429,0.773232017227267,1097,194,28,30,12,9,16,21
0.758373205741627,0.806670814362697,1055,236,37,101,19,29,18,72
0.753276003276003,0.822240450866439,1075,216,33,83,20,21,13,62
0.736790366183337,0.778904886079217,1065,226,39,65,18,15,21,50
0.741252006420546,0.789003361459119,1056,235,45,103,24,31,21,72
0.766973886328725,0.801282484270555,1079,212,31,56,12,12,19,44
0.787870921908301,0.846232104676544,1059,232,29,163,14,34,15,129
0.73990243902439,0.763012545139685,1052,239,41,43,23,23,18,20
0.727092985165427,0.8052947710999,1052,239,34,93,16,30,18,63
0.6912,0.721005047217704,1077,214,41,42,16,10,25,32
0.711248827941866,0.739945944337913,1075,216,27,79,12,14,15,65
0.653217812345114,0.675757968440321,1072,219,42,38,12,12,30,26
0.785566424021838,0.805808706707315,1081,210,35,25,18,8,17,17
0.776170682049542,0.839936693475466,1093,198,28,158,14,33,14,125
0.714728951548848,0.76064130623471,1070,221,32,56,17,17,15,39
0.693628655689358,0.742351838645019,1060,231,39,38,17,13,22,25
0.786290652904071,0.821815811144045,1076,215,39,67,22,25,17,42
0.776364877161056,0.814794270987916,1101,190,35,52,19,16,16,36
0.773750991276764,0.826208581354751,1060,231,30,78,17,19,13,59
0.775972740640199,0.812338312415037,1071,220,28,115,16,32,12,83
0.666795357761243,0.709087355941363,1045,246,34,106,12,29,22,77
0.774975609756097,0.826743658942496,1065,226,41,53,25,23,16,30
0.711016696481813,0.768625034977453,1049,242,43,109,20,21,23,88
0.788174414658975,0.825968078237712,1075,216,28,41,11,16,17,25
0.696276578264156,0.742731433797806,1041,250,49,76,21,20,28,56
0.74192439862543,0.758907132771721,1069,222,30,26,13,8,17,18
0.762162110640894,0.804568978975731,1053,238,42,83,21,22,21,61
0.688334055981115,0.736275497148593,1073,218,33,109,12,27,21,82
0.778771615980918,0.835304606499987,1070,221,43,113,23,26,20,87
0.687719824140687,0.732048048803037,1064,227,40,52,18,15,22,37
0.765717589247001,0.797304607982277,1083,208,33,44,13,12,20,32
0.750257382189153,0.780423997815693,1074,217,34,87,17,19,17,68
0.719704236610711,0.775248215923243,1078,213,40,58,19,14,21,44
0.78306414922657,0.804146426317184,1060,231,35,21,21,10,14,11
0.674990003998401,0.721446542172032,1079,212,61,135,27,33,34,102
0.781085131894484,0.815701172651018,1068,223,40,60,24,18,16,42
0.785867640548915,0.790335495630638,1064,227,36,14,19,9,17,5
0.787689848121503,0.791007074964691,1066,225,40,19,22,13,18,6
0.752090607353765,0.807425247858251,1086,205,37,76,16,17,21,59
0.707881678469914,0.742903359634474,1037,254,33,19,16,6,17,13
0.806136585365854,0.831352057551171,1077,214,41,37,23,16,18,21
0.829890412564463,0.890462456017553,1066,225,27,84,19,24,8,60
0.738421887390959,0.762597760897552,1040,251,30,42,12,12,18,30
0.697547935103245,0.743587338634125,1037,254,48,86,22,25,26,61
0.761121169015906,0.792321663793517,1089,202,37,72,16,18,21,54
0.744316629324007,0.774286996039641,1075,216,29,37,13,9,16,28
0.768839356632248,0.80893186272609,1079,212,32,76,18,16,14,60
0.728163483167486,0.757111418198487,1085,206,42,80,17,16,25,64
0.749615975422427,0.784322564220574,1065,226,31,35,16,11,15,24
0.806915678452374,0.844211243723292,1068,223,29,73,17,17,12,56
0.835213840532989,0.854881806626616,1085,206,22,57,9,8,13,49
0.784029984114377,0.789752070807,1062,229,32,16,19,8,13,8
0.763924475994455,0.800910713245939,1085,206,38,30,17,8,21,22
0.739146679303055,0.797888548625135,1078,213,44,74,21,14,23,60
0.75800224624456,0.814116862452186,1080,211,34,57,17,12,17,45
0.74778676430406,0.794685167646077,1029,262,29,93,16,25,13,68
0.719900488444995,0.755939176211198,1075,216,44,46,22,16,22,30
0.762015604120867,0.776027520845092,1062,229,37,25,21,14,16,11
0.748123182659265,0.796729306418184,1069,222,30,86,15,27,15,59
0.679813108038914,0.723301508992825,1079,212,31,126,12,25,19,101
0.797495532168388,0.82834261628749,1063,228,32,63,20,22,12,41
0.82051282051282,0.852040733626575,1039,252,43,63,26,24,17,39
0.708978613569322,0.733400303235774,1100,191,48,33,17,14,31,19
0.758864479452715,0.788003804864288,1086,205,33,46,13,11,20,35
0.71696295225707,0.785689142549257,1055,236,33,36,16,10,17,26
0.769324540367706,0.772330648985554,1079,212,40,16,18,7,22,9
0.753793266951162,0.811762626662298,1057,234,37,100,19,27,18,73
0.790969455511288,0.854364737231959,1066,225,36,106,21,23,15,83
0.793532687538022,0.796983636360065,1031,260,34,13,21,10,13,3
0.769160975609756,0.817379981548283,1075,216,41,110,22,26,19,84
0.810495808810415,0.850373922903011,1074,217,45,86,29,22,16,64
0.699358123063302,0.751995326679556,1080,211,36,51,16,16,20,35
0.713327370304114,0.759211320988484,1068,223,43,76,18,20,25,56
0.741882256588139,0.743160288876058,1087,204,33,19,11,5,22,14
0.75304756195044,0.785934607427584,1061,230,40,39,22,15,18,24
0.692321951219512,0.754550367940563,1078,213,41,83,15,13,26,70
0.808564604185623,0.859542913914288,1069,222,35,61,24,20,11,41
0.68141179610355,0.735286496726639,1062,229,42,82,19,19,23,63
0.729570731707317,0.775520629399676,1091,200,41,43,18,14,23,29
0.682561866428146,0.742394298352749,1071,220,43,54,20,14,23,40
0.727315185481719,0.786174281923315,1060,231,42,122,20,33,22,89
0.677006762716848,0.733757869467233,1078,213,38,43,18,13,20,30
0.768585647579258,0.812264938650657,1088,203,39,99,20,29,19,70
0.76955966661849,0.803132462319292,1076,215,33,49,18,17,15,32
0.694115592806007,0.763502935314662,1053,238,46,101,21,23,25,78
0.710725659690628,0.774454153204336,1056,235,35,59,18,11,17,48
0.722235056916033,0.783873169862116,1073,218,38,46,19,13,19,33
0.681574746923174,0.680893809553154,1068,223,38,26,13,9,25,17
0.761390577180051,0.767534408878657,1054,237,37,16,17,3,20,13
0.738545816733068,0.776430410075142,1059,232,36,34,16,10,20,24
0.732939035486806,0.776680724629634,1073,218,35,77,17,25,18,52
0.777795612627073,0.8223157211616,1068,223,45,67,27,22,18,45
0.763032770062256,0.762763184308358,1049,242,47,25,27,15,20,10
0.742098986285033,0.798687087676651,1086,205,43,90,20,26,23,64
0.653579913164578,0.717943019675592,1083,208,39,107,16,22,23,85
0.758271327624128,0.783892324622586,1058,233,34,32,19,13,15,19
0.702709586249959,0.736443320326264,1052,239,49,50,22,18,27,32
0.683157760443246,0.720417253282689,1042,249,44,30,19,7,25,23
0.721094369547978,0.798360438483501,1060,231,30,96,15,22,15,74
0.776462805057336,0.824231063949646,1077,214,38,99,18,23,20,76
0.762026380447433,0.794327719548725,1056,235,37,26,20,13,17,13
0.70735273996032,0.750079100520656,1059,232,47,65,22,16,25,49
0.764116987801198,0.79338085934391,1056,235,37,26,19,11,18,15
0.714574851420282,0.76550060886806,1080,211,34,72,14,18,20,54
0.791012424002115,0.79582751494455,1055,236,30,15,15,6,15,9
0.794041668416852,0.827646998502775,1067,224,38,98,25,27,13,71
0.688369702719798,0.73779827971337,1066,225,51,99,18,20,33,79
0.683221021105339,0.749263283710566,1072,219,34,57,16,13,18,44
0.734766323792487,0.743618231256269,1067,224,43,20,16,10,27,10
0.739739810005148,0.788516031413762,1044,247,34,26,18,9,16,17
0.7066153794583,0.773911633881992,1066,225,48,124,21,24,27,100
0.793961073372838,0.791623991680833,1073,218,33,15,18,9,15,6
0.834187374233703,0.867534692459826,1040,251,34,131,25,37,9,94
0.796788125496426,0.824666158769373,1057,234,32,104,19,27,13,77
0.657962468997145,0.693728241778209,1085,206,34,69,11,15,23,54
0.798481506616899,0.830968341110518,1064,227,28,40,15,12,13,28
0.736744817258646,0.737405707215946,1072,219,34,14,18,6,16,8
0.73310243902439,0.779466403048089,1072,219,41,36,19,12,22,24
0.732149181053563,0.793352332153778,1073,218,36,105,18,31,18,74
0.742704519372643,0.782594693786174,1083,208,29,35,14,6,15,29
0.715074912772799,0.754533897795355,1077,214,47,99,20,25,27,74
0.825927408593542,0.862802829274581,1083,208,42,83,27,30,15,53
0.739943151707858,0.782979429078785,1079,212,33,65,17,16,16,49
0.751818545163869,0.750231137026647,1068,223,40,17,19,7,21,10
0.801561699948797,0.851218080140973,1059,232,31,93,21,28,10,65
0.671965861667921,0.717932274431726,1068,223,47,135,13,29,34,106
0.669230769230769,0.719683249242009,1080,211,26,106,9,19,17,87
0.784518475694946,0.782763446186415,1058,233,33,11,16,6,17,5
0.725837009388078,0.728397144363193,1095,196,28,16,11,8,17,8
0.797323225232814,0.833028953626907,1088,203,34,31,16,10,18,21
0.738162529696076,0.777955890176096,1083,208,39,71,19,19,20,52
0.730345768880801,0.740624357703407,1073,218,35,18,15,5,20,13
0.749218129467832,0.815463216317714,1057,234,32,62,16,17,16,45
0.711032757051865,0.71329256144168,1057,234,35,20,16,10,19,10
0.71880118289354,0.78753126150312,1056,235,35,126,19,28,16,98
0.697529130984136,0.741532739355989,1046,245,34,43,15,9,19,34
0.693443902439024,0.737703709277743,1068,223,41,48,16,15,25,33
0.681175316568575,0.723950048865986,1071,220,45,84,14,21,31,63
0.756864520022415,0.799575441321706,1075,216,37,72,18,21,19,51
0.650985365853658,0.695088325600352,1046,245,41,34,13,7,28,27
0.733800645565352,0.786339911538653,1058,233,33,72,16,22,17,50
0.849731182795699,0.877725864487641,1062,229,31,31,24,15,7,16
0.759795680848312,0.801882222672004,1072,219,37,108,22,24,15,84
0.751702659597396,0.788721772110279,1060,231,37,57,17,18,20,39
0.773492682926829,0.810762523739808,1089,202,41,62,21,23,20,39
0.737346174424826,0.74207172467567,1052,239,45,24,22,11,23,13
0.773266980967348,0.802985483149888,1089,202,46,42,24,10,22,32
0.759104690565365,0.801769375992494,1065,226,45,69,25,21,20,48
0.752744577246569,0.810157162462935,1066,225,36,90,19,18,17,72
0.801619512195122,0.83999483381588,1055,236,41,54,24,19,17,35
0.775289768185452,0.827585538328046,1071,220,40,36,23,12,17,24
0.663978494623656,0.712696079295496,1073,218,31,68,14,16,17,52
0.772818918805393,0.807525867648217,1082,209,38,79,17,22,21,57
0.746289217633042,0.762203895009191,1081,210,32,20,14,7,18,13
0.793006223969301,0.794044420427293,1080,211,34,20,19,10,15,10
0.733881186642815,0.771581306703849,1040,251,43,93,23,25,20,68
0.764820291173794,0.806302831126904,1075,216,35,36,19,15,16,21
0.773983340352848,0.802633677703185,1064,227,34,41,16,15,18,26
0.698550724637681,0.738291701245693,1077,214,46,62,19,23,27,39
0.777525651144436,0.821747602246517,1076,215,24,34,10,9,14,25
0.77556592533757,0.816599761938278,1071,220,32,56,17,17,15,39
0.720343549290918,0.806809642898828,1066,225,37,84,16,17,21,67
0.693715246346825,0.739794154673339,1077,214,37,46,16,11,21,35
0.76131592421915,0.762535004538124,1065,226,31,11,15,6,16,5
0.725459632294165,0.805408380956798,1073,218,40,106,21,25,19,81
0.773483842408145,0.813277849398495,1056,235,36,62,20,14,16,48
0.805334394904459,0.851875967015985,1065,226,35,102,25,25,10,77
0.739848700375016,0.781809622980546,1053,238,37,61,18,20,19,41
0.743853658536585,0.764931837335171,1082,209,41,47,17,13,24,34
0.694562462731067,0.736847906051203,1087,204,43,144,16,30,27,114
0.720006587023564,0.772902941179478,1069,222,54,79,25,24,29,55
0.698041474654378,0.735208662935636,1054,237,31,58,14,18,17,40
0.752831204080678,0.78632599988276,1074,217,34,35,16,11,18,24
0.721569380440348,0.723042230096804,1104,187,31,13,11,5,20,8
0.741669526097068,0.766420214500728,1067,224,42,26,17,6,25,20
0.715267785771383,0.786992402361216,1057,234,40,130,19,34,21,96
0.763511667304224,0.785576817442908,1053,238,29,29,17,16,12,13
0.78572142286171,0.835958213306383,1048,243,40,60,22,18,18,42
0.779497626748435,0.825740595360894,1079,212,38,192,19,35,19,157
0.762741463414634,0.80448013195251,1067,224,41,72,21,20,20,52
0.76787289452682,0.797420877486986,1070,221,38,35,19,15,19,20
0.727807753796962,0.77255480654356,1076,215,40,134,17,25,23,109
0.733637324874438,0.785603053716673,1064,227,30,103,16,27,14,76
0.776868505195843,0.826777874871748,1091,200,40,59,18,14,22,45
0.783360085607277,0.808028592324505,1074,217,45,29,25,14,20,15
0.774005544587726,0.815765560349941,1093,198,38,60,18,12,20,48
0.782500350975713,0.813669608573918,1062,229,34,50,18,16,16,34
0.784652248709757,0.831662910925449,1079,212,39,65,21,21,18,44
0.766109785202864,0.800207967513125,1076,215,34,59,15,22,19,37
0.786946043333801,0.845053700128241,1069,222,34,83,19,27,15,56
0.701570554511731,0.755137808246338,1090,201,33,59,15,13,18,46
0.771792565947242,0.777432252815465,1051,240,40,20,17,8,23,12
0.771347941567065,0.826202455819719,1055,236,36,59,21,21,15,38
0.745024390243903,0.807328007358398,1062,229,41,102,21,27,20,75
0.737640189860125,0.784922788840855,1065,226,38,44,21,13,17,31
0.752354413102821,0.806253303932561,1071,220,35,88,17,22,18,66
0.759344598054275,0.76975549238043,1072,219,31,25,15,9,16,16
0.685559515032358,0.684789607149981,1059,232,39,14,13,3,26,11
0.703152998589348,0.705283457609798,1069,222,42,18,18,7,24,11
0.721240678661832,0.749324906773779,1071,220,47,42,19,11,28,31
0.734686839949998,0.788178738301424,1071,220,37,54,16,12,21,42
0.709896249002394,0.771627865395251,1069,222,38,124,18,30,20,94
0.743196349527297,0.779020979105331,1054,237,29,67,12,15,17,52
0.698866330445278,0.698201275747024,1044,247,37,24,18,13,19,11
0.716180083827143,0.720145644520627,1054,237,33,21,13,8,20,13
0.716351219512195,0.773513138426719,1045,246,41,85,22,31,19,54
0.772597956808483,0.801083975099175,1062,229,37,59,16,13,21,46
0.68489756097561,0.687828090555615,1080,211,41,21,16,4,25,17
0.719541463414634,0.721464720698035,1071,220,41,13,18,4,23,9
0.794161386266649,0.822181184414747,1054,237,37,26,21,9,16,17
0.768345632081097,0.816226888133515,1054,237,43,67,20,19,23,48
0.761948189267777,0.804302789973526,1060,231,30,64,13,17,17,47
0.699834111575326,0.742060250102936,1073,218,39,52,15,11,24,41
0.731919111816019,0.796258630687448,1072,219,30,112,14,18,16,94
0.688430409018644,0.730809820995409,1073,218,33,55,10,8,23,47
0.734124198605456,0.760647354173931,1059,232,34,38,14,9,20,29
0.67352748423036,0.714150599412881,1084,207,39,56,11,11,28,45
0.762514773723741,0.809957465847854,1040,251,42,94,27,34,15,60
0.79527402700556,0.836403652525703,1049,242,32,65,18,21,14,44
0.774270353302611,0.824308248488712,1072,219,31,83,17,23,14,60
0.729936051159073,0.803522056173033,1091,200,40,54,20,16,20,38
0.743518063406242,0.775278058591016,1079,212,39,61,17,15,22,46
0.75203542162305,0.820501549875372,1083,208,30,47,17,14,13,33
0.77691078889162,0.818344907531842,1056,235,39,30,23,12,16,18
0.722412603991551,0.74690443048654,1076,215,37,33,17,15,20,18
0.718902169101372,0.792937836401978,1079,212,36,104,15,24,21,80
0.725490196078431,0.738660101898778,1084,207,33,30,12,9,21,21
0.726710246275464,0.763326894928769,1081,210,26,58,12,20,14,38
0.719301637852593,0.757717664411943,1054,237,35,55,19,16,16,39
0.700655269458563,0.749687671480931,1069,222,38,89,15,18,23,71
0.743178585283848,0.792485801623179,1073,218,37,72,16,14,21,58
0.844470962609387,0.869930144193161,1079,212,34,41,21,11,13,30
0.746314741035857,0.796295080230888,1058,233,36,99,18,22,18,77
0.739019100386382,0.774566101471038,1061,230,44,47,20,18,24,29
0.669254596322942,0.717551325889495,1059,232,40,51,15,12,25,39
0.721368645750596,0.775816848598564,1063,228,32,38,15,10,17,28
0.740413980318968,0.793853977649229,1060,231,28,96,11,19,17,77
0.748707813925205,0.809656123417842,1059,232,26,91,15,22,11,69
0.759456040480708,0.80276215867008,1064,227,51,65,27,18,24,47
0.740168970814132,0.755557919554845,1063,228,31,24,14,12,17,12
0.717805755395683,0.775536510883455,1085,206,40,77,16,16,24,61
0.741899175128989,0.791851890769979,1064,227,49,126,22,29,27,97
0.713388602065131,0.743273369660545,1052,239,32,73,13,18,19,55
0.653185827804914,0.70841205769744,1075,216,44,70,17,18,27,52
0.711426599625357,0.739617257327575,1069,222,49,29,25,13,24,16
0.773273572377158,0.770243235744123,1078,213,36,20,18,11,18,9
0.794409199048374,0.821420218509698,1052,239,30,67,14,18,16,49
0.859478672985782,0.890926156550091,1086,205,25,33,19,13,6,20
0.715770252324037,0.764869046849184,1066,225,36,78,16,19,20,59
0.784252887687392,0.819860134265451,1046,245,39,73,21,23,18,50
0.697783771961799,0.774311049064342,1065,226,44,79,19,17,25,62
0.724620303756994,0.786077798727746,1074,217,40,99,21,23,19,76
0.703219190297842,0.755691681095429,1064,227,45,85,21,24,24,61
0.792702485966319,0.79465522728226,1037,254,44,22,27,12,17,10
0.697788294061586,0.742728220290125,1062,229,49,137,20,34,29,103
0.767583376986206,0.832545808350021,1062,229,46,118,23,32,23,86
0.732408141686492,0.77189780539704,1067,224,30,64,13,16,17,48
0.795181674565561,0.832925907773782,1056,235,25,57,16,19,9,38
0.753960975609756,0.793281608766005,1069,222,41,57,21,13,20,44
0.659877529286475,0.704270546001584,1080,211,39,125,12,18,27,107
0.733718358318997,0.739330624023635,1058,233,39,17,17,7,22,10
0.691389899909008,0.731266917229179,1067,224,35,39,15,11,20,28
0.7267770162507,0.782746135776719,1082,209,37,79,14,17,23,62
0.703230209281165,0.767384152080726,1084,207,35,83,15,20,20,63
0.795527156549521,0.830793682675844,1053,238,39,95,21,30,18,65
0.73696882446386,0.771912653108724,1072,219,32,40,14,10,18,30
0.766509516326174,0.76693496735645,1063,228,46,25,27,15,19,10
0.774606782993364,0.797340113094041,1066,225,39,26,24,12,15,14
0.777886715647339,0.817730523010366,1065,226,32,100,16,23,16,77
0.749735659529474,0.756148779324501,1047,244,30,17,18,8,12,9
0.752398787230248,0.789339228659054,1060,231,45,55,22,16,23,39
0.739619346953029,0.766592594296517,1061,230,46,22,21,12,25,10
0.749421761866452,0.804989393964624,1053,238,48,118,25,33,23,85
0.721281540504648,0.757820922813776,1062,229,36,57,15,14,21,43
0.708109344618552,0.746378987693859,1079,212,42,63,17,19,25,44
0.752973807617523,0.790613382505656,1052,239,42,39,21,13,21,26
0.722162926926132,0.749134849387539,1077,214,32,56,14,16,18,40
0.708801122694467,0.766961000003081,1069,222,44,112,18,22,26,90
0.796390984908658,0.832902467248939,1047,244,32,67,17,17,15,50
0.787253043668441,0.810900352222254,1065,226,44,73,21,13,23,60
0.75845826165315,0.792887709002604,1062,229,39,71,17,25,22,46
0.686200716845878,0.728906555364961,1075,216,31,84,9,19,22,65
0.716158373461744,0.755249388478811,1047,244,45,64,24,17,21,47
0.750240357425631,0.771058260828785,1063,228,28,38,15,13,13,25
0.684122083173944,0.729545346421518,1070,221,29,52,10,12,19,40
0.703942652329749,0.736433581505012,1062,229,31,83,11,17,20,66
0.708312853280905,0.715483023906332,1084,207,39,19,20,10,19,9
0.758549696900377,0.803053878127073,1059,232,42,67,23,21,19,46
0.736614634146342,0.739488627013315,1070,221,41,18,22,9,19,9
0.656042496679947,0.69181705272769,1047,244,36,16,13,4,23,12
0.735007942811755,0.732661663086746,1049,242,32,11,16,8,16,3
0.641398082574553,0.682516707508659,1067,224,33,31,14,14,19,17
0.708003169572108,0.755018252510302,1063,228,29,61,12,18,17,43
0.730633212657549,0.756153680030461,1063,228,48,38,17,9,31,29
0.745607028753994,0.780918092530632,1064,227,39,44,16,15,23,29
0.702713773681516,0.767874155626943,1071,220,31,124,12,23,19,101
0.750076804915515,0.752092770139835,1072,219,31,18,14,6,17,12
0.725697211155379,0.772901766495345,1060,231,36,67,16,13,20,54
0.694098131657063,0.716381726604996,1057,234,46,27,21,9,25,18
0.728929758060742,0.765683785876599,1083,208,34,72,14,12,20,60
0.800740477621728,0.849011221906004,1096,195,29,52,15,14,14,38
0.704496476705206,0.771518821627476,1076,215,47,54,17,14,30,40
0.801155222207854,0.835075669696891,1055,236,37,77,25,16,12,61
0.711486265150452,0.752975054333294,1085,206,34,62,12,17,22,45
0.667064439140811,0.709859210083615,1067,224,34,52,14,13,20,39
0.728087231690114,0.793028850841906,1064,227,42,76,18,14,24,62
0.777879446414274,0.825866742272066,1076,215,42,71,25,19,17,52
0.75178283873936,0.781844516296818,1059,232,49,35,27,17,22,18
0.733555897537728,0.733077690874917,1071,220,32,14,14,4,18,10
0.732767092517198,0.811084307378861,1074,217,34,125,16,26,18,99
0.747589966774299,0.798898052484279,1073,218,34,55,17,12,17,43
0.725024576062915,0.742306057884667,1054,237,39,44,16,16,23,28
0.762997871693524,0.756979233363544,1081,210,26,13,11,4,15,9
0.692950070323488,0.762553766171261,1079,212,27,85,13,20,14,65
0.7784370604782,0.803500810294309,1076,215,27,21,13,8,14,13
0.717049590536852,0.71999546151139,1085,206,35,18,13,5,22,13
0.731764705882353,0.734223343142839,1057,234,50,29,19,8,31,21
0.718293492695883,0.718550125866794,1078,213,36,21,15,9,21,12
0.796056751939105,0.839869762369227,1080,211,33,37,16,13,17,24
0.776973389982111,0.77817891686241,1055,236,43,21,24,14,19,7
0.780809517651623,0.819939709193775,1090,201,37,98,18,23,19,75
0.679537530978284,0.699606485087251,1079,212,38,21,16,5,22,16
0.730228368196921,0.744128452864113,1062,229,34,14,15,6,19,8
0.732007295671892,0.773865496970393,1079,212,49,50,21,17,28,33
0.66728160405486,0.692909139226529,1044,247,43,27,18,12,25,15
0.702039024390244,0.746950133829762,1077,214,41,63,18,21,23,42
0.742378208486118,0.77114385406942,1048,243,46,18,23,9,23,9
0.749108489919078,0.795769267924586,1059,232,23,28,10,9,13,19
0.68361391005161,0.727402320188015,1063,228,39,49,18,11,21,38
0.700264340470526,0.731575941394414,1058,233,30,59,12,12,18,47
0.789053639685807,0.824911206488539,1069,222,38,135,23,36,15,99
0.717546445785952,0.758486961958017,1066,225,34,51,17,13,17,38
0.760162388685175,0.810308657362618,1032,259,46,63,24,19,22,44
0.721867517956904,0.783371673106092,1065,226,38,55,18,16,20,39
0.728673794358508,0.781378383506316,1077,214,35,57,16,18,19,39
0.725178976776672,0.747484687500302,1084,207,46,32,18,5,28,27
0.765544421003282,0.825883964251511,1062,229,27,78,15,19,12,59
0.652754429070219,0.684626807422245,1059,232,37,37,12,11,25,26
0.715386478831246,0.710264125184156,1072,219,43,17,16,3,27,14
0.718989210468761,0.753291157588079,1070,221,44,59,17,20,27,39
0.753998017155912,0.813961464752811,1090,201,37,87,19,20,18,67
0.786350774424146,0.820396495070287,1078,213,32,36,19,16,13,20
0.685081894643648,0.69947614858914,1063,228,36,20,14,6,22,14
0.730161247687021,0.766024183410619,1037,254,30,66,14,17,16,49
0.835864155638502,0.864763315962238,1057,234,28,68,17,18,11,50
0.69933598937583,0.746511267445287,1047,244,36,29,17,12,19,17
0.778628298453139,0.828947774981076,1063,228,35,77,24,23,11,54
0.707905766729296,0.751355435048653,1063,228,33,38,15,10,18,28
0.719298245614035,0.775727562953532,1073,218,37,99,15,20,22,79
0.77911239452773,0.832038728722336,1074,217,39,103,25,29,14,74
0.725645501961292,0.773090794894129,1055,236,37,51,18,9,19,42
0.791464014427018,0.788870718317751,1072,219,29,12,15,8,14,4
0.718195443645084,0.755639228604498,1061,230,40,55,16,14,24,41
0.720107656156074,0.776349320916217,1064,227,29,34,14,11,15,23
0.746958210491834,0.79291058308354,1069,222,34,35,16,12,18,23
0.770321018719738,0.769916680306232,1072,219,42,23,22,14,20,9
0.723790642347343,0.770634682105403,1063,228,30,81,13,20,17,61
0.769751724917996,0.806034851397426,1064,227,28,62,13,19,15,43
0.724032856385798,0.782642856499246,1095,196,33,65,15,18,18,47
0.749828178694158,0.810094285316837,1068,223,30,95,17,27,13,68
0.762800819252432,0.794713107565775,1058,233,31,118,16,20,15,98
0.70228654507005,0.750438845613976,1073,218,30,42,12,14,18,28
0.840873015873016,0.848210251002528,1099,192,31,28,21,11,10,17
0.72278305621536,0.77544714510243,1070,221,28,26,12,8,16,18
0.713921747042766,0.759917063944578,1062,229,35,169,12,31,23,138
0.734773081019087,0.782368147207433,1061,230,39,105,23,24,16,81
0.735670095408468,0.812710658326276,1052,239,43,119,25,30,18,89
0.711171063149481,0.730805726960759,1046,245,40,31,20,15,20,16
0.789740673339399,0.791148786103509,1086,205,35,13,20,7,15,6
0.697062350119904,0.77172926392903,1082,209,40,43,22,11,18,32
0.768349042262086,0.801730350650988,1082,209,26,33,13,11,13,22
0.739763033175356,0.790698460231698,1077,214,25,72,13,13,12,59
0.740315676832531,0.777378929769568,1067,224,45,61,19,16,26,45
0.714342313787639,0.761414637665335,1069,222,29,38,7,9,22,29
0.752497235883945,0.788009112468164,1071,220,42,74,18,18,24,56
0.676650692225772,0.698206853876461,1078,213,39,80,13,14,26,66
0.773480889940517,0.82476796015044,1060,231,49,95,26,32,23,63
0.691038858049167,0.761367099692345,1051,240,30,55,17,20,13,35
0.745263544847868,0.765362644449839,1079,212,28,46,14,13,14,33
0.754248710736052,0.838331633971574,1076,215,27,91,13,21,14,70
0.757970344856555,0.7552891968619,1050,241,38,14,20,8,18,6
0.775272384697305,0.807909059038411,1066,225,39,44,20,18,19,26
0.6957034372502,0.763834786425862,1058,233,40,74,17,22,23,52
0.760445468509985,0.812757170902834,1068,223,31,28,16,8,15,20
0.789630697884855,0.823072323602048,1062,229,28,51,17,15,11,36
0.750399042298483,0.787495326497972,1058,233,38,64,18,19,20,45
0.67948717948718,0.700672816200877,1066,225,39,45,12,5,27,40
0.796492582713276,0.833008608309538,1090,201,34,45,19,13,15,32
0.74739056779059,0.763533111798441,1082,209,29,12,15,7,14,5
0.728195529810372,0.789020909061166,1073,218,29,59,14,11,15,48
0.73484689377074,0.781696446544735,1069,222,38,130,15,26,23,104
0.784493767102463,0.816181387519041,1075,216,26,59,14,16,12,43
0.764495631453534,0.793502312487491,1058,233,32,29,17,10,15,19
0.744744194167976,0.747582444563083,1047,244,46,21,22,9,24,12
0.749784473468684,0.783759645802675,1074,217,37,52,15,13,22,39
0.795719636169074,0.83113615040472,1060,231,45,41,27,17,18,24
0.706594276665536,0.786508559479291,1077,214,28,100,13,25,15,75
0.732471875950137,0.767702126089115,1071,220,26,67,11,15,15,52
0.721612709832134,0.750248697230043,1064,227,40,146,18,28,22,118
0.730041181150265,0.822243609387238,1078,213,34,107,15,23,19,84
0.742087006792889,0.797237540291032,1085,206,33,92,15,20,18,72
0.73897383122611,0.780644398565314,1059,232,38,49,17,16,21,33
0.771995576308675,0.798191296947016,1037,254,39,76,20,24,19,52
0.736452742993441,0.812427446837059,1057,234,43,89,24,26,19,63
0.687442790383967,0.731720246649378,1084,207,33,60,13,16,20,44
0.778251172366465,0.839288385003629,1063,228,42,103,22,27,20,76
0.722078353253652,0.728501766936133,1076,215,36,18,13,9,23,9
0.728935395814377,0.775390626039078,1063,228,35,69,17,20,18,49
0.77578774947196,0.823340046397314,1088,203,37,65,20,16,17,49
0.752479526842584,0.807932912734111,1080,211,35,39,13,11,22,28
0.772930500221337,0.810503821349595,1069,222,36,68,17,22,19,46
0.814556535144771,0.854660715181844,1059,232,33,60,24,22,9,38
0.728346704750704,0.774178562586557,1059,232,38,35,20,15,18,20
0.778127843494086,0.82114475408424,1072,219,35,54,21,17,14,37
0.803127498001599,0.859683730683834,1056,235,40,124,29,40,11,84
0.735009809167112,0.76299666938702,1071,220,45,37,19,8,26,29
0.779409666488318,0.818023538641237,1048,243,45,70,26,12,19,58
0.712792891183479,0.721683256602483,1052,239,32,14,17,6,15,8
0.747614073892029,0.74198817467556,1052,239,39,18,17,6,22,12
0.736074733717478,0.770829232186374,1058,233,46,50,21,17,25,33
0.710606580502497,0.757709044840614,1099,192,42,69,19,18,23,51
0.688965853658537,0.715438450852301,1083,208,41,73,17,12,24,61
0.721643835616438,0.766740472292864,1058,233,50,59,25,15,25,44
0.764294197488972,0.817200096802229,1087,204,28,67,12,11,16,56
0.700229520738838,0.73652925434053,1072,219,29,76,8,14,21,62
0.743241714738152,0.767678306537107,1034,257,28,84,14,18,14,66
0.746644676979072,0.793682238114032,1069,222,35,96,17,27,18,69
0.734099181073703,0.796886666908938,1077,214,35,65,17,20,18,45
0.820803500397773,0.822846766281285,1066,225,34,14,20,7,14,7
0.743146256304151,0.740471985268867,1061,230,37,15,14,5,23,10
0.791590621928962,0.791510265401636,1041,250,34,20,21,12,13,8
0.809229747675963,0.848027791211527,1078,213,36,36,24,12,12,24
0.798762225653985,0.846781729432459,1051,240,34,23,23,8,11,15
0.774181649270452,0.806988630773716,1091,200,29,19,13,6,16,13
0.70889656938044,0.759286802177429,1076,215,31,96,13,21,18,75
0.703674402250352,0.747995141264241,1073,218,27,50,11,7,16,43
0.724776545463054,0.722391452327448,1077,214,34,17,17,7,17,10
0.717278531524342,0.772651001868151,1082,209,38,105,14,21,24,84
0.756962237997228,0.763574155842012,1081,210,38,15,17,6,21,9
0.698327514116988,0.73243992042484,1057,234,37,27,16,7,21,20
0.749754239370853,0.821426687731449,1086,205,39,107,18,29,21,78
0.766259160669099,0.811714955531499,1061,230,49,60,27,24,22,36
0.744943820224719,0.805362551972322,1064,227,45,93,23,19,22,74
0.711708299758259,0.73788679914748,1036,255,50,34,23,15,27,19
0.765092682926829,0.808873636812293,1078,213,41,92,23,23,18,69
0.734201905254537,0.782715521838481,1052,239,37,52,17,15,20,37
0.797258871701547,0.835849148883597,1061,230,35,73,19,19,16,54
0.729526339088092,0.736773330714515,1057,234,36,20,18,11,18,9
0.69773490620136,0.742601304429837,1072,219,39,35,18,10,21,25
0.763169544046038,0.816927479036698,1100,191,36,70,16,21,20,49
0.765727418065548,0.767462945927523,1046,245,40,20,22,7,18,13
0.736166445329792,0.752229858320372,1055,236,36,26,18,12,18,14
0.732346194806259,0.765260745828403,1059,232,39,63,14,12,25,51
0.721895340316393,0.753938020397664,1086,205,37,27,16,10,21,17
0.777777777777778,0.813923250486575,1099,192,36,23,19,10,17,13
0.725670858023799,0.777581415050901,1062,229,33,112,15,24,18,88
0.764814279520162,0.797324652098711,1093,198,33,121,15,29,18,92
0.793245198631939,0.825539938167639,1049,242,24,120,13,26,11,94
0.855403594122319,0.882112653200232,1084,207,32,40,24,15,8,25
0.667601126472094,0.727389255998997,1070,221,31,64,13,12,18,52
0.776497695852534,0.832479298217277,1062,229,31,52,14,13,17,39
0.767350079428118,0.770213689007986,1076,215,32,10,16,5,16,5
0.761414709959256,0.794009788719388,1068,223,38,78,19,23,19,55
0.6884193062872,0.744456865910583,1050,241,47,88,21,24,26,64
0.721076339497392,0.737177749973136,1069,222,37,27,15,10,22,17
0.751919350029815,0.808255547375653,1059,232,43,70,20,21,23,49
0.745996076333155,0.796052226851524,1058,233,45,99,24,25,21,74
0.706280443122548,0.739790840048445,1060,231,37,59,17,19,20,40
0.669249685462656,0.73543615437449,1089,202,42,87,16,20,26,67
0.800465537307642,0.822896658019585,1045,246,37,31,21,10,16,21
0.723461231015188,0.778526036663833,1090,201,40,39,20,17,20,22
0.733729844039122,0.784443960735686,1067,224,30,84,13,25,17,59
0.720883293365308,0.77685795277992,1042,249,40,88,23,33,17,55
0.741099388158212,0.772211069234824,1055,236,33,36,15,12,18,24
0.802282926829268,0.842594823038183,1057,234,41,65,26,20,15,45
0.731313849734902,0.773747386972542,1074,217,37,89,17,23,20,66
0.672421068308181,0.721733144459555,1066,225,32,34,11,10,21,24
0.811192172831128,0.840562872296453,1070,221,28,59,17,11,11,48
0.783493205435651,0.81950909759581,1068,223,40,42,22,11,18,31
0.695835515976951,0.707182264379938,1069,222,46,22,17,5,29,17
0.760945108455069,0.807370274158694,1058,233,36,48,19,18,17,30
0.76174146541698,0.764694685326757,1045,246,47,15,25,10,22,5
0.733371735791091,0.75099986457399,1093,198,31,106,10,19,21,87
0.793663588174217,0.83619221968038,1062,229,29,64,17,19,12,45
0.7397406733394,0.804060469105367,1061,230,35,147,14,32,21,115
0.679210034694422,0.715465854791112,1074,217,42,31,15,11,27,20
0.744489674344718,0.774593976103622,1067,224,32,39,15,12,17,27
0.803464678865641,0.824953158687342,1062,229,44,24,29,16,15,8
0.751085240726125,0.756307469009838,1081,210,24,10,10,3,14,7
0.730141037306642,0.802749120150735,1073,218,35,78,17,19,18,59
0.724004919499106,0.769168742111244,1056,235,43,74,19,21,24,53
0.735547875064004,0.806030300355986,1052,239,31,180,17,38,14,142
0.708640458640459,0.705887563677775,1081,210,37,19,14,7,23,12
0.69758064516129,0.764515341775564,1077,214,31,98,14,22,17,76
0.763560666137986,0.806285172268906,1083,208,30,60,14,9,16,51
0.75910293679189,0.804812405061229,1029,262,43,74,23,23,20,51
0.757434519043807,0.790051144755721,1067,224,42,35,21,13,21,22
0.786915870817234,0.787876382537417,1056,235,44,17,24,12,20,5
0.737378375694996,0.762858842065991,1075,216,32,29,15,11,17,18
0.732722929936306,0.777820883989691,1071,220,35,71,15,20,20,51
0.733882893685052,0.767719281461585,1067,224,40,86,17,29,23,57
0.728763440860215,0.754232889749437,1064,227,31,44,13,9,18,35
0.680941052075073,0.741737636394072,1070,221,30,42,13,13,17,29
0.732923661071143,0.763273985690914,1088,203,40,38,16,11,24,27
0.758704061895551,0.808956603691444,1053,238,22,66,12,21,10,45
0.710660757453666,0.753979233231044,1073,218,50,93,18,30,32,63
0.758673230192217,0.793028458950523,1069,222,27,54,15,19,12,35
0.799499491007805,0.802958353436141,1077,214,28,13,18,10,10,3
0.74710244385985,0.774191304187119,1073,218,42,101,21,18,21,83
0.74180199057098,0.783277119728731,1055,236,46,108,22,33,24,75
0.745221902303415,0.795134168429038,1048,243,32,79,19,21,13,58
0.715418768050347,0.729548283586155,1068,223,37,15,17,5,20,10
0.667766275424655,0.681254294979582,1074,217,44,19,17,9,27,10
0.607441184245308,0.641433411587782,1049,242,30,84,10,25,20,59
0.677717073170732,0.733436619932051,1073,218,41,76,17,19,24,57
0.770152722443559,0.804899094198144,1067,224,36,72,19,26,17,46
0.770351219512195,0.824992624697722,1051,240,41,104,24,28,17,76
0.709572819831784,0.75881390389599,1054,237,36,64,14,17,22,47
0.775486431131592,0.803505104663841,1086,205,31,42,16,10,15,32
0.7469909234412,0.795531563591616,1075,216,24,41,11,14,13,27
0.77751217352811,0.815918452464108,1084,207,36,106,19,19,17,87
0.715302300695559,0.759067274566061,1050,241,45,67,22,21,23,46
0.805940667859273,0.806332843003568,1043,248,43,16,22,8,21,8
0.681839809674861,0.693301738216471,1070,221,30,14,10,6,20,8
0.74295219898096,0.822482875369157,1063,228,48,80,27,29,21,51
0.782615170770453,0.807039341956142,1078,213,32,23,17,4,15,19
0.790591397849462,0.843742284746988,1090,201,31,67,12,19,19,48
0.732757857459053,0.770465783542653,1069,222,36,72,15,12,21,60
0.698008988952829,0.702297193063551,1052,239,38,15,16,6,22,9
0.701201327340698,0.732971957106635,1066,225,38,61,14,17,24,44
0.721003197442046,0.770582072917532,1064,227,40,59,20,15,20,44
0.734403424291065,0.797329417483811,1060,231,45,84,23,24,22,60
0.658150715563506,0.714430342600756,1051,240,43,104,18,25,25,79
0.732182354386827,0.795074800630324,1080,211,39,93,18,20,21,73
0.77585606619153,0.82598701852331,1073,218,39,80,24,22,15,58
0.708633573525487,0.711878600677533,1093,198,42,21,20,10,22,11
0.700198255352894,0.698059153988411,1050,241,30,12,14,5,16,7
0.739388871997568,0.782105105328679,1054,237,26,39,13,14,13,25
0.712605536186836,0.74863437809626,1065,226,38,80,18,20,20,60
0.657108065002802,0.699630481449966,1062,229,37,122,14,38,23,84
0.738515007898894,0.774817571206245,1083,208,25,62,10,8,15,54
0.722731814548361,0.759084434995173,1059,232,40,107,14,18,26,89
0.769464428457234,0.822379525261076,1065,226,40,67,22,24,18,43
0.674697432417147,0.719967491566195,1075,216,28,80,13,22,15,58
0.773179878443036,0.821998121232697,1073,218,37,81,16,16,21,65
0.72784178187404,0.725753096571926,1081,210,31,18,12,6,19,12
0.706682908388289,0.728390191570271,1070,221,38,57,15,14,23,43
0.692960903487219,0.728461247411436,1081,210,37,55,11,16,26,39
0.668581683287566,0.70333473142685,1066,225,33,107,9,16,24,91
0.743957503320053,0.767043329546064,1086,205,36,83,14,16,22,67
0.7361317625529,0.787057978166349,1070,221,42,70,21,19,21,51
0.807607072312955,0.834776579619804,1047,244,33,21,21,12,12,9
0.657781846002514,0.748158355856514,1056,235,29,92,10,21,19,71
0.74609872611465,0.790721776641639,1062,229,35,53,15,15,20,38
0.810930478456252,0.814251123935974,1076,215,30,16,17,8,13,8
0.717979438027361,0.795192740525362,1063,228,39,77,19,14,20,63
0.763372174645515,0.811659879812499,1061,230,34,59,18,17,16,42
0.795252324037185,0.824704388861836,1059,232,36,65,19,22,17,43
0.733489862850328,0.764397409846271,1086,205,43,55,15,15,28,40
0.758550947260625,0.790243167066793,1064,227,31,31,15,11,16,20
0.797008238184709,0.82998442001875,1052,239,33,68,21,27,12,41
0.767396313364055,0.770697803914444,1064,227,31,12,19,8,12,4
0.783868142516398,0.82335664762324,1080,211,43,74,22,18,21,56
0.724302788844622,0.758715943093701,1073,218,36,91,13,26,23,65
0.776645768025078,0.799353515771454,1055,236,44,73,20,17,24,56
0.728248301777714,0.764602737469149,1096,195,33,24,15,11,18,13
0.766147082334133,0.795059275064823,1065,226,40,83,20,25,20,58
0.797147737376573,0.822962715313969,1066,225,34,83,21,22,13,61
0.732904187843912,0.793377908550275,1060,231,38,126,17,33,21,93
0.796192733017378,0.848937910441376,1081,210,25,114,15,27,10,87
0.715367705835332,0.770935236946626,1067,224,40,104,15,23,25,81
0.777467906153165,0.834020131543383,1051,240,36,80,20,26,16,54
0.760441807455082,0.795145231762537,1075,216,48,58,24,15,24,43
0.740840602696273,0.783654698143347,1071,220,30,50,13,10,17,40
0.698817106460419,0.758876077595853,1078,213,35,50,16,8,19,42
0.7560601806355,0.790778410388812,1065,226,34,79,17,14,17,65
0.748309320788003,0.807289186061817,1071,220,38,67,22,20,16,47
0.705367588562872,0.762845779638801,1051,240,34,51,17,13,17,38
0.784470299176181,0.816124017309386,1058,233,33,71,19,24,14,47
0.744986064812285,0.807474109801736,1099,192,29,83,14,15,15,68
0.756608280254777,0.774491348224669,1093,198,35,20,16,8,19,12
0.773016291608064,0.830481331146932,1072,219,27,48,17,20,10,28
0.723126946827696,0.769874748938171,1070,221,29,29,14,9,15,20
0.770230190349712,0.774303498954206,1064,227,36,18,18,8,18,10
0.724256484794276,0.769569206512278,1057,234,43,77,18,20,25,57
0.741400491400491,0.742795263951427,1055,236,33,14,15,7,18,7
0.787619904076739,0.838212165630544,1071,220,40,89,22,25,18,64
0.756778889899909,0.807461250908937,1087,204,35,87,17,21,18,66
0.747853032315184,0.797454995938262,1087,204,36,54,18,15,18,39
0.764058234758872,0.765326669103962,1076,215,35,18,15,8,20,10
0.732726948457285,0.78389018743648,1068,223,45,89,22,21,23,68
0.724781572676727,0.779613888628652,1053,238,32,32,15,10,17,22
0.751500074537865,0.755825795702674,1079,212,43,17,22,6,21,11
0.788933156263834,0.842131512659998,1058,233,36,82,21,22,15,60
0.762657745243814,0.765102094624235,1076,215,42,20,21,11,21,9
0.762130295763389,0.800034086854062,1063,228,40,79,18,20,22,59
0.713033505365774,0.758007096869249,1057,234,39,39,21,11,18,28
0.692220008853475,0.728414931983783,1066,225,36,28,15,11,21,17
0.737564119143067,0.736705579356151,1073,218,37,15,18,7,19,8
0.713011828935396,0.717447547228043,1077,214,35,16,14,7,21,9
0.720423661071143,0.74732017372131,1068,223,40,80,13,19,27,61
0.698369787826657,0.764481365209269,1069,222,39,113,17,24,22,89
0.661541463414634,0.708981712021322,1056,235,41,62,18,18,23,44
0.761609119079239,0.771587848770992,1072,219,36,20,15,7,21,13
0.724772619509462,0.759765162386593,1069,222,37,69,18,20,19,49
0.769968725178713,0.797649977284664,1066,225,32,19,17,8,15,11
0.792585053114325,0.821550335317293,1047,244,34,31,17,10,17,21
0.759815620759044,0.775611714033817,1089,202,34,51,12,15,22,36
0.714487804878049,0.715098340932473,1057,234,41,14,19,7,22,7
0.705185851318945,0.750396576918255,1078,213,40,109,20,25,20,84
0.690858536585366,0.746605040838,1081,210,41,99,17,17,24,82
0.74994150404792,0.78122324409364,1084,207,34,44,16,14,18,30
0.724237606590548,0.768880497601047,1081,210,33,43,16,17,17,26
0.780668878512329,0.794129849251917,1094,197,39,38,18,12,21,26
0.704001802244614,0.707625625132154,1065,226,39,16,17,8,22,8
0.742679756447972,0.74742375708508,1050,241,47,22,23,11,24,11
0.767920969023034,0.799922594425359,1085,206,32,107,14,19,18,88
0.780553670399276,0.827646856614776,1065,226,28,85,19,19,9,66
0.790271377368151,0.838924921563022,1068,223,31,61,17,21,14,40
0.711398564339741,0.785082946127835,1077,214,33,83,17,20,16,63
0.76478659785369,0.816306355555413,1070,221,39,104,21,23,18,81
0.731551219512195,0.740050712460641,1074,217,41,22,20,12,21,10
0.75671745719669,0.763231296929404,1046,245,39,19,21,9,18,10
0.677459789515488,0.712023649210176,1068,223,32,27,12,4,20,23
0.760738606600314,0.794396600170058,1073,218,46,33,23,14,23,19
0.757248780487805,0.808388195845114,1049,242,41,114,20,27,21,87
0.791424390243902,0.83580613825711,1076,215,41,127,21,33,20,94
0.726345963188068,0.747277319712017,1081,210,37,19,18,6,19,13
0.727610362146445,0.728535536822025,1059,232,30,14,16,5,14,9
0.745948101211259,0.794826391372657,1083,208,37,109,18,27,19,82
0.766469517743403,0.79809752651608,1076,215,35,90,17,29,18,61
0.813375609756097,0.846551914073269,1057,234,41,86,27,24,14,62
0.705460808401985,0.754684439982947,1047,244,33,69,19,19,14,50
0.655945359220119,0.695495362131197,1056,235,39,46,9,11,30,35
0.733145825251089,0.796172546954408,1064,227,37,31,20,16,17,15
0.754358161648178,0.805618932837991,1079,212,29,51,14,12,15,39
0.777934791513066,0.807883907908156,1081,210,39,66,20,14,19,52
0.779315411668353,0.813566872488425,1061,230,33,26,19,10,14,16
0.635027371869477,0.669419697604408,1092,199,37,52,10,12,27,40
0.777171556583321,0.782112113099676,1049,242,33,13,20,7,13,6
0.701659880104061,0.703331788578262,1057,234,28,20,10,6,18,14
0.714686611745435,0.718176887476508,1035,256,33,15,16,7,17,8
0.736107317073171,0.744948637841199,1072,219,41,21,15,8,26,13
0.747841965471447,0.823292601441215,1074,217,36,82,20,18,16,64
0.726585365853659,0.77059930743715,1094,197,41,99,9,14,32,85
0.812512410643368,0.832218209012458,1067,224,32,46,17,14,15,32
0.768262436239412,0.768794008066474,1057,234,34,11,17,5,17,6
0.731024488595791,0.773888452168429,1053,238,38,76,18,19,20,57
0.753913237924866,0.805439431013236,1087,204,43,101,21,31,22,70
0.769705227379278,0.819851602698799,1067,224,27,54,14,14,13,40
0.774544901492817,0.810257273732393,1069,222,34,32,17,12,17,20
0.787324895551733,0.826933197591154,1068,223,39,31,22,9,17,22
0.765927027336155,0.79759717532465,1056,235,42,52,23,18,19,34
0.739785227867994,0.743453048879976,1075,216,46,23,25,10,21,13
0.784898009338904,0.817447649621985,1067,224,39,86,24,31,15,55
0.737148767100844,0.742605329861327,1070,221,39,16,21,9,18,7
0.784993359893758,0.829604134902586,1069,222,36,47,22,19,14,28
0.733544549334023,0.783119133558341,1071,220,37,36,16,13,21,23
0.76945126945127,0.830558720996163,1078,213,37,90,17,25,20,65
0.711459642603421,0.761329321035177,1067,224,29,50,14,12,15,38
0.742436286553934,0.74776219712106,1080,211,33,13,13,4,20,9
0.740217825739408,0.764984183780027,1081,210,40,33,18,11,22,22
0.770465150913423,0.818514034406703,1094,197,32,53,18,15,14,38
0.734189327112342,0.796730170252623,1071,220,44,83,22,26,22,57
0.718517662872264,0.759328700678701,1074,217,38,39,19,9,19,30
0.731220534311158,0.787229021625755,1070,221,46,61,22,19,24,42
0.771356097560976,0.822378915711186,1086,205,41,73,24,18,17,55
0.74599358974359,0.791901716737768,1050,241,43,107,22,29,21,78
0.738091496420465,0.741758652846696,1069,222,46,24,23,11,23,13
0.650466640190627,0.694377128492158,1050,241,32,41,12,11,20,30
0.702582261405791,0.796255126601757,1072,219,33,90,18,22,15,68
0.697786513173288,0.69549284324972,1071,220,34,13,17,6,17,7
0.74628394994262,0.784945557637574,1061,230,29,76,12,18,17,58
0.691513706219589,0.746376447404283,1072,219,33,86,12,19,21,67
0.837206728640992,0.857179696619287,1067,224,36,82,23,25,13,57
0.717209756097561,0.764226934740434,1074,217,41,141,18,29,23,112
0.717621894045945,0.754257516119531,1058,233,27,30,11,7,16,23
0.744002095337873,0.777040865123108,1063,228,46,81,20,18,26,63
0.693655679110405,0.746932928332387,1058,233,32,78,14,11,18,67
0.715246346825294,0.754858279107626,1056,235,37,78,16,20,21,58
0.814988104678826,0.846250449497691,1076,215,30,52,18,16,12,36
0.722393923520168,0.752734643617109,1075,216,46,47,21,15,25,32
0.715203241519031,0.742209065314117,1089,202,37,70,14,20,23,50
0.758117968987534,0.800562340650488,1064,227,26,73,13,20,13,53
0.694665781319168,0.723387117223162,1049,242,36,102,13,22,23,80
0.762371224026541,0.80577608471657,1069,222,46,92,22,22,24,70
0.762085859163521,0.809235872653559,1085,206,42,98,22,25,20,73
0.744279095886565,0.779675720938196,1071,220,34,72,18,14,16,58
0.714445729151612,0.717864373244686,1048,243,33,16,17,9,16,7
0.726625704045059,0.729179873161333,1057,234,31,18,14,8,17,10
0.79109925593149,0.836808894619398,1055,236,34,80,18,19,16,61
0.713718654177343,0.713915058750078,1059,232,38,15,18,6,20,9
0.743682915921288,0.794317807374551,1081,210,43,93,18,17,25,76
0.765921951219512,0.80133831726542,1072,219,41,129,16,22,25,107
0.772045995241872,0.80879373945879,1042,249,30,64,16,16,14,48
0.787531002854602,0.807836989106558,1088,203,34,105,16,28,18,77
0.732929876300483,0.755177327022402,1063,228,39,75,15,15,24,60
0.770684190392918,0.828484934469188,1064,227,29,76,14,15,15,61
0.727121858700806,0.785180431156895,1071,220,37,88,15,24,22,64
0.803780068728522,0.839527283947903,1060,231,30,77,18,16,12,61
0.675602820746133,0.735772735028569,1038,253,35,91,13,22,22,69
0.751518784972022,0.804996477184668,1076,215,40,109,18,24,22,85
0.727791251235067,0.768269071172895,1049,242,54,140,25,33,29,107
0.81171412053765,0.872100234833723,1056,235,33,81,22,24,11,57
0.709300773952495,0.708803817749632,1080,211,42,21,16,7,26,14
0.719301324348355,0.757349120745707,1051,240,34,83,18,17,16,66
0.732100434177111,0.757583595019821,1072,219,39,125,15,30,24,95
0.681498289923704,0.685456502822266,1072,219,24,12,10,3,14,9
0.71153451460628,0.718996840820865,1061,230,47,14,19,6,28,8
0.701227648785695,0.725844549893704,1059,232,42,30,17,10,25,20
0.815126566724011,0.853420540373805,1058,233,39,58,22,23,17,35
0.762328991562218,0.801821588023899,1070,221,39,30,22,14,17,16
0.724094881398252,0.775981651626094,1078,213,45,109,19,21,26,88
0.783974448968132,0.830234912348141,1079,212,34,104,20,25,14,79
0.713656639597392,0.772908382810694,1071,220,42,111,18,23,24,88
0.779557091653866,0.827144299295833,1066,225,31,109,15,26,16,83
0.782293530113298,0.834840857673026,1059,232,43,139,23,37,20,102
0.697270800211977,0.744613004739987,1070,221,33,68,15,16,18,52
0.731734126470969,0.732597225048065,1076,215,37,18,17,10,20,8
0.74044772620722,0.784739571328848,1069,222,27,80,12,23,15,57
0.692303547566706,0.767404687171783,1064,227,37,65,17,20,20,45
0.786270844709539,0.820947988734009,1058,233,38,27,23,11,15,16
0.652217011704602,0.693491266898486,1058,233,42,127,15,23,27,104
0.726669252985042,0.739006668844313,1086,205,37,18,16,8,21,10
0.783519108280255,0.829833156892177,1083,208,35,54,17,16,18,38
0.716043794991163,0.773575421733883,1066,225,37,72,17,14,20,58
0.737428018268467,0.771351325033057,1070,221,32,70,11,11,21,59
0.717606211944996,0.750964030484349,1076,215,47,32,21,14,26,18
0.679226618705036,0.752114450967694,1064,227,40,59,18,11,22,48
0.727091633466135,0.764827660541922,1041,250,36,45,18,14,18,31
0.70990207833733,0.752800217034818,1052,239,40,53,20,14,20,39
0.682182985553772,0.740754649287818,1055,236,45,73,19,20,26,53
0.67782016466227,0.74081114588462,1056,235,37,124,15,34,22,90
0.783735607265019,0.810123808003073,1084,207,33,133,21,40,12,93
0.737116782337833,0.789878025573238,1069,222,29,38,14,9,15,29
0.834779825908858,0.874428296005605,1058,233,31,62,21,12,10,50
0.71568865916692,0.755387331850181,1078,213,26,82,13,14,13,68
0.656524780175859,0.7258188279686,1062,229,40,81,18,21,22,60
0.690887411475647,0.722606705357241,1071,220,33,28,12,9,21,19
0.749835969964278,0.775837247561171,1055,236,44,46,18,12,26,34
0.799743523427734,0.817083602997973,1059,232,37,70,20,26,17,44
0.714808835228602,0.753034508457402,1080,211,34,73,12,17,22,56
0.664806495390519,0.730103624062922,1076,215,34,101,14,14,20,87
0.737776704330659,0.779650057661385,1044,247,38,97,20,30,18,67
0.757769731453942,0.813033206906101,1059,232,37,106,20,28,17,78
0.766896482813749,0.814758664531524,1044,247,40,89,24,26,16,63
0.728987466207913,0.74225963890892,1088,203,39,22,18,7,21,15
0.692404885581918,0.742212587548406,1064,227,34,83,14,22,20,61
0.742175522072429,0.775224033173929,1077,214,30,33,12,9,18,24
0.722632423756019,0.768434483505598,1077,214,45,104,18,20,27,84
0.736188951160929,0.792049506307412,1072,219,42,102,20,25,22,77
0.695915939730373,0.765781186083192,1066,225,30,85,13,21,17,64
0.682255039849977,0.74804632581856,1067,224,27,98,12,18,15,80
0.746134152585765,0.806995300399149,1082,209,31,109,15,26,16,83
0.730057547587428,0.779056610414294,1047,244,36,110,15,31,21,79
0.682221968050631,0.717005541842325,1081,210,42,99,14,19,28,80
0.686482327243844,0.716630197809338,1054,237,32,45,12,14,20,31
0.733270142180095,0.779320352318908,1064,227,25,33,9,9,16,24
0.776186457505957,0.836416746402044,1053,238,32,39,19,10,13,29
0.794912559618442,0.82969973265352,1085,206,33,101,17,23,16,78
0.744385984978459,0.796106986129366,1064,227,42,72,25,24,17,48
0.751029216467464,0.753202802630921,1064,227,36,17,19,11,17,6
0.734611405664037,0.786451199482962,1056,235,37,84,16,17,21,67
0.730282926829268,0.781649929962832,1057,234,41,132,19,33,22,99
0.735808882025364,0.735914715395734,1079,212,34,16,18,9,16,7
0.786736497262813,0.851832743772744,1088,203,37,125,23,31,14,94
0.718102318341935,0.749901042560357,1081,210,39,33,12,3,27,30
0.76131850675139,0.795039776521518,1068,223,32,52,19,18,13,34
0.753143688047841,0.807333537460205,1081,210,39,46,17,14,22,32
0.765002274795268,0.797288081814733,1064,227,35,95,20,26,15,69
0.743447993447993,0.797274524028419,1075,216,33,103,16,27,17,76
0.802445772465693,0.841023661598699,1064,227,36,62,21,14,15,48
0.711454183266932,0.761091052489655,1049,242,36,54,16,18,20,36
0.777591973244147,0.778981265649635,1072,219,26,11,12,6,14,5
0.780277525022748,0.81795489676481,1058,233,35,83,20,21,15,62
0.735726829268293,0.777317757350915,1048,243,41,39,22,14,19,25
0.703774630245218,0.74185535444712,1059,232,33,82,13,17,20,65
0.754644578595162,0.788739290035708,1096,195,34,31,12,13,22,18
0.734829204841081,0.780654667610162,1059,232,28,35,15,12,13,23
0.731483166515014,0.782221846787377,1079,212,35,45,17,12,18,33
0.726262342645889,0.757009873916565,1069,222,34,39,15,13,19,26
0.780292253976464,0.814946829754164,1052,239,37,46,18,15,19,31
0.748685288158972,0.774731792196328,1094,197,37,24,18,11,19,13
0.740190054886541,0.804541077927929,1056,235,39,121,22,30,17,91
0.793138760880696,0.844094867012718,1050,241,31,88,17,26,14,62
0.723727876106194,0.761776912362207,1037,254,48,69,24,21,24,48
0.684142698848581,0.726669323428877,1068,223,33,134,11,29,22,105
0.703448565547948,0.701306193610912,1051,240,38,23,18,12,20,11
0.783538146441372,0.860616345102017,1063,228,31,86,19,25,12,61
0.73278937042982,0.770137404122713,1078,213,45,37,24,18,21,19
0.742191162681669,0.777622788817522,1062,229,27,82,15,19,12,63
0.761392729134665,0.817901700313168,1061,230,31,75,17,22,14,53
0.761328480436761,0.776362813609537,1064,227,35,36,15,14,20,22
0.703549374282748,0.747096004022348,1065,226,29,74,14,21,15,53
0.731856455493184,0.779545948325065,1055,236,44,73,20,19,24,54
0.697683454446171,0.728623920273982,1060,231,38,53,18,11,20,42
0.722797698096503,0.778989964614012,1068,223,36,96,16,21,20,75
0.722891029070804,0.772905908631069,1092,199,45,85,18,22,27,63
0.730314017924335,0.783439824294888,1040,251,47,66,24,20,23,46
0.729986011191047,0.763979486042942,1070,221,40,34,18,12,22,22
0.761417834947247,0.803589972973326,1061,230,33,64,16,18,17,46
0.674612600384572,0.725317478569569,1070,221,28,58,9,14,19,44
0.822144336850219,0.843393899197018,1063,228,33,23,22,13,11,10
0.744787826656836,0.799292130307631,1063,228,39,56,21,14,18,42
0.753403571184238,0.754104914934064,1057,234,47,20,26,11,21,9
0.759514008484899,0.815082939183368,1077,214,38,138,20,25,18,113
0.742526829268293,0.771136617847888,1047,244,41,35,18,11,23,24
0.75492775172519,0.783085113534541,1064,227,42,36,15,9,27,27
0.745598731165741,0.751929342807321,1070,221,30,11,17,5,13,6
0.751303127506015,0.803150042421003,1058,233,44,62,22,17,22,45
0.753653556845046,0.784016318263201,1063,228,22,35,10,9,12,26
0.716627754567052,0.766525016542521,1047,244,39,45,18,18,21,27
0.839560148383678,0.890813151142336,1059,232,33,94,20,28,13,66
0.713356097560976,0.716313950085455,1057,234,41,24,18,13,23,11
0.757720287132052,0.760880032975032,1074,217,33,13,18,5,15,8
0.727277039848197,0.777736814905848,1069,222,51,159,21,26,30,133
0.774533912844561,0.818123559515145,1056,235,42,74,24,23,18,51
0.730084167424932,0.778976635910721,1065,226,35,72,17,18,18,54
0.729543778492893,0.794231691625868,1059,232,48,74,24,24,24,50
0.722771014070132,0.723173464563664,1054,237,44,23,22,13,22,10
0.704943166798837,0.709017894332391,1065,226,30,15,13,9,17,6
0.788103721298496,0.805899804487177,1068,223,28,17,13,8,15,9
0.690466143764893,0.742419361887335,1079,212,32,96,10,14,22,82
0.68107513988809,0.686105401929944,1056,235,40,25,18,11,22,14
0.77081264892772,0.809619838143355,1066,225,32,49,16,15,16,34
0.697024390243903,0.736631078410641,1066,225,41,61,16,14,25,47
0.793401105760656,0.824278881794981,1066,225,45,85,24,22,21,63
0.8,0.800661431120397,1063,228,36,15,18,9,18,6
0.751109961636277,0.792762792470882,1049,242,37,76,19,26,18,50
0.730298189563365,0.794639337183744,1079,212,39,73,19,16,20,57
0.732860686040526,0.776502466329239,1075,216,34,28,17,12,17,16
0.684860557768924,0.697384567408364,1101,190,36,37,8,7,28,30
0.712024859083683,0.744299639456732,1091,200,33,31,12,6,21,25
0.661414303549135,0.702113280261712,1079,212,45,42,17,14,28,28
0.711700639488409,0.767233228124123,1065,226,40,91,18,18,22,73
0.697906989452975,0.742235286909714,1081,210,29,72,12,14,17,58
0.765776542092331,0.7681055208951,1066,225,37,24,22,14,15,10
0.700719858614596,0.765145345819423,1083,208,37,59,15,17,22,42
0.721114698862839,0.778747349416084,1069,222,34,51,15,16,19,35
0.760714285714286,0.808860440454123,1079,212,31,86,15,20,16,66
0.71615599556776,0.766624259820226,1076,215,33,104,14,32,19,72
0.743926296633303,0.793585197032904,1065,226,35,81,16,14,19,67
0.733997155049787,0.793684512479374,1071,220,37,90,15,12,22,78
0.712993001385143,0.751029224938866,1063,228,44,82,19,18,25,64
0.794469643149899,0.85756332750369,1065,226,29,97,18,27,11,70
0.759045331503298,0.801904073253613,1057,234,42,48,22,17,20,31
0.783812239117472,0.78463708260148,1064,227,43,15,22,9,21,6
0.714589989350373,0.75979886358312,1058,233,39,70,18,19,21,51
0.737018467037331,0.785183751429068,1088,203,32,83,15,24,17,59
0.760513501549358,0.816091388243657,1081,210,36,129,17,27,19,102
0.734903546641893,0.78441857747753,1060,231,29,55,13,12,16,43
0.779556294262177,0.835560701972058,1060,231,33,123,20,33,13,90
0.749835569586951,0.796242541606016,1058,233,24,90,10,26,14,64
0.789073170731707,0.830317440531734,1081,210,41,34,23,13,18,21
0.779052976421397,0.82795471866513,1072,219,37,108,21,26,16,82
0.699652513183162,0.704898820764444,1073,218,53,26,23,14,30,12
0.757309868943606,0.819677787006252,1084,207,32,90,16,19,16,71
0.696269754395567,0.748275412563586,1071,220,47,96,20,21,27,75
0.718880800727934,0.767453171261287,1072,219,35,56,16,14,19,42
0.700573209975865,0.731086488447854,1079,212,48,25,19,9,29,16
0.713439177101968,0.750410502780185,1059,232,43,70,19,21,24,49
0.789155465626054,0.821833160734851,1070,221,33,106,19,31,14,75
0.72258064516129,0.77811216773746,1064,227,31,49,17,17,14,32
0.711066843736166,0.742571464048136,1075,216,36,117,15,28,21,89
0.77894521315574,0.81750533175418,1073,218,37,49,19,14,18,35
0.682898105478751,0.712153248008364,1054,237,31,75,12,22,19,53
0.728728756708408,0.757611977671445,1082,209,43,86,16,23,27,63
0.689573605308429,0.744591149320469,1057,234,39,34,18,9,21,25
0.748340824127358,0.789684116535337,1051,240,38,34,19,11,19,23
0.698699050025738,0.725028389996383,1055,236,34,73,15,19,19,54
0.702083420842609,0.753761204610411,1076,215,38,135,16,28,22,107
0.735443902439024,0.761251695905347,1084,207,41,44,13,9,28,35
0.753241619228336,0.801593732769942,1099,192,51,68,26,21,25,47
0.693956842576029,0.729944653089525,1070,221,43,62,13,10,30,52
0.710454077547752,0.755703146289986,1057,234,42,84,13,20,29,64
0.689010120177103,0.760681982152878,1063,228,51,73,24,15,27,58
0.741982413035045,0.808121481184137,1073,218,37,102,19,28,18,74
0.805666400638468,0.854429904374064,1070,221,38,54,25,16,13,38
0.804183266932271,0.837488549621145,1077,214,36,92,19,23,17,69
0.722354813046937,0.767669525988763,1069,222,34,98,12,21,22,77
0.741960860381913,0.781630075658658,1096,195,37,42,17,16,20,26
0.717142980300875,0.777897825661689,1056,235,37,114,18,29,19,85
0.777610798404284,0.80362384125255,1073,218,29,34,13,11,16,23
0.735176282051282,0.77970318046695,1079,212,43,103,19,18,24,85
0.740349477044567,0.806735955495648,1062,229,38,94,19,29,19,65
0.758135860979463,0.803510423675975,1061,230,25,38,14,7,11,31
0.747712188254224,0.80465246375545,1059,232,48,67,24,27,24,40
0.734460537092116,0.781269038967679,1079,212,37,54,21,14,16,40
0.775108161465115,0.789764610622135,1081,210,38,17,19,8,19,9
0.743510441448586,0.781187647523129,1070,221,30,45,11,14,19,31
0.66071686659922,0.685146898155973,1068,223,33,85,9,18,24,67
0.815315315315315,0.850989435930864,1063,228,37,69,25,21,12,48
0.682540946314832,0.686747115956727,1100,191,35,18,13,2,22,16
0.771175534653002,0.813425281563227,1068,223,34,95,17,22,17,73
0.757496740547588,0.794826017692765,1050,241,52,90,29,33,23,57
0.69734578520521,0.748368196252581,1055,236,39,74,19,19,20,55
0.737173001878884,0.780370256070006,1077,214,33,32,15,12,18,20
0.687935773665862,0.74342612418786,1076,215,48,119,25,29,23,90
0.735668491740371,0.734537515331289,1068,223,34,15,16,8,18,7
0.746477617264134,0.777513440306294,1074,217,45,39,16,15,29,24
0.669802049698161,0.731004529141525,1058,233,34,79,12,19,22,60
0.718630573248408,0.782154547041332,1077,214,35,68,12,14,23,54
0.746776158272777,0.750205361205735,1062,229,38,21,16,9,22,12
0.681668292682927,0.686592554242387,1067,224,41,23,14,8,27,15
0.692902458366376,0.743802875770562,1087,204,30,64,13,9,17,55
0.76119104716227,0.802504394071522,1059,232,40,87,18,18,22,69
0.797286512370311,0.825176073980296,1051,240,38,59,22,18,16,41
0.757370489962095,0.802699955301324,1062,229,34,92,18,28,16,64
0.693375299760192,0.758645825908384,1091,200,40,107,20,26,20,81
0.736646460025163,0.737373205498568,1077,214,42,23,18,10,24,13
0.841193036354327,0.854392319765744,1066,225,31,22,21,10,10,12
0.692942109436955,0.763599808038074,1086,205,30,58,11,8,19,50
0.733400917506349,0.73445953831134,1077,214,39,16,17,6,22,10
0.645477561556791,0.64649450459977,1076,215,32,15,13,7,19,8
0.774228906935072,0.807842319073442,1047,244,42,44,24,15,18,29
0.788824793575387,0.836881536004201,1075,216,28,53,16,15,12,38
0.762230215827338,0.812033594820611,1059,232,40,40,23,14,17,26
0.765150136487716,0.790233053689633,1082,209,35,39,17,16,18,23
0.792695805853701,0.842592406998202,1076,215,37,122,24,35,13,87
0.765822181554768,0.80564424449192,1069,222,42,33,23,14,19,19
0.78453237410072,0.787999041326362,1050,241,40,19,23,10,17,9
0.701859613624319,0.695243535205292,1077,214,33,20,16,9,17,11
0.732141084193804,0.793569359117011,1076,215,32,139,15,34,17,105
0.734417431785853,0.764169217058342,1075,216,37,63,17,16,20,47
0.726117751217353,0.755265282751318,1050,241,36,26,19,13,17,13
0.747543170012635,0.774708122850219,1078,213,34,51,17,14,17,37
0.727815667859272,0.778662905232123,1058,233,43,136,21,33,22,103
0.773628426550764,0.818121532421674,1053,238,42,40,23,20,19,20
0.810175609756097,0.867316728039506,1092,199,41,129,22,28,19,101
0.707207964044189,0.754652826756803,1045,246,38,107,14,32,24,75
0.75456472515296,0.829850010197862,1063,228,33,93,17,19,16,74
0.737107392675902,0.804011780631401,1070,221,23,41,10,13,13,28
0.68239891906684,0.722413502786359,1068,223,47,60,17,23,30,37
0.759708556946929,0.808821042515093,1082,209,43,63,25,20,18,43
0.791810721145451,0.837918755139644,1062,229,46,105,27,25,19,80
0.7660629884412,0.768635989630652,1072,219,34,23,18,11,16,12
0.713264542093687,0.763938883166615,1076,215,34,38,15,17,19,21
0.723899106181852,0.75544838568733,1094,197,34,60,12,15,22,45
0.665150078988942,0.669021951078417,1045,246,25,13,7,5,18,8
0.783519108280255,0.827502445592756,1052,239,35,102,19,23,16,79
0.75518038163387,0.822935019672799,1055,236,43,94,25,29,18,65
0.720828483986379,0.760240946708235,1048,243,37,40,14,11,23,29
0.76418798477622,0.821857404825891,1070,221,33,81,18,23,15,58
0.752331247112194,0.788908420854989,1032,259,38,108,18,28,20,80
0.734933435739887,0.761567695872622,1066,225,31,52,15,16,16,36
0.757623934094522,0.801584957529423,1075,216,33,58,15,20,18,38
0.785860571803064,0.822443071753612,1098,193,39,31,20,13,19,18
0.726008093655153,0.781356267859363,1071,220,33,81,16,20,17,61
0.721205046284918,0.726430026335568,1048,243,39,13,21,7,18,6
0.757514080901178,0.790103425799718,1080,211,31,26,17,8,14,18
0.730731707317073,0.761854331359758,1084,207,41,135,14,29,27,106
0.735048694112439,0.789104630874213,1060,231,36,80,20,18,16,62
0.723101147883125,0.761975665813682,1061,230,43,69,19,16,24,53
0.72484674060555,0.770541661882777,1074,217,34,85,16,25,18,60
0.659804367606915,0.692679585467243,1070,221,35,53,9,9,26,44
0.728858350951374,0.749729279785841,1032,259,44,49,18,20,26,29
0.77741935483871,0.825322931198033,1082,209,31,21,20,6,11,15
0.749362105416636,0.752907122483467,1041,250,44,17,24,8,20,9
0.747004181214708,0.744552852018229,1066,225,37,18,15,7,22,11
0.712320345374064,0.775944337018811,1073,218,29,53,16,15,13,38
0.738369304556355,0.740850303016995,1066,225,40,21,19,9,21,12
0.762075555996823,0.790222357385495,1081,210,32,29,18,13,14,16
0.734442446043165,0.77854922626439,1095,196,40,94,19,14,21,80
0.707505957108816,0.725247317501157,1071,220,32,28,12,8,20,20
0.777124375183769,0.792429430668503,1067,224,38,22,18,11,20,11
0.735021982414069,0.776265143910343,1070,221,40,38,21,12,19,26
0.71030243902439,0.75764158352357,1076,215,41,87,17,18,24,69
0.758663414634146,0.774387178814456,1071,220,41,19,18,8,23,11
0.741397849462366,0.800909016254267,1090,201,31,59,15,16,16,43
0.713988490482514,0.71321018603336,1080,211,36,12,14,4,22,8
0.682813191677734,0.720791123428017,1096,195,36,68,12,8,24,60
0.747899777376402,0.786392998303318,1065,226,38,34,17,14,21,20
0.760670107315475,0.806392322698885,1080,211,39,68,19,17,20,51
0.746368377947325,0.748895711069484,1072,219,37,14,16,5,21,9
0.741095056075944,0.791039918546381,1057,234,38,76,18,20,20,56
0.751034146341463,0.798793206020878,1088,203,41,109,20,27,21,82
0.821612709832134,0.8486477430284,1044,247,40,93,28,26,12,67
0.777831789240917,0.817167976488698,1059,232,42,98,23,25,19,73
0.746226206285967,0.794438267705997,1067,224,36,78,17,20,19,58
0.698349066770119,0.750168068544645,1075,216,37,75,15,21,22,54
0.717994310099573,0.776961424268616,1057,234,37,85,15,18,22,67
0.677547961630695,0.724992409120259,1040,251,40,32,17,10,23,22
0.716310053218634,0.768280878877981,1053,238,44,56,23,16,21,40
0.725177069499779,0.732654346320677,1071,220,36,11,15,3,21,8
0.73317701780472,0.736324690866249,1053,238,42,29,20,14,22,15
0.797847802051165,0.830590070850628,1056,235,42,105,24,35,18,70
0.838816328761135,0.875602965609992,1045,246,29,138,22,41,7,97
0.751529604470781,0.825012823122405,1057,234,33,95,20,26,13,69
0.83548770816812,0.831229474340407,1085,206,30,11,19,7,11,4
0.736534451945989,0.791851044617081,1054,237,32,76,15,16,17,60
0.7581777341008,0.790853154478638,1067,224,34,24,20,11,14,13
0.760080936551525,0.804366900572437,1048,243,33,42,15,14,18,28
0.74799943843886,0.783373288649208,1054,237,34,47,18,11,16,36
0.816719409282701,0.851806103017929,1090,201,27,43,17,13,10,30
0.700887170154686,0.70425324195112,1065,226,35,22,13,9,22,13
0.703203238335907,0.770021023072172,1072,219,34,99,17,19,17,80
0.798830103020779,0.837063919560429,1038,253,46,72,31,25,15,47
0.697418541959681,0.741837178646904,1065,226,27,26,12,5,15,21
0.756214915797915,0.813388295958751,1056,235,44,109,24,30,20,79
0.752757793764988,0.817968073774787,1068,223,40,95,21,24,19,71
0.799638761708741,0.836419323579493,1057,234,38,41,22,11,16,30
0.840663507109005,0.853638432873904,1073,218,25,18,17,9,8,9
0.788390880920761,0.819642840538924,1063,228,36,62,22,18,14,44
0.750489731437599,0.771567355468968,1067,224,25,13,10,5,15,8
0.783395121951219,0.823382013848029,1063,228,41,79,25,18,16,61
0.726600102406554,0.769286868829604,1061,230,31,32,14,13,17,19
0.715411049431668,0.756073146996938,1068,223,30,59,14,14,16,45
0.78077876254883,0.817337133874362,1069,222,38,29,20,13,18,16
0.668767772511848,0.691319496796552,1077,214,25,35,4,5,21,30
0.798060274229023,0.812993087511137,1061,230,34,65,18,19,16,46
0.731540084388186,0.784369791889677,1078,213,27,59,14,13,13,46
0.749485235621695,0.804882309575679,1082,209,34,109,15,24,19,85
0.757746790615316,0.786160372214268,1044,247,36,36,16,9,20,27
0.695533573141487,0.715831381994728,1054,237,40,20,20,9,20,11
0.746390243902439,0.74631837985075,1081,210,41,21,20,11,21,10
0.826195219123506,0.853506165480955,1075,216,36,79,22,17,14,62
0.735831350779804,0.831274598972254,1041,250,30,77,18,21,12,56
0.743170978465096,0.742679133179206,1059,232,33,12,15,7,18,5
0.695717107481813,0.754176782030947,1100,191,33,73,13,17,20,56
0.754889793486894,0.760619742660552,1075,216,32,18,15,9,17,9
0.776468292682927,0.822207761497022,1073,218,41,64,23,14,18,50
0.740067387336796,0.772297600923407,1087,204,34,87,13,17,21,70
0.742013609546795,0.794140828823621,1090,201,48,55,24,18,24,37
0.698382528324389,0.704408392977661,1074,217,43,29,17,9,26,20
0.62251288721877,0.666552134113106,1069,222,33,60,10,19,23,41
0.712796574477046,0.714826911944104,1080,211,34,17,17,11,17,6
0.775081910246227,0.822479848203318,1090,201,32,43,17,10,15,33
0.73842622526833,0.777499772485532,1068,223,37,76,17,19,20,57
0.775564409030544,0.780908457073242,1051,240,36,14,20,6,16,8
0.723390683093971,0.72408515689438,1061,230,44,22,21,12,23,10
0.675038402457757,0.689691640392653,1074,217,31,16,10,6,21,10
0.739237732448595,0.758736201304305,1059,232,39,22,21,12,18,10
0.757173351866561,0.79524569150151,1094,197,32,30,14,9,18,21
0.705797101449275,0.707939263238075,1053,238,46,17,21,8,25,9
0.740328474818331,0.741502919085372,1064,227,38,13,20,7,18,6
0.63488220841162,0.640519931022975,1059,232,33,15,11,3,22,12
0.798335974643423,0.84324936854659,1049,242,29,28,16,13,13,15
0.651234947161465,0.695097854415486,1049,242,39,81,15,19,24,62
0.80429105188913,0.824830147839203,1058,233,42,38,21,13,21,25
0.734092035533188,0.77072982459702,1078,213,42,77,15,13,27,64
0.705379287753288,0.747978157951023,1054,237,34,83,15,21,19,62
0.766910778175313,0.784438208045656,1053,238,43,46,19,15,24,31
0.721282583747746,0.726234009709697,1045,246,29,16,12,4,17,12
0.673789818526661,0.730416270189238,1074,217,37,43,13,9,24,34
0.695933654360621,0.74624065302551,1062,229,45,60,18,13,27,47
0.773009338903908,0.817510663649924,1061,230,39,96,19,21,20,75
0.766498913416447,0.811215517651322,1059,232,42,106,24,28,18,78
0.678751930366419,0.730230391150265,1071,220,34,65,11,13,23,52
0.778093541454587,0.813652785038082,1079,212,28,72,15,20,13,52
0.733769335759781,0.761101292930813,1058,233,35,30,15,9,20,21
0.807021466905188,0.842381562333204,1067,224,43,75,21,25,22,50
0.692229788720098,0.696891953921342,1067,224,46,23,15,8,31,15
0.772488085782367,0.81813391031094,1081,210,32,95,16,21,16,74
0.650491400491401,0.703102025352796,1055,236,33,94,11,17,22,77
0.761949663969277,0.838873914668909,1065,226,23,27,15,12,8,15
0.750010240026214,0.823608606777793,1092,199,39,96,21,24,18,72
0.751342129208371,0.789143659196069,1035,256,35,75,17,26,18,49
0.8234395750332,0.848356165619,1082,209,36,85,23,23,13,62
0.767451943922532,0.810943850147779,1066,225,33,97,15,24,18,73
0.733253269282092,0.780459241446176,1095,196,42,39,20,15,22,24
0.712306330234617,0.771240488918275,1049,242,36,59,17,15,19,44
0.715312906489377,0.779462009612323,1072,219,33,57,17,12,16,45
0.767095812156089,0.819751842235149,1072,219,38,109,18,29,20,80
0.758243373797622,0.793673711519185,1086,205,38,58,15,17,23,41
0.814684273232724,0.8398601081402,1045,246,32,48,19,14,13,34
0.736643060172472,0.785003920897655,1057,234,33,82,17,16,16,66
0.742144057933532,0.772527496918564,1079,212,37,73,13,15,24,58
0.765706605222734,0.813337822968936,1059,232,31,28,18,8,13,20
0.692695425715126,0.745188322045511,1082,209,38,89,15,18,23,71
0.736585565659048,0.761517792062232,1073,218,39,46,14,14,25,32
0.68107513988809,0.697389067856858,1072,219,40,25,15,8,25,17
0.626163723916533,0.668795945718401,1052,239,45,57,15,14,30,43
0.749332799572992,0.805078845506355,1068,223,42,63,22,19,20,44
0.77873380914618,0.817557007086432,1053,238,30,42,18,18,12,24
0.69278441788402,0.743971800072177,1052,239,36,43,14,10,22,33
0.824065692486745,0.856278673573018,1076,215,37,60,23,17,14,43
0.741086083464292,0.76799018969974,1043,248,46,30,26,14,20,16
0.775276461295419,0.833138912157946,1076,215,25,71,12,13,13,58
0.762926073483842,0.80726034320971,1082,209,36,61,18,14,18,47
0.753932170066355,0.756427923447524,1065,226,39,16,24,8,15,8
0.730416004765687,0.779444572239433,1050,241,32,53,16,13,16,40
0.760741463414634,0.775653518205306,1054,237,41,26,19,8,22,18
0.736822627544277,0.758333386033261,1068,223,30,35,13,11,17,24
0.763319344524381,0.814865673549055,1070,221,40,75,18,20,22,55
0.75358667593328,0.788846912369509,1055,236,32,79,17,23,15,56
0.763898999090082,0.804445313879521,1050,241,35,70,22,29,13,41
0.692042939353696,0.723786393660968,1050,241,36,63,14,13,22,50
0.748596097150077,0.795440434158687,1068,223,34,34,19,14,15,20
0.686701742346258,0.711979909428302,1058,233,42,41,16,11,26,30
0.7367197875166,0.796555773770425,1073,218,36,67,16,20,20,47
0.767142479513613,0.778811310234402,1064,227,30,32,15,13,15,19
0.722534081796311,0.766537123109441,1085,206,44,54,18,13,26,41
0.737147406733394,0.7594412650825,1066,225,35,94,15,21,20,73
0.745136296799005,0.802534156977285,1083,208,28,28,15,8,13,20
0.71812053925456,0.764662465721816,1077,214,30,44,10,11,20,33
0.784792166266986,0.797033472421595,1065,226,40,27,20,13,20,14
0.694769403824522,0.752864883260463,1076,215,21,83,9,22,12,61
0.788111888111888,0.790019201421646,1065,226,26,16,16,13,10,3
0.743633001639407,0.784160538203152,1055,236,42,66,20,18,22,48
0.793926296633303,0.837520539836945,1057,234,35,21,21,9,14,12
0.784012789768186,0.825882154297458,1037,254,40,104,28,34,12,70
0.674567836563646,0.686506826743137,1089,202,46,31,19,16,27,15
0.650262562027268,0.709119290412056,1083,208,33,49,12,15,21,34
0.817603699956641,0.83792527966152,1083,208,33,26,19,10,14,16
0.687329390354868,0.72501891249082,1071,220,35,36,15,10,20,26
0.729279263870835,0.769269558752765,1060,231,47,61,24,21,23,40
0.737970731707317,0.783513874801179,1071,220,41,86,14,21,27,65
0.773848027890957,0.80750098493503,1061,230,38,79,19,20,19,59
0.740400458485565,0.780028803191668,1086,205,22,32,10,9,12,23
0.707492253209385,0.748762504979599,1076,215,36,43,14,12,22,31
0.789336917562724,0.811007638614796,1066,225,31,22,20,14,11,8
0.776833053148843,0.832701696250945,1063,228,37,63,19,14,18,49
0.784940020234138,0.819624309639347,1070,221,33,116,17,28,16,88
0.721184566232489,0.755855863617415,1076,215,39,44,18,10,21,34
0.769417113893858,0.798870641770311,1059,232,43,48,21,15,22,33
0.72465387719625,0.801371924399653,1072,219,52,155,20,33,32,122
0.727452295766249,0.789773366246564,1077,214,43,69,23,25,20,44
0.773412322274882,0.795396873240067,1071,220,25,23,13,9,12,14
0.77868658131816,0.811773147993446,1056,235,37,79,21,21,16,58
0.747478339583603,0.806717962085278,1073,218,37,106,19,24,18,82
0.698251398880895,0.698229750443932,1071,220,40,22,16,10,24,12
0.791873872889229,0.839292909445996,1047,244,29,91,15,22,14,69
0.698768538640436,0.733747399300873,1094,197,42,39,14,10,28,29
0.722826383955408,0.76548402551566,1069,222,29,46,13,15,16,31
0.747363031233999,0.812014272594956,1063,228,31,50,14,15,17,35
0.763718263718264,0.8136328507039,1073,218,33,80,17,14,16,66
0.715371845949535,0.775113413821748,1076,215,36,98,15,20,21,78
0.790324594257178,0.79196157303623,1074,217,45,23,25,13,20,10
0.730313165095774,0.770020366572149,1068,223,26,43,11,10,15,33
0.704585365853658,0.749484477431135,1045,246,41,108,20,31,21,77
0.845909306435622,0.858922921770637,1073,218,37,50,25,16,12,34
0.769425329728844,0.766787479479038,1061,230,39,18,18,8,21,10
0.683456399437412,0.749339556953045,1078,213,27,100,9,21,18,79
0.77109872611465,0.802266129478727,1070,221,35,37,16,13,19,24
0.691527887919641,0.75329173782881,1084,207,30,21,13,9,17,12
0.760131915055854,0.797413749076919,1064,227,42,94,19,21,23,73
0.714311039484287,0.716981613980889,1049,242,50,23,23,10,27,13
0.788928856914468,0.829315471863712,1062,229,40,93,21,23,19,70
0.7966027557046,0.816970390142782,1063,228,44,34,24,13,20,21
0.74685740144811,0.786887684353716,1054,237,48,86,25,23,23,63
0.715209756097561,0.70942607808073,1071,220,41,23,15,5,26,18
0.755833238018987,0.831307385278597,1070,221,42,116,24,30,18,86
0.679151388161341,0.684154645338579,1057,234,46,17,17,7,29,10
0.761227265951103,0.760227067043439,1075,216,43,26,16,8,27,18
0.720486386465768,0.772666707140811,1054,237,30,45,14,11,16,34
0.672764367027842,0.674897429647656,1089,202,23,12,7,3,16,9
0.754083101667991,0.779025278621296,1077,214,32,21,16,9,16,12
0.821671786994368,0.839886251208714,1071,220,31,49,17,17,14,32
0.790239437298261,0.808584708038715,1069,222,33,67,17,21,16,46
0.657652402700556,0.700730748554295,1052,239,32,73,13,16,19,57
0.758269480741602,0.794538168299158,1067,224,47,70,22,18,25,52
0.750593921520439,0.796664862403134,1091,200,39,78,19,21,20,57
0.787790409054805,0.832768023545423,1061,230,32,33,15,11,17,22
0.699014909478168,0.728743414544519,1054,237,39,51,16,11,23,40
0.790545571882446,0.826588018081527,1042,249,32,101,20,31,12,70
0.759713645554402,0.808704403316539,1057,234,29,33,18,15,11,18
0.658395339042538,0.690130001057411,1043,248,34,81,12,19,22,62
0.774029268292683,0.777600680415565,1060,231,41,18,24,9,17,9
0.684901479019126,0.727251345483205,1069,222,33,54,14,12,19,42
0.70781271935982,0.774680306413371,1058,233,34,96,16,17,18,79
0.757148530579825,0.811035002448531,1086,205,32,61,13,16,19,45
0.775887908607623,0.813903047046806,1048,243,28,39,15,18,13,21
0.791102257636122,0.824187105437936,1076,215,36,96,16,17,20,79
0.758721951219512,0.802699943707905,1062,229,41,42,21,9,20,33
0.701498800959233,0.741104405424817,1072,219,40,91,13,15,27,76
0.783169533169533,0.817856898944656,1090,201,33,98,16,16,17,82
0.766496682231507,0.82362290278624,1076,215,39,82,19,21,20,61
0.777588615330889,0.807300330127123,1073,218,46,69,24,19,22,50
0.731875153600393,0.797340891958466,1069,222,39,61,19,17,20,44
0.769849993534204,0.76937241449182,1061,230,37,17,21,11,16,6
0.739426381178959,0.797402544017549,1045,246,30,62,16,19,14,43
0.779587252562123,0.832054379719784,1077,214,34,102,19,30,15,72
0.688263955979334,0.690264106853545,1043,248,38,13,16,5,22,8
0.835051958433253,0.870194814025831,1016,275,40,96,30,35,10,61
0.72068345323741,0.757772575994426,1090,201,40,63,14,15,26,48
0.705587567661952,0.756239176179642,1061,230,46,105,23,24,23,81
0.753179207688701,0.813308320500295,1076,215,27,42,17,14,10,28
0.768516833484986,0.819747530127759,1070,221,35,77,20,23,15,54
0.800889288569145,0.853716434510427,1071,220,40,113,25,29,15,84
0.735456003499307,0.75431669001171,1078,213,44,35,18,13,26,22
0.799807987711214,0.824638837781882,1055,236,31,46,15,15,16,31
0.794949954504095,0.839441810592489,1085,206,35,98,21,31,14,67
0.75516821602479,0.779319990099868,1055,236,36,17,19,8,17,9
0.807758159443553,0.84548705081529,1076,215,45,59,22,20,23,39
0.794155604719764,0.796889992513755,1048,243,48,21,28,13,20,8
0.707937450514648,0.703130912527191,1047,244,28,15,14,7,14,8
0.792447679708826,0.846572705924741,1080,211,35,37,19,14,16,23
0.699616706317737,0.703483736162579,1060,231,30,18,10,8,20,10
0.706905710491368,0.755054715725849,1069,222,36,54,17,12,19,42
0.699017199017199,0.756410669721852,1068,223,33,83,13,23,20,60
0.755497915011914,0.791573214842712,1104,187,32,106,13,21,19,85
0.764865718799368,0.82334518613098,1090,201,25,141,10,21,15,120
0.749795121951219,0.755903520080327,1083,208,41,15,19,8,22,7
0.760023041474654,0.759413831223335,1076,215,31,15,17,7,14,8
0.682320325954551,0.726383923714698,1067,224,38,106,15,29,23,77
0.779700823818471,0.8156429498008,1073,218,33,83,19,22,14,61
0.725851519969167,0.747967282190256,1060,231,33,34,12,6,21,28
0.84709026128266,0.862758804770794,1068,223,28,56,18,20,10,36
0.731697506033789,0.786606037837721,1060,231,48,59,24,23,24,36
0.7854694092827,0.809693825249827,1059,232,27,24,15,7,12,17
0.676353596331134,0.73223636898457,1062,229,34,47,14,14,20,33
0.795466965407946,0.856818628948614,1071,220,29,49,16,13,13,36
0.724589421957843,0.779394391199457,1069,222,37,58,17,15,20,43
0.767186808322266,0.813487335931939,1070,221,36,90,16,19,20,71
0.765538400633412,0.783601843604704,1090,201,28,19,13,7,15,12
0.743787729889092,0.744971009645678,1062,229,34,13,19,6,15,7
0.729315358181338,0.767262805219262,1085,206,30,35,12,7,18,28
0.709427130479762,0.77930246696403,1066,225,37,87,16,19,21,68
0.7609736632083,0.821007740282721,1033,258,38,89,23,31,15,58
0.740604249667995,0.805576639473027,1064,227,36,96,16,18,20,78
0.772093295827473,0.773609799109903,1075,216,27,12,15,6,12,6
0.835223367697594,0.878791779500682,1059,232,30,85,21,30,9,55
0.76778093883357,0.796398753698391,1060,231,37,97,17,27,20,70
0.700835862600569,0.763391817740344,1073,218,33,70,15,15,18,55
0.839466587740068,0.872559481502838,1063,228,24,81,16,19,8,62
0.747518909283615,0.798639402978761,1074,217,33,70,16,21,17,49
0.731445084000187,0.78732249064918,1076,215,34,80,16,22,18,58
0.76084677265622,0.803924377250346,1057,234,42,118,25,35,17,83
0.71668928854202,0.756831778216098,1049,242,28,18,13,7,15,11
0.733943273416958,0.775299338793761,1058,233,37,35,19,12,18,23
0.701264334019406,0.747351453480342,1078,213,38,49,17,15,21,34
0.707867298578199,0.749278417285881,1063,228,25,21,10,11,15,10
0.744378225608258,0.788109294719912,1060,231,39,31,15,11,24,20
0.783828459675917,0.811577848322655,1059,232,52,100,28,31,24,69
0.76595723421263,0.786910747957897,1076,215,40,66,16,17,24,49
0.786542523384629,0.838538808830962,1041,250,37,110,20,27,17,83
0.72164748480538,0.741361722702909,1050,241,37,23,16,10,21,13
0.789671954700735,0.803591908164965,1054,237,34,50,18,15,16,35
0.793732234908705,0.826930121763851,1075,216,33,47,19,13,14,34
0.711899324861001,0.754398572809797,1059,232,32,53,15,14,17,39
0.73876898481215,0.777516061244846,1063,228,40,42,19,12,21,30
0.735126162018592,0.787792470606186,1078,213,36,89,18,19,18,70
0.675001050111312,0.702183479894397,1068,223,38,44,14,11,24,33
0.719210646041856,0.77398510040708,1080,211,35,40,15,12,20,28
0.723317116759333,0.722476635991047,1074,217,32,10,13,5,19,5
0.694153776160146,0.728404714420693,1080,211,35,79,11,17,24,62
0.755027597136456,0.795852588424449,1052,239,29,59,15,22,14,37
0.732768425841674,0.806051398929079,1060,231,35,94,20,32,15,62
0.794893084622384,0.789961257448141,1066,225,35,19,16,8,19,11
0.761909150487425,0.789825651547307,1067,224,39,45,22,20,17,25
0.767959693240592,0.809755136044832,1066,225,45,61,18,10,27,51
0.716185365853659,0.770661935082942,1088,203,41,105,17,21,24,84
0.75618260665729,0.818906797945815,1060,231,27,87,11,23,16,64
0.825993319268636,0.86173458636784,1052,239,27,66,20,20,7,46
0.766826538768985,0.800156746778695,1057,234,40,49,22,13,18,36
0.785179708826206,0.811603630294062,1074,217,35,19,23,8,12,11
0.752236737094132,0.755104627180677,1061,230,38,16,19,9,19,7
0.801318316745242,0.802021911932465,1060,231,46,20,29,15,17,5
0.722940643993276,0.746877171160619,1070,221,37,78,16,18,21,60
0.711626444012353,0.758217301017764,1037,254,42,54,22,19,20,35
0.772655007949126,0.776016570906781,1090,201,33,11,19,7,14,4
0.745814634146341,0.745864425835064,1058,233,41,20,19,9,22,11
0.820420902443375,0.853568127355259,1059,232,45,67,33,26,12,41
0.776777689664288,0.843653334418108,1067,224,30,30,19,13,11,17
0.759242191500256,0.823102815300406,1073,218,31,38,17,11,14,27
0.714926829268293,0.7615246698163,1038,253,41,66,21,22,20,44
0.738606253312136,0.761383983005702,1055,236,33,43,14,12,19,31
0.700348464519976,0.743672719806566,1084,207,43,38,18,13,25,25
0.719431068307473,0.728294620095743,1057,234,45,22,21,10,24,12
0.751039610198681,0.784430949302134,1061,230,38,94,17,18,21,76
0.755544587726299,0.803564185060326,1060,231,38,86,21,31,17,55
0.818199132676981,0.844240044158237,1066,225,27,101,13,25,14,76
0.795370791628753,0.832709425939098,1060,231,35,57,22,23,13,34
0.783711322081575,0.823860682113636,1085,206,27,34,15,9,12,25
0.753651046405823,0.757105507747935,1079,212,35,19,14,8,21,11
0.725850252166042,0.769901215148734,1050,241,37,39,19,13,18,26
0.703048152807961,0.709924608108971,1063,228,42,18,20,9,22,9
0.695693445243805,0.74521821811405,1047,244,40,65,20,24,20,41
0.770294922468835,0.813058986432993,1059,232,26,33,16,12,10,21
0.755335549453196,0.794103929093134,1051,240,33,52,20,16,13,36
0.749812734082397,0.783814356492512,1073,218,45,54,18,16,27,38
0.758292337507454,0.786048729917169,1082,209,43,29,16,7,27,22
0.758507223113965,0.814176778831243,1055,236,45,90,23,31,22,59
0.722622120730739,0.77722916262999,1072,219,32,79,17,20,15,59
0.715895552025417,0.752304120584597,1053,238,32,60,13,14,19,46
0.790117308543603,0.834146124643339,1077,214,36,102,20,33,16,69
0.72486144101346,0.787158033245154,1078,213,28,104,14,24,14,80
0.649738398544131,0.704237085845725,1080,211,35,98,14,21,21,77
0.737472332890659,0.741516355009305,1074,217,36,12,18,5,18,7
0.730236749406078,0.772075914351974,1056,235,39,35,17,10,22,25
0.736224390243903,0.807553837001726,1075,216,41,152,18,24,23,128
0.684859828405924,0.682388680098242,1036,255,29,16,11,7,18,9
0.755516211398565,0.820048030055932,1066,225,33,72,18,25,15,47
0.770949178843916,0.807835492318036,1071,220,37,79,19,21,18,58
0.72850894501447,0.770527633639648,1059,232,24,44,8,11,16,33
0.649135577797998,0.678720947458973,1050,241,35,57,12,14,23,43
0.756797229631709,0.789451913317599,1074,217,34,42,16,12,18,30
0.718936585365854,0.718817348862424,1055,236,41,21,21,13,20,8
0.802470547866865,0.841007662228265,1050,241,42,62,25,26,17,36
0.732681383201799,0.783965730270175,1061,230,42,81,18,17,24,64
0.73623101518785,0.788091436500573,1085,206,40,47,18,11,22,36
0.747242098986285,0.787206769316441,1052,239,43,32,26,11,17,21
0.778070973612375,0.821691880360167,1058,233,35,34,16,9,19,25
0.745363709032774,0.749138059389038,1060,231,40,19,20,10,20,9
0.764486556748991,0.788780281387434,1045,246,47,33,29,21,18,12
0.691865837778805,0.694619627312061,1051,240,38,18,18,6,20,12
0.679716227018385,0.723718015402318,1067,224,40,41,15,13,25,28
0.672644459888801,0.668221355149693,1061,230,32,17,12,7,20,10
0.703881791380036,0.728039485000485,1104,187,34,65,12,15,22,50
0.657705766567034,0.710853823836773,1078,213,44,82,16,22,28,60
0.70550303295262,0.745017294702689,1098,193,29,82,11,13,18,69
0.752204317421709,0.797479757177942,1065,226,26,57,15,14,11,43
0.741401062416999,0.748496117631651,1059,232,36,18,14,6,22,12
0.764988009592326,0.802825383348563,1071,220,40,68,18,16,22,52
0.722753430721558,0.725339365687961,1072,219,36,15,14,6,22,9
0.706554019457245,0.772395485281403,1065,226,31,116,14,20,17,96
0.760058154903516,0.824384718615935,1079,212,30,64,17,22,13,42
0.824782386072709,0.85123054128342,1079,212,31,34,21,17,10,17
0.732680541504071,0.792649857198834,1079,212,33,43,18,12,15,31
0.724564772145417,0.73016421884413,1042,249,31,15,16,9,15,6
0.719123995846768,0.720592586119342,1082,209,29,12,11,6,18,6
0.768625192012289,0.841828608921445,1079,212,31,63,18,15,13,48
0.72126216077829,0.765204829491001,1074,217,31,108,14,20,17,88
0.760657962468997,0.790822672702804,1058,233,34,96,18,25,16,71
0.759429026387625,0.760424045222845,1074,217,35,14,17,8,18,6
0.753617693522907,0.756605190072849,1083,208,25,7,11,3,14,4
0.81128818061089,0.847662631997291,1048,243,36,61,24,30,12,31
0.693808543705633,0.753214621479542,1095,196,38,94,14,25,24,69
0.723162903939796,0.765959176483114,1069,222,36,64,18,19,18,45
0.776605719643694,0.831403897049563,1088,203,27,100,14,17,13,83
0.760199066109609,0.797912320671005,1048,243,39,56,18,20,21,36
0.714219356248975,0.753207236213141,1054,237,29,72,12,16,17,56
0.732404417614301,0.798844892064241,1081,210,34,88,17,21,17,67
0.692155309033281,0.755716032014878,1079,212,29,150,10,27,19,123
0.643991263073886,0.707581107850112,1058,233,38,126,15,28,23,98
0.749790493429874,0.808423771002834,1067,224,48,102,26,29,22,73
0.771473601260835,0.849849556401484,1079,212,22,69,14,17,8,52
0.74249756097561,0.790741039034231,1073,218,41,109,20,31,21,78
0.79871103117506,0.819372089183406,1094,197,40,24,20,13,20,11
0.733423853612306,0.74699165622955,1055,236,44,29,19,10,25,19
0.685860166964818,0.729573175439404,1072,219,43,84,22,19,21,65
0.720077649312445,0.759000335594099,1059,232,47,60,20,19,27,41
0.733090117767537,0.766173441545436,1062,229,31,47,16,8,15,39
0.711364381092816,0.763409711165038,1074,217,39,47,19,12,20,35
0.70171588188348,0.754402652849574,1079,212,38,92,18,23,20,69
0.670302099334357,0.713293721009707,1048,243,31,106,15,20,16,86
0.775790101371497,0.802985785036432,1059,232,43,30,24,13,19,17
0.737522747952684,0.775122622369189,1074,217,35,104,16,27,19,77
0.807334132693845,0.878765353421504,1063,228,40,109,28,33,12,76
0.761792783939351,0.796476276087236,1060,231,34,52,17,14,17,38
0.708318145367063,0.743434315204607,1071,220,44,49,17,15,27,34
0.78430243902439,0.825814596076679,1046,245,41,44,25,19,16,25
0.736097734974139,0.748225103346705,1060,231,45,24,21,8,24,16
0.778859002543213,0.814462551995316,1057,234,37,45,19,15,18,30
0.77799135577798,0.783728446759206,1063,228,35,16,19,7,16,9
0.788837685611879,0.832516340938763,1065,226,31,75,19,26,12,49
0.722432492253209,0.756806260031685,1062,229,36,56,13,16,23,40
0.739048760991207,0.76525896390932,1073,218,40,35,17,10,23,25
0.79132701421801,0.815145331070268,1076,215,25,52,10,10,15,42
0.756212001057362,0.787401501959682,1058,233,30,35,16,14,14,21
0.737585671796198,0.734293245605519,1048,243,37,18,19,8,18,10
0.832902137232846,0.853158470750096,1063,228,21,52,13,14,8,38
0.816201859229748,0.852734318762572,1074,217,36,59,21,16,15,43
0.723421682698366,0.785026017667093,1052,239,38,98,16,22,22,76
0.804805401111994,0.834881634456759,1077,214,32,42,18,17,14,25
0.717669200954085,0.777557198994193,1059,232,43,103,18,27,25,76
0.755194440544714,0.797295483195697,1077,214,34,79,18,19,16,60
0.767774195311219,0.802710206968748,1076,215,29,92,15,17,14,75
0.780312602367916,0.827462017498653,1065,226,34,61,20,22,14,39
0.788933121019108,0.793214509045298,1059,232,35,13,22,9,13,4
0.627315495442517,0.681398493016127,1071,220,38,111,12,19,26,92
0.777993332969015,0.835062422580125,1053,238,29,53,18,17,11,36
0.753103582050951,0.756285388416497,1062,229,37,19,19,9,18,10
0.737914736300248,0.783902528325048,1083,208,34,46,19,13,15,33
0.784212880143113,0.841229343409215,1043,248,43,134,27,42,16,92
0.807206861239119,0.80490153159901,1064,227,31,15,17,7,14,8
0.750456268426225,0.769244810900029,1086,205,34,68,14,10,20,58
0.712750227479527,0.760283604568859,1077,214,35,92,15,24,20,68
0.787047316944224,0.812506924988476,1059,232,30,60,17,15,13,45
0.812939648281375,0.836180637896218,1065,226,40,53,22,18,18,35
0.785989375830013,0.83149859428093,1070,221,36,53,19,19,17,34
0.635813467682477,0.659032359795983,1060,231,39,31,12,8,27,23
0.601680401111994,0.608320790205384,1071,220,32,13,12,4,20,9
0.795465716392234,0.814368977788276,1066,225,39,84,21,19,18,65
0.725868442054858,0.728908934765138,1075,216,38,14,14,6,24,8
0.744493515205724,0.779387750017297,1077,214,43,78,21,18,22,60
0.708466453674121,0.781947919492341,1058,233,39,103,17,25,22,78
0.712364010585122,0.760250637733817,1063,228,38,104,18,27,20,77
0.712345994022016,0.78356674894991,1065,226,44,160,22,45,22,115
0.728017585931255,0.799891009961551,1064,227,40,153,19,36,21,117
0.809979765862119,0.857232358119219,1047,244,33,32,16,10,17,22
0.716543453606082,0.767124174476363,1074,217,38,128,20,27,18,101
0.710477874170737,0.744298215020211,1050,241,44,44,18,14,26,30
0.733429369652523,0.780692885415219,1057,234,46,56,23,16,23,40
0.728673794358508,0.733690391558697,1088,203,35,14,13,7,22,7
0.801433121019108,0.846684029204236,1082,209,35,65,23,19,12,46
0.730871823669802,0.774515658385313,1072,219,34,71,11,9,23,62
0.769322929466699,0.807190762703937,1090,201,39,26,19,11,20,15
0.750944040036397,0.8096845143603,1066,225,35,86,18,23,17,63
0.774517073170732,0.829544839899068,1079,212,41,90,23,22,18,68
0.704992319508449,0.756626397123855,1071,220,31,30,16,13,15,17
0.755535146942017,0.819713762760983,1074,217,32,78,18,19,14,59
0.755684829214241,0.790831782050937,1078,213,33,72,16,16,17,56
0.785892575039495,0.831533118067986,1054,237,25,52,10,12,15,40
0.70315059144677,0.73581871469162,1065,226,35,61,12,18,23,43
0.666227018385292,0.700084130697796,1055,236,40,46,15,15,25,31
0.746260261477653,0.781281040299015,1073,218,26,32,12,9,14,23
0.730872020345705,0.784080784801489,1079,212,37,70,20,19,17,51
0.677844519459889,0.739781277460303,1064,227,32,57,13,13,19,44
0.737178140882934,0.790958805783544,1077,214,38,62,18,16,20,46
0.694167852062589,0.698071298381792,1056,235,37,14,18,7,19,7
0.759245929308975,0.785675736035129,1052,239,32,51,13,12,19,39
0.819626331412607,0.840296158796039,1034,257,46,37,33,19,13,18
0.72371103117506,0.760547313303063,1080,211,40,48,16,8,24,40
0.750490458355627,0.798703325906419,1052,239,45,102,23,29,22,73
0.755934870356434,0.811025831041792,1067,224,47,82,26,19,21,63
0.729325059630292,0.749115930164846,1057,234,43,25,22,11,21,14
0.752910418310971,0.810654691472948,1071,220,24,143,14,28,10,115
0.798032302092812,0.815445627738014,1085,206,35,44,17,12,18,32
0.77587929656275,0.822711131301508,1069,222,40,65,18,16,22,49
0.825210470928703,0.873697637180172,1082,209,24,94,16,24,8,70
0.752211845662325,0.806912960267466,1061,230,39,67,21,19,18,48
0.696166969972702,0.749729846924638,1053,238,35,72,13,20,22,52
0.680040087934825,0.752487803281475,1045,246,37,83,18,22,19,61
0.759843902439024,0.815555285219734,1070,221,41,87,21,26,20,61
0.688487804878049,0.730020516245384,1067,224,41,78,14,18,27,60
0.798145175673265,0.793235965940914,1063,228,45,23,24,13,21,10
0.685828877005348,0.704326035024093,1092,199,33,19,13,6,20,13
0.80771874173936,0.81388906621088,1054,237,30,33,16,14,14,19
0.694380209086091,0.734627818656174,1053,238,33,32,14,11,19,21
0.636346452723989,0.651736063211181,1088,203,38,17,8,4,30,13
0.753087327256689,0.794449680768465,1062,229,38,56,20,17,18,39
0.755808181096108,0.801700558885086,1063,228,32,91,20,31,12,60
0.779990516832622,0.77924182903872,1054,237,37,16,17,8,20,8
0.73677909858445,0.783416216225217,1064,227,38,42,19,13,19,29
0.785858018625111,0.782295238831015,1074,217,34,10,20,5,14,5
0.733513252404755,0.772462950105481,1066,225,38,96,18,21,20,75
0.739851704293936,0.790101327712036,1063,228,36,50,17,21,19,29
0.75897406733394,0.776275137078832,1079,212,35,78,15,20,20,58
0.714135021097046,0.747906214855806,1074,217,27,59,9,14,18,45
0.748988735279058,0.786874380212178,1074,217,31,51,17,15,14,36
0.726767275615568,0.779148053151372,1072,219,32,74,15,15,17,59
0.8155273937532,0.858627525070485,1060,231,31,48,20,19,11,29
0.692263414634146,0.730959354228961,1075,216,41,47,16,15,25,32
0.730771405949553,0.770095497701987,1103,188,28,24,10,9,18,15
0.77027336154638,0.771531761366283,1042,249,42,21,25,13,17,8
0.787681734073487,0.807182861582833,1068,223,30,90,10,18,20,72
0.795896900868851,0.852483105187216,1039,252,47,101,33,38,14,63
0.705323020928117,0.748071362559463,1040,251,35,67,15,21,20,46
0.778917050691244,0.803458373569958,1078,213,31,33,13,12,18,21
0.766238630283574,0.779852382126249,1039,252,45,31,26,16,19,15
0.707213389759427,0.749102759228534,1050,241,42,74,19,16,23,58
0.710258964143426,0.739243364655951,1066,225,36,28,16,13,20,15
0.680595996360328,0.717570379900681,1074,217,35,59,12,15,23,44
0.758538197197991,0.817182101806493,1055,236,30,89,18,31,12,58
0.738025675077468,0.786199596510941,1067,224,36,42,16,8,20,34
0.663194444444444,0.691786145588571,1071,220,27,11,10,6,17,5
0.74521170919476,0.755742775652707,1064,227,52,28,25,10,27,18
0.721160454665609,0.812201469869388,1070,221,30,59,16,20,14,39
0.682074613284804,0.741047255268592,1055,236,35,35,17,9,18,26
0.791475019825535,0.833807749496474,1081,210,30,64,13,15,17,49
0.713403594982542,0.765060063336667,1075,216,37,90,18,22,19,68
0.74535540325014,0.787348774124239,1062,229,37,65,18,17,19,48
0.752667109340416,0.791606808632374,1060,231,36,88,18,33,18,55
0.764079244732813,0.761188466293875,1040,251,44,22,22,12,22,10
0.791661278503384,0.827391329074797,1072,219,37,45,20,16,17,29
0.781131707317073,0.831337700511149,1044,247,41,64,23,18,18,46
0.771383050089445,0.818504471193547,1049,242,43,63,20,17,23,46
0.676869036970781,0.678659413096639,1085,206,43,25,17,11,26,14
0.657886551295102,0.705730341844607,1051,240,28,86,10,18,18,68
0.746229857099422,0.789981477844747,1060,231,26,35,11,10,15,25
0.655994085532302,0.683979640667376,1076,215,35,23,13,6,22,17
0.781272200666703,0.820314910855383,1088,203,29,22,17,8,12,14
0.791554026378308,0.847015869871613,1071,220,39,62,21,17,18,45
0.720356127433112,0.766694617689155,1054,237,44,109,20,27,24,82
0.703194163615498,0.759173262678742,1074,217,29,38,13,13,16,25
0.773024006738734,0.771309544689982,1071,220,34,14,19,10,15,4
0.790880920761399,0.795304891591947,1078,213,36,13,21,8,15,5
0.695133939542885,0.758423020490426,1062,229,39,59,17,10,22,49
0.684201699463327,0.690738698223108,1047,244,43,23,18,11,25,12
0.664520939219557,0.712343251771108,1063,228,38,104,15,28,23,76
0.726103275705186,0.746435519237092,1068,223,35,25,14,9,21,16
0.745800814387513,0.778039527415063,1084,207,28,35,13,6,15,29
0.746747042766151,0.80074621397791,1094,197,35,83,18,15,17,68
0.731767515923567,0.73276066009198,1066,225,35,18,15,9,20,9
0.746383075523203,0.810614739372558,1080,211,35,93,15,19,20,74
0.761909150487425,0.800875179497326,1070,221,39,54,19,16,20,38
0.72898493259318,0.791095618690394,1057,234,30,53,14,12,16,41
0.796994643267935,0.822263388329378,1063,228,49,34,29,14,20,20
0.768824940047962,0.79328017157095,1081,210,40,26,21,12,19,14
0.760840984525195,0.777340617975916,1056,235,37,19,22,11,15,8
0.768804689857321,0.832739794094855,1065,226,37,66,23,21,14,45
0.702032897972567,0.737927319451133,1077,214,29,56,10,10,19,46
0.683764396346307,0.731097036327364,1082,209,32,132,11,28,21,104
0.727443609022556,0.785089249147666,1079,212,38,38,18,11,20,27
0.734753265205749,0.795739311087919,1075,216,29,37,15,15,14,22
0.736928363732487,0.773561671974019,1081,210,30,35,12,10,18,25
0.684829268292683,0.747811130278664,1085,206,41,69,13,12,28,57
0.700887170154686,0.699331719165573,1053,238,35,19,15,7,20,12
0.722401827664986,0.772752990375207,1059,232,37,66,16,17,21,49
0.691268134431727,0.737782022381011,1080,211,44,34,20,9,24,25
0.745371508151061,0.790919946459168,1055,236,39,29,19,9,20,20
0.71507729558577,0.720031787104933,1063,228,52,25,25,12,27,13
0.724682951939726,0.783990087130217,1074,217,34,70,18,17,16,53
0.752764976958525,0.75684083307605,1037,254,31,11,15,6,16,5
0.696812749003984,0.743448440420253,1059,232,36,49,15,13,21,36
0.758957862506379,0.785523320310489,1052,239,44,65,22,16,22,49
0.716077828981055,0.770710142190563,1090,201,31,109,14,20,17,89
0.638096993528303,0.703513337093803,1065,226,39,107,14,25,25,82
0.778109783089863,0.783194257731379,1068,223,36,17,21,11,15,6
0.758138362666443,0.780377533671126,1077,214,38,43,17,10,21,33
0.691298777670433,0.724711905483932,1069,222,38,87,18,23,20,64
0.693488943488943,0.748724794527609,1059,232,37,71,15,16,22,55
0.778037191775211,0.829878870087378,1057,234,39,88,21,20,18,68
0.705498281786942,0.740940878369023,1056,235,30,66,15,23,15,43
0.676355242255759,0.735709803173453,1085,206,32,91,12,14,20,77
0.746388443017656,0.789941452209468,1063,228,45,72,23,18,22,54
0.677863414634146,0.712130615014198,1047,244,41,33,16,10,25,23
0.709578534551231,0.740813158609272,1065,226,32,47,14,12,18,35
0.725832053251408,0.76583158036631,1074,217,31,83,15,15,16,68
0.763326829268293,0.765593261002625,1067,224,41,24,23,14,18,10
0.760149499382801,0.790990798690121,1064,227,23,44,8,13,15,31
0.743653321201092,0.750379340416983,1084,207,35,18,15,10,20,8
0.765559599636033,0.809796009679627,1037,254,35,33,22,16,13,17
0.783320116309807,0.826852741465983,1041,250,30,77,19,27,11,50
0.755685451638689,0.792540940406162,1044,247,40,63,23,22,17,41
0.726848780487805,0.761601361983079,1047,244,41,51,18,11,23,40
0.716091905742009,0.72042844697886,1087,204,38,23,15,7,23,16
0.712265503399689,0.747790209167691,1076,215,39,32,18,11,21,21
0.725747578267584,0.776528032113487,1034,257,34,31,18,10,16,21
0.732680126682502,0.765319063554883,1064,227,28,65,11,15,17,50
0.733701246711655,0.797126205228814,1086,205,42,63,21,21,21,42
0.741582698451708,0.805818388829516,1070,221,39,67,21,24,18,43
0.758448780487805,0.804383376049589,1029,262,41,72,21,26,20,46
0.702751219512195,0.731540015656148,1080,211,41,44,18,17,23,27
0.753389444949955,0.789648954615492,1055,236,35,53,16,12,19,41
0.649430455635492,0.696281836758939,1050,241,40,57,15,13,25,44
0.671602224233803,0.701800303452855,1051,240,37,93,14,21,23,72
0.774715010103321,0.812388024024124,1086,205,42,57,20,12,22,45
0.773173970783532,0.777121779531971,1077,214,36,20,23,13,13,7
0.741208866388452,0.795701403400229,1048,243,47,102,19,21,28,81
0.766935483870968,0.820714374720145,1080,211,20,29,11,7,9,22
0.713114194722475,0.766498549199083,1060,231,35,76,16,16,19,60
0.769904076738609,0.791036476296465,1069,222,40,73,16,16,24,57
0.740673339399454,0.744083487924453,1098,193,35,14,18,7,17,7
0.624364719383573,0.670348438482979,1066,225,29,51,8,13,21,38
0.672598494909252,0.721529341098382,1059,232,36,58,14,18,22,40
0.695838182680288,0.746613844557715,1080,211,37,76,18,22,19,54
0.744572452636969,0.779369202545701,1054,237,31,46,18,17,13,29
0.715734265734266,0.764854961274162,1076,215,26,120,13,26,13,94
0.680570206282231,0.712980598844074,1056,235,27,40,8,9,19,31
0.757045815869345,0.787351394660181,1076,215,33,132,17,26,16,106
0.75089928057554,0.766471585214766,1050,241,40,35,16,9,24,26
0.7649567788899,0.826872347084048,1061,230,35,121,18,23,17,98
0.668895816572808,0.720481737172421,1069,222,48,142,19,25,29,117
0.74620487804878,0.780404899716534,1066,225,41,123,15,20,26,103
0.713894800851323,0.754923606688257,1081,210,26,73,10,18,16,55
0.790314237682659,0.836687889908538,1073,218,37,48,21,18,16,30
0.699626160373,0.736622256521206,1052,239,38,85,19,21,19,64
0.721284287418008,0.760856948217019,1074,217,43,85,19,25,24,60
0.727195177434031,0.794192509808327,1075,216,35,69,18,18,17,51
0.736173225998807,0.775975838642534,1058,233,43,52,21,11,22,41
0.705699424524126,0.732645331406304,1057,234,36,23,14,7,22,16
0.771236036448206,0.826554557666955,1057,234,42,165,24,46,18,119
0.73854523583874,0.796094645582443,1064,227,44,65,23,17,21,48
0.774287629070691,0.824908825010959,1058,233,32,83,17,20,15,63
0.81231438812084,0.84310638564633,1078,213,31,90,20,22,11,68
0.749217352415027,0.796788227038838,1087,204,43,102,22,28,21,74
0.756133775702466,0.801127130939569,1078,213,39,73,19,15,20,58
0.751314711841028,0.784162992563082,1055,236,37,86,17,18,20,68
0.773475887170155,0.821144017960295,1074,217,35,95,17,24,18,71
0.718561805426212,0.724476563338418,1052,239,52,25,24,11,28,14
0.714533581070004,0.759697917293922,1083,208,29,41,12,10,17,31
0.723476514754671,0.799919632333409,1079,212,46,89,24,22,22,67
0.743472001588562,0.805548553186282,1094,197,32,90,16,22,16,68
0.754659211927583,0.793660837243691,1045,246,39,63,23,21,16,42
0.721606919921527,0.755257835326899,1045,246,45,102,18,31,27,71
0.698381294964029,0.702549365073582,1073,218,40,22,16,9,24,13
0.703117505995204,0.729612484981247,1048,243,40,76,18,22,22,54
0.703004352098835,0.737031060453743,1049,242,34,75,13,12,21,63
0.724153297682709,0.754553236359996,1088,203,33,25,11,4,22,21
0.796189717925387,0.81781569740466,1077,214,35,35,17,10,18,25
0.759874589779653,0.805161682095521,1062,229,27,98,10,22,17,76
0.727633908809208,0.777984081988184,1057,234,36,31,16,9,20,22
0.648252140951846,0.685864222787237,1077,214,34,65,13,13,21,52
0.750716801835013,0.750281640564994,1062,229,39,13,18,5,21,8
0.788633130738394,0.862125627283861,1060,231,37,123,22,42,15,81
0.75496218143277,0.807990881541275,1086,205,33,90,18,21,15,69
0.738940444245677,0.81392310578138,1067,224,43,102,23,24,20,78
0.703786970423661,0.734596436155459,1064,227,40,42,13,11,27,31
0.759472910304264,0.761509365452708,1090,201,28,11,14,6,14,5
0.720686060365369,0.769900595912957,1059,232,32,87,14,21,18,66
0.735442315329627,0.780480980079233,1096,195,32,72,14,12,18,60
0.760108194318721,0.774819154118,1048,243,37,32,14,11,23,21
0.744707438988533,0.804117311963987,1040,251,38,73,20,21,18,52
0.75559965712582,0.758866262903937,1061,230,43,28,22,14,21,14
0.766675767631369,0.820656077212952,1053,238,38,94,20,21,18,73
0.727259273875296,0.759284995645594,1066,225,24,55,6,12,18,43
0.696185365853659,0.752320628787303,1092,199,41,62,19,20,22,42
0.746841457960644,0.782646933056829,1075,216,43,43,24,17,19,26
0.730878048780488,0.766243586252113,1078,213,41,62,19,14,22,48
0.732860686040526,0.792714376968733,1066,225,34,64,19,19,15,45
0.776058536585366,0.804888848454061,1077,214,41,49,18,12,23,37
0.761090252970766,0.792474681036712,1085,206,44,40,23,16,21,24
0.736042865833684,0.78725707117757,1062,229,34,37,16,12,18,25
0.710199638049994,0.738574175998534,1062,229,28,39,12,6,16,33
0.749222917629269,0.746269290005025,1061,230,38,18,24,12,14,6
0.767917220008854,0.774038728276842,1082,209,36,19,18,12,18,7
0.698764272293684,0.732596257752344,1065,226,33,71,14,21,19,50
0.787734302420897,0.814642462910354,1057,234,29,32,15,13,14,19
0.670417306707629,0.70873394836879,1085,206,31,53,10,10,21,43
0.728010181496237,0.781816553840123,1082,209,36,73,17,19,19,54
0.775099601593625,0.830199146538901,1084,207,36,47,17,11,19,36
0.693844562265615,0.731248276848143,1071,220,37,19,19,9,18,10
0.80562965042819,0.851689134528257,1076,215,34,69,21,17,13,52
0.738060129433931,0.765539950582711,1055,236,39,46,20,20,19,26
0.716690469189734,0.749930980565485,1076,215,38,118,16,24,22,94
0.679145652829863,0.726151189027491,1071,220,37,99,13,17,24,82
0.754356232939036,0.814411909518232,1062,229,35,111,17,34,18,77
0.751824690064606,0.807440931778845,1085,206,46,68,24,19,22,49
0.720278891331523,0.767559065979758,1078,213,37,38,17,12,20,26
0.750686263296351,0.784847063779062,1075,216,42,32,18,9,24,23
0.708558613910052,0.751672009561737,1071,220,39,45,19,11,20,34
0.673897581792319,0.727362795065768,1062,229,37,88,16,17,21,71
0.732486311947213,0.762363047639021,1055,236,34,29,16,11,18,18
0.785012285012285,0.825452344410486,1080,211,33,49,20,11,13,38
0.780219008844588,0.83005615470392,1082,209,34,92,19,17,15,75
0.743794544114033,0.785152206593801,1063,228,39,44,22,21,17,23
0.73940104464524,0.771882976093824,1071,220,42,33,22,16,20,17
0.77634023717143,0.819526819193304,1075,216,29,65,17,17,12,48
0.751637892872953,0.784351940826692,1066,225,36,38,17,15,19,23
0.819834690230342,0.871774933212983,1084,207,32,114,21,27,11,87
0.74340424720729,0.772221638445023,1054,237,42,26,22,13,20,13
0.785000409601049,0.811535695300869,1038,253,39,86,20,24,19,62
0.664956582288851,0.721847890211075,1074,217,39,89,16,18,23,71
0.736642319610447,0.73668809123078,1052,239,36,16,19,8,17,8
0.731784572342126,0.767633908485139,1054,237,40,75,17,20,23,55
0.768491858617951,0.805721644748359,1096,195,32,67,14,16,18,51
0.711715195632393,0.753102370097423,1062,229,35,23,14,10,21,13
0.669001392643565,0.734174330207851,1056,235,39,149,18,37,21,112
0.785262737850212,0.815151379569738,1082,209,38,38,22,12,16,26
0.771274961597542,0.821121682459437,1090,201,31,134,16,20,15,114
0.718426501035197,0.760552474894298,1065,226,49,79,22,20,27,59
0.825880949038327,0.845756402595018,1050,241,34,67,20,19,14,48
0.789738522347218,0.828117985795204,1082,209,26,15,15,8,11,7
0.794950245911015,0.835129096064948,1050,241,42,87,23,22,19,65
0.740114184098461,0.805316073995192,1070,221,34,80,19,22,15,58
0.803951035575714,0.851450794398198,1089,202,29,70,17,20,12,50
0.669457735247209,0.739333565295432,1084,207,37,58,15,15,22,43
0.738289110393561,0.788346312981079,1087,204,34,40,17,12,17,28
0.686409437208159,0.723627761803058,1065,226,39,42,13,10,26,32
0.785747931514705,0.838561982722542,1069,222,39,100,21,29,18,71
0.79185335067688,0.792803420245386,1074,217,33,15,17,8,16,7
0.747434600375777,0.769775193995501,1072,219,33,74,16,26,17,48
0.738676444910075,0.785396805202878,1051,240,46,92,24,29,22,63
0.757241691452218,0.803766063528236,1052,239,37,122,19,35,18,87
0.766419237873709,0.801136352573423,1054,237,47,37,29,20,18,17
0.747273425499232,0.785563373913362,1078,213,31,105,16,18,15,87
0.772819831783975,0.796228131814544,1086,205,36,21,18,5,18,16
0.761897179253867,0.801396094268305,1095,196,35,62,15,14,20,48
0.75915987758093,0.808257363889816,1067,224,37,92,17,22,20,70
0.749370503597122,0.803582273223455,1055,236,40,63,19,19,21,44
0.712427084524763,0.749408446478674,1052,239,42,57,16,16,26,41
0.737262381999224,0.741148703490795,1066,225,37,15,18,8,19,7
0.785809371671991,0.812999234626267,1063,228,39,47,19,11,20,36
0.770139221454471,0.818326054551183,1053,238,47,138,28,39,19,99
0.738729016786571,0.796946090738973,1083,208,40,62,19,19,21,43
0.77008069140657,0.77528860004674,1040,251,39,14,21,5,18,9
0.731390430874967,0.783091403106516,1052,239,30,67,13,16,17,51
0.76425515705579,0.796710097593556,1068,223,27,48,10,8,17,40
0.765135918258416,0.816616291970373,1073,218,42,50,25,22,17,28
0.70981224009745,0.766177685327934,1051,240,38,57,15,14,23,43
0.754925452609159,0.78847706050648,1064,227,39,83,19,22,20,61
0.762083230933071,0.781466912289767,1078,213,39,28,17,11,22,17
0.725071090047393,0.754189895689394,1056,235,25,61,10,12,15,49
0.764766103001397,0.806168722344824,1070,221,33,97,15,21,18,76
0.754481959054406,0.814087105853826,1090,201,28,77,14,20,14,57
0.763071684124316,0.806274430183933,1063,228,37,45,20,14,17,31
0.764501132148191,0.835083038755235,1075,216,33,81,20,18,13,63
0.721171643094115,0.755126346584295,1086,205,46,107,16,18,30,89
0.723201159322888,0.760970825342162,1060,231,38,80,15,17,23,63
0.777888446215139,0.81771747655917,1073,218,36,85,20,19,16,66
0.734147596986289,0.796624011453753,1049,242,34,64,19,19,15,45
0.797258871701547,0.8247190645721,1041,250,35,74,20,20,15,54
0.758542875564152,0.785972604201457,1092,199,22,47,8,13,14,34
0.755473093725179,0.804861390655899,1067,224,32,66,17,19,15,47
0.775457438345267,0.778257985551725,1064,227,34,13,19,9,15,4
0.777176139272914,0.821813810808632,1064,227,31,67,17,19,14,48
0.670660505766889,0.714996952191333,1076,215,22,38,7,10,15,28
0.827058432934927,0.861676871896815,1068,223,36,62,20,17,16,45
0.803114611938141,0.845767491775448,1036,255,33,32,24,16,9,16
0.733141155254385,0.730321541588702,1107,184,29,14,10,5,19,9
0.743764988009592,0.786490741400336,1087,204,40,79,16,16,24,63
0.751393518771518,0.780420113722272,1045,246,29,15,15,6,14,9
0.756292682926829,0.795423615646887,1078,213,41,37,21,12,20,25
0.724356281765867,0.790774731256662,1047,244,38,102,20,26,18,76
0.699629268292683,0.749536210356846,1070,221,41,124,16,25,25,99
0.722347066167291,0.781917743851771,1055,236,45,104,19,24,26,80
0.747731297034086,0.791618057692026,1083,208,36,90,16,21,20,69
0.719610759084443,0.753343202922894,1046,245,37,67,17,19,20,48
0.685751398880895,0.723878471444644,1068,223,40,63,18,19,22,44
0.79164860047213,0.861970703328702,1085,206,33,124,19,33,14,91
0.727834590945195,0.785872066749392,1078,213,32,68,15,14,17,54
0.715946817082997,0.716215790853254,1100,191,50,21,20,5,30,16
0.727880184331797,0.747953824627694,1090,201,31,85,13,20,18,65
0.755352894528152,0.79439659136268,1066,225,30,67,17,16,13,51
0.789250020480052,0.855326619024377,1075,216,39,74,28,20,11,54
0.703373212867355,0.730190909024071,1073,218,32,51,11,10,21,41
0.712825154196836,0.736697130614026,1070,221,48,84,19,21,29,63
0.722864276796861,0.748921468784582,1056,235,45,56,19,20,26,36
0.717885691446842,0.750285747378034,1100,191,40,47,18,14,22,33
0.807567102112824,0.806759173264835,1070,221,38,18,22,10,16,8
0.737425247808634,0.765239549135345,1092,199,39,38,16,13,23,25
0.819721115537849,0.836111633516337,1054,237,36,17,23,12,13,5
0.703904584949997,0.744369814525362,1062,229,29,47,11,11,18,36
0.778657187993681,0.822924156295274,1057,234,25,43,13,13,12,30
0.786714944609682,0.808140853573754,1082,209,37,36,19,16,18,20
0.715986894610829,0.765482327526143,1049,242,38,74,19,16,19,58
0.802786747157097,0.824221771550783,1066,225,34,65,20,28,14,37
0.785694229959287,0.803129901866554,1054,237,34,56,13,15,21,41
0.791025475236002,0.792340450905862,1063,228,37,18,21,11,16,7
0.766256994404476,0.793155764769396,1047,244,40,46,21,9,19,37
0.72798760991207,0.730945406183476,1091,200,40,25,15,11,25,14
0.748469861741079,0.761060985922466,1067,224,29,27,14,8,15,19
0.765372736206655,0.805216079390196,1059,232,34,68,19,23,15,45
0.768057486100079,0.769514712535566,1085,206,32,13,12,2,20,11
0.728706774943765,0.767655530314668,1044,247,42,74,21,25,21,49
0.772797916579157,0.787670430062495,1059,232,38,18,21,9,17,9
0.779686078252957,0.821270689263038,1040,251,35,42,22,13,13,29
0.742844519160309,0.770380995369464,1090,201,37,29,17,9,20,20
0.716787989080983,0.765017786268924,1092,199,35,76,12,14,23,62
0.761890623232666,0.802066250340153,1066,225,28,91,15,25,13,66
0.720798820721606,0.757175277750054,1060,231,34,77,17,19,17,58
0.770508673919435,0.809837469185293,1086,205,38,83,16,22,22,61
0.760850773430391,0.826825306546473,1079,212,35,119,19,29,16,90
0.709863128598117,0.766282278069452,1086,205,42,76,21,18,21,58
0.796510625457994,0.837617865171659,1075,216,37,99,23,28,14,71
0.745943245403677,0.740494838556169,1074,217,40,28,16,11,24,17
0.801297937581384,0.844317003453575,1063,228,38,41,23,14,15,27
0.732550995330548,0.777575973030669,1049,242,39,132,18,36,21,96
0.736681073703367,0.738116415104683,1055,236,35,12,16,6,19,6
0.759083450539147,0.79965328247348,1091,200,27,87,13,20,14,67
0.726191723415401,0.735996378505312,1057,234,46,22,23,12,23,10
0.774595121951219,0.85159756014334,1079,212,41,72,24,19,17,53
0.753235848283772,0.800670056148129,1060,231,39,35,24,16,15,19
0.724682951939726,0.771455499117566,1080,211,34,85,14,13,20,72
0.748455640404793,0.787115647569207,1063,228,52,76,21,18,31,58
0.718433653967321,0.72273314872872,1056,235,38,18,18,7,20,11
0.789503449835991,0.787476044063121,1073,218,28,6,15,3,13,3
0.757441184245308,0.78970424321844,1083,208,30,54,16,16,14,38
0.778026237328563,0.831681151998733,1063,228,43,75,27,21,16,54
0.740010345273503,0.767042757278383,1068,223,37,31,16,12,21,19
0.726943459529528,0.773749238765921,1102,189,42,35,20,12,22,23
0.802047366091191,0.796567262931695,1056,235,36,10,21,7,15,3
0.746281540504648,0.772404938617325,1081,210,36,56,14,17,22,39
0.758600411643634,0.761803763515005,1062,229,38,17,19,10,19,7
0.759441304169739,0.800458458557631,1061,230,39,111,20,21,19,90
0.794575323987089,0.839117683900166,1087,204,33,49,19,19,14,30
0.734553838302836,0.785852591588814,1059,232,44,120,21,29,23,91
0.796384346993227,0.84014084708479,1063,228,47,58,27,20,20,38
0.769300400879348,0.796041621850651,1078,213,37,56,14,12,23,44
0.745965216553452,0.790049215549138,1078,213,33,122,16,30,17,92
0.668948008797791,0.671267452311586,1059,232,34,15,10,8,24,7
0.747168795919322,0.77106259776599,1055,236,34,24,17,5,17,19
0.787170154686078,0.787185962840236,1070,221,35,17,19,7,16,10
0.669855504683497,0.698400985050503,1082,209,38,106,11,20,27,86
0.747451597455018,0.810142811070303,1060,231,47,100,25,25,22,75
0.732975609756098,0.784149529661207,1062,229,41,83,20,17,21,66
0.75374203821656,0.81167158511679,1063,228,35,121,16,27,19,94
0.706663980660758,0.767122223177727,1093,198,50,122,22,32,28,90
0.71221198156682,0.759114703455363,1088,203,31,126,11,22,20,104
0.778797514091632,0.810454241147329,1084,207,33,43,17,13,16,30
0.784622169950015,0.823007132321,1063,228,38,36,20,14,18,22
0.749344638322274,0.764442638840957,1071,220,39,41,17,14,22,27
0.678125256000655,0.7096558844512,1065,226,39,43,11,9,28,34
0.721361804995971,0.724853599263406,1099,192,50,27,20,10,30,17
0.75502631056394,0.788045444977731,1072,219,32,37,15,9,17,28
0.69101989690225,0.729662352576638,1087,204,33,81,9,15,24,66
0.739555173261244,0.739454184800716,1079,212,39,23,14,7,25,16
0.770382165605095,0.863282774997756,1057,234,35,89,21,23,14,66
0.760747947704469,0.791952473950072,1058,233,26,23,14,9,12,14
0.742085705249842,0.776921656485326,1057,234,51,35,25,15,26,20
0.71892486011191,0.747214525612861,1070,221,40,35,15,11,25,24
0.741806554756195,0.785051707562777,1074,217,40,72,20,25,20,47
0.722473216668573,0.77357378413491,1061,230,42,63,19,17,23,46
0.703867856189714,0.761480404532724,1071,220,42,92,17,22,25,70
0.790570393169182,0.825421537219118,1067,224,32,99,18,24,14,75
0.797986806187443,0.799464870590695,1076,215,35,17,18,10,17,7
0.69381059998542,0.774549457296679,1083,208,44,86,20,19,24,67
0.802711376715361,0.843593930245268,1079,212,36,138,22,34,14,104
0.804873054873055,0.849479412297788,1070,221,33,36,24,20,9,16
0.754624945801416,0.789719360714824,1075,216,33,32,15,12,18,20
0.726050603858134,0.769545490427086,1064,227,29,96,13,21,16,75
0.711919135195844,0.712790708197123,1069,222,34,10,15,2,19,8
0.741961579421643,0.797647484615842,1055,236,39,107,17,25,22,82
0.752900363967243,0.814588954021467,1050,241,35,80,20,23,15,57
0.730961481917083,0.784276587064037,1068,223,38,82,15,13,23,69
0.713814634146341,0.763252562018996,1083,208,41,35,23,17,18,18
0.735932021264563,0.771428865638427,1090,201,28,55,11,14,17,41
0.752191235059761,0.814552775161777,1092,199,36,126,23,32,13,94
0.738671274961598,0.801517109272357,1058,233,31,117,15,30,16,87
0.771109861267342,0.797646553499596,1071,220,21,78,8,12,13,66
0.787393268467037,0.828404320150717,1067,224,32,44,17,18,15,26
0.738123241063553,0.796080728132635,1070,221,38,41,19,14,19,27
0.736001199040767,0.784392318231616,1052,239,40,44,22,19,18,25
0.737865856286909,0.796851702896479,1064,227,37,31,19,9,18,22
0.782248662734879,0.81731187848917,1068,223,23,37,9,10,14,27
0.752016213718654,0.798378153347768,1055,236,38,47,21,14,17,33
0.722655101440753,0.760875011193565,1090,201,38,46,15,11,23,35
0.742831541218638,0.808693172579191,1054,237,31,104,15,27,16,77
0.758819332976636,0.806053655312425,1056,235,45,77,26,27,19,50
0.781543014533521,0.825172997158876,1073,218,27,99,11,19,16,80
0.71534555851326,0.765206814391963,1070,221,49,119,17,26,32,93
0.698823225139015,0.701377631455973,1064,227,37,17,12,6,25,11
0.732768653821285,0.758014529450124,1072,219,37,29,15,8,22,21
0.684718517478591,0.73473844340824,1071,220,34,43,14,15,20,28
0.72964340867612,0.802090854242408,1073,218,34,113,19,27,15,86
0.705817680381634,0.73551195052108,1066,225,43,86,18,22,25,64
0.709760562701739,0.718794270676229,1065,226,33,11,15,7,18,4
0.710243902439024,0.77345039672754,1035,256,41,61,22,23,19,38
0.755582137161085,0.770040084683668,1100,191,37,43,15,11,22,32
0.737572070260123,0.778514070883096,1050,241,48,102,21,26,27,76
0.753414634146342,0.796204863349545,1090,201,41,73,18,17,23,56
0.774699985092427,0.834320163716007,1046,245,43,100,25,25,18,75
0.769815668202765,0.811736154050447,1088,203,31,74,18,18,13,56
0.679811191992721,0.745425657378073,1073,218,35,65,14,15,21,50
0.775296442687747,0.801883788885711,1061,230,26,86,12,23,14,63
0.66804907020562,0.673627619309172,1076,215,39,12,14,4,25,8
0.76349651149491,0.799119841394443,1072,219,42,60,18,19,24,41
0.756708407871199,0.759524374558116,1063,228,43,17,22,8,21,9
0.699227118074516,0.701050815346579,1064,227,38,17,15,7,23,10
0.752833111996459,0.791936346008616,1092,199,36,54,17,17,19,37
0.748372774688564,0.786632576328032,1101,190,37,70,16,19,21,51
0.787194394752534,0.829953960865369,1061,230,43,52,27,25,16,27
0.715481524305054,0.766770499595079,1088,203,33,44,14,10,19,34
0.737639888089528,0.80198363937807,1064,227,40,137,19,35,21,102
0.791452370304114,0.813310896925856,1068,223,43,68,22,16,21,52
0.785206841903929,0.828528008285463,1065,226,29,149,18,34,11,115
0.741672458300238,0.777731247516481,1070,221,32,46,16,12,16,34
0.689717229190913,0.718613036753085,1076,215,37,30,14,8,23,22
0.687551219512195,0.685173892105705,1052,239,41,17,16,8,25,9
0.742796722178165,0.743601145610218,1068,223,30,17,15,8,15,9
0.744986100079428,0.791930967235936,1069,222,32,21,17,6,15,15
0.757129513134317,0.794629491907889,1078,213,42,72,19,18,23,54
0.757293050022134,0.759244302267091,1077,214,36,20,18,9,18,11
0.725572435652221,0.761748572660348,1045,246,29,59,16,18,13,41
0.722213375796179,0.774137370896142,1076,215,35,115,15,26,20,89
0.774824631410929,0.809236702208138,1070,221,38,49,18,17,20,32
0.710407188353048,0.769213928795986,1080,211,35,46,11,10,24,36
0.729868061874431,0.770510973357691,1068,223,35,42,14,9,21,33
0.700257744375392,0.751564358662623,1087,204,33,73,13,14,20,59
0.738578610853052,0.788676005168148,1088,203,29,70,15,16,14,54
0.728982993688876,0.735548570068218,1064,227,33,12,13,3,20,9
0.741357386094228,0.774151646573476,1076,215,37,40,17,9,20,31
0.680945243804956,0.736975818873308,1051,240,40,122,18,26,22,96
0.735061443932412,0.783505239768092,1091,200,31,83,14,18,17,65
0.750603118564284,0.793176962366921,1076,215,55,65,31,24,24,41
0.7684,0.815369387131192,1076,215,41,68,24,21,17,47
0.76413854045433,0.800024062773382,1083,208,37,33,19,15,18,18
0.712702879938794,0.764341738782778,1055,236,29,73,13,17,16,56
0.747990271377368,0.778855842400492,1069,222,31,42,12,14,19,28
0.740316062373709,0.798320112331724,1068,223,42,55,22,17,20,38
0.75648481215028,0.796487719516493,1049,242,40,50,22,20,18,30
0.7539426271702,0.79703846402389,1054,237,34,53,16,13,18,40
0.816327022209375,0.832106721010419,1094,197,33,53,18,14,15,39
0.784694686756542,0.831485452520315,1077,214,30,33,19,17,11,16
0.76391233121525,0.802520247370831,1062,229,32,70,16,20,16,50
0.756071879825916,0.793755343525252,1065,226,34,59,19,16,15,43
0.677873170731707,0.735518291014626,1056,235,41,57,19,18,22,39
0.733382904435536,0.78167229781304,1059,232,37,123,13,30,24,93
0.744964586100044,0.783503665684749,1096,195,36,49,16,12,20,37
0.71873616644533,0.776828195112914,1069,222,36,83,15,21,21,62
0.722620918456434,0.776404515678072,1078,213,46,67,25,19,21,48
0.717195347607719,0.724041810916369,1060,231,30,18,18,11,12,7
0.703472319715476,0.763294573308588,1057,234,34,105,14,27,20,78
0.78676044746548,0.844073106699042,1064,227,53,122,33,42,20,80
0.76682564917859,0.804644444595571,1059,232,33,73,15,23,18,50
0.703016051289251,0.731308261455569,1070,221,34,31,12,14,22,17
0.750537634408602,0.796188317145534,1043,248,31,48,15,18,16,30
0.729994700582936,0.784847032896282,1057,234,33,41,17,13,16,28
0.703360802223987,0.783486074360699,1073,218,32,80,14,18,18,62
0.772432054356515,0.812826861586444,1062,229,40,86,21,26,19,60
0.760409931462563,0.808341866762454,1063,228,37,43,18,14,19,29
0.765144998771197,0.8071468461721,1049,242,39,91,20,27,19,64
0.758189262966333,0.760358263456546,1074,217,35,9,17,5,18,4
0.677373080496202,0.71270488506995,1073,218,29,24,9,4,20,20
0.725281618023553,0.744787428466834,1072,219,31,70,14,17,17,53
0.692959001782531,0.71881282956142,1076,215,33,31,12,10,21,21
0.752615654337745,0.797765832794117,1067,224,28,89,12,21,16,68
0.734706616729089,0.793702582540485,1072,219,45,146,24,37,21,109
0.786192609722022,0.816212542137261,1060,231,33,114,20,32,13,82
0.739732409063804,0.793458056974515,1066,225,43,113,19,30,24,83
0.814288542020133,0.817531962610416,1065,226,28,14,18,9,10,5
0.758380338436745,0.780484179902867,1084,207,50,46,23,12,27,34
0.775265807035403,0.826969846320711,1059,232,28,29,17,9,11,20
0.769339025932954,0.802051356358643,1056,235,51,59,27,24,24,35
0.764907317073171,0.808655263137398,1069,222,41,59,19,19,22,40
0.763393954288523,0.798322268419311,1043,248,39,64,20,19,19,45
0.790911418330773,0.835749285548646,1057,234,31,64,17,20,14,44
0.806727850845498,0.853361372361952,1076,215,33,74,19,25,14,49
0.800411757977811,0.80298519166483,1094,197,42,38,18,12,24,26
0.692954747531471,0.69691341800587,1064,227,34,15,10,3,24,12
0.737409008189263,0.788638856377715,1057,234,35,40,18,14,17,26
0.732403718459495,0.767003549368492,1042,249,36,62,18,18,18,44
0.67112030411449,0.708689274936218,1086,205,43,91,15,24,28,67
0.665557915921288,0.70960416458888,1066,225,43,84,18,19,25,65
0.685291766586731,0.689031433769173,1083,208,40,23,17,10,23,13
0.810685932708867,0.833088690047771,1089,202,38,59,21,17,17,42
0.708342288129522,0.757361159822968,1073,218,22,74,8,15,14,59
0.74588923967377,0.801672718856267,1061,230,24,105,13,30,11,75
0.689928411388601,0.72894330672951,1073,218,29,34,11,13,18,21
0.743429685791354,0.781759571920926,1085,206,44,20,24,12,20,8
0.730165867306155,0.735060233040835,1066,225,40,17,19,6,21,11
0.696307269836682,0.730901801897998,1063,228,33,82,13,20,20,62
0.729399597495528,0.732673299895333,1081,210,43,18,18,9,25,9
0.829020979020979,0.839076497128836,1066,225,26,68,17,24,9,44
0.669618334225076,0.706396108245443,1063,228,45,52,18,14,27,38
0.735930391264786,0.775756642683778,1077,214,35,77,18,18,17,59
0.764439030537237,0.818920977154058,1076,215,38,77,22,19,16,58
0.744623183309892,0.796461654257496,1092,199,27,56,14,18,13,38
0.711326989162041,0.75223151140311,1052,239,30,86,14,26,16,60
0.79527586691001,0.851123677595777,1072,219,34,87,19,30,15,57
0.73115719406042,0.766171313562204,1048,243,31,47,12,9,19,38
0.760732395440162,0.808588586551874,1045,246,42,111,24,33,18,78
0.717434298739609,0.778039012609592,1053,238,48,67,29,20,19,47
0.690907317073171,0.737022488763108,1058,233,41,42,16,13,25,29
0.68151417870519,0.753900921148851,1069,222,45,108,20,32,25,76
0.741462076532712,0.78256096069931,1066,225,23,76,12,11,11,65
0.709631880684512,0.712558052825825,1074,217,37,19,17,7,20,12
0.7051296633303,0.754711950714511,1092,199,35,46,14,17,21,29
0.766315358420621,0.792664466386455,1065,226,37,25,20,10,17,15
0.717047595641845,0.746253307597009,1070,221,39,84,15,19,24,65
0.802184769038702,0.799382833980301,1082,209,45,24,24,14,21,10
0.778067911853854,0.818232025659541,1069,222,39,57,23,25,16,32
0.725875938846315,0.756501125535143,1076,215,42,51,18,15,24,36
0.705650446465143,0.749272002905008,1084,207,39,69,15,17,24,52
0.768912453122979,0.801854368318389,1052,239,37,60,19,19,18,41
0.757242928892414,0.802728361432813,1062,229,30,86,13,20,17,66
0.763906363185787,0.775171414610628,1075,216,42,42,16,12,26,30
0.746564302680692,0.78356038007829,1052,239,28,15,16,6,12,9
0.72562394930816,0.735527693854635,1055,236,37,44,18,16,19,28
0.770727293292614,0.804392833156769,1066,225,28,79,11,12,17,67
0.767759371051523,0.790924580802345,1076,215,34,51,15,7,19,44
0.745803357314149,0.81696550972688,1054,237,40,62,24,21,16,41
0.729258662369057,0.758602377926709,1062,229,50,44,23,14,27,30
0.745500152021891,0.745703445300977,1065,226,26,12,15,7,11,5
0.773975934459806,0.799892385464515,1063,228,31,49,16,20,15,29
0.738962598650349,0.740097585370634,1092,199,42,18,15,5,27,13
0.758470213861201,0.804685723478039,1062,229,34,86,22,24,12,62
0.776167471819646,0.819508607932167,1071,220,49,76,24,25,25,51
0.668702325799055,0.709987470883402,1063,228,34,86,9,18,25,68
0.690537848605578,0.726240277496216,1069,222,36,49,15,14,21,35
0.70957929711264,0.728169321406474,1074,217,34,48,13,12,21,36
0.71634393245684,0.727399404201963,1065,226,38,22,16,9,22,13
0.782751219512195,0.805624162222186,1071,220,41,49,21,15,20,34
0.708432934926959,0.75305343801672,1063,228,36,39,15,15,21,24
0.749117906498089,0.800414241702092,1061,230,38,50,20,16,18,34
0.78102660841938,0.817415010803495,1058,233,32,60,18,22,14,38
0.769101989690225,0.817707954293793,1068,223,33,43,16,14,17,29
0.755356352368305,0.78790211142603,1071,220,36,102,18,25,18,77
0.721711357574056,0.765364702571405,1046,245,34,81,16,19,18,62
0.698910871302957,0.730737816357902,1051,240,40,56,16,12,24,44
0.752108764229872,0.781555901167754,1084,207,23,67,10,11,13,56
0.752867383512545,0.820477507357979,1044,247,31,94,19,20,12,74
0.728017221208292,0.777935678523878,1059,232,34,132,16,31,18,101
0.729019457245264,0.766755973713075,1071,220,31,111,14,28,17,83
0.77027336154638,0.763049070265529,1093,198,42,16,20,5,22,11
0.778114744491327,0.821290095952743,1058,233,27,61,12,18,15,43
0.722320891852014,0.786700087384958,1093,198,29,142,11,21,18,121
0.748169298868791,0.806276161671384,1063,228,29,98,12,19,17,79
0.750546068308181,0.798462748544312,1073,218,32,22,19,11,13,11
0.748982170433806,0.784279244297668,1057,234,34,63,19,22,15,41
0.741920619316786,0.795272608247816,1073,218,39,62,16,20,23,42
0.735867895545315,0.769435367999863,1068,223,31,71,16,15,15,56
0.797315741583258,0.845527298442773,1085,206,35,108,21,18,14,90
0.759369623986237,0.752358864948115,1056,235,39,16,19,6,20,10
0.711726324998178,0.754571783260847,1054,237,44,58,23,21,21,37
0.751778093883357,0.787181453900304,1074,217,37,81,17,22,20,59
0.776972229048906,0.818440821274276,1061,230,39,149,22,38,17,111
0.684136715647339,0.73418192003574,1083,208,32,64,13,11,19,53
0.765405046480744,0.757235733383268,1073,218,36,13,18,8,18,5
0.764735598002211,0.815549018127633,1052,239,42,98,21,24,21,74
0.767740150509075,0.808060923101438,1078,213,36,64,19,16,17,48
0.784410078527725,0.803750589358969,1057,234,33,16,17,6,16,10
0.759832681442851,0.817112097435692,1052,239,52,130,29,36,23,94
0.78126383355467,0.820934253606947,1089,202,36,28,19,13,17,15
0.788853503184713,0.824070356559912,1055,236,35,82,18,18,17,64
0.782461009780598,0.823692300903382,1079,212,30,73,15,16,15,57
0.760430216312569,0.795672594581199,1066,225,33,75,19,25,14,50
0.794258373205742,0.832118185176182,1042,249,37,105,22,30,15,75
0.790743670886076,0.838680392745663,1078,213,27,31,18,10,9,21
0.767620867811988,0.803179205991842,1056,235,38,63,18,18,20,45
0.740675745238429,0.801914321795154,1067,224,34,87,18,27,16,60
0.737281887441632,0.778018182252789,1060,231,39,67,16,16,23,51
0.741325057114531,0.785848793807144,1071,220,37,65,17,16,20,49
0.805045476098108,0.85043595981979,1058,233,37,81,26,27,11,54
0.693798042592515,0.735188564186402,1082,209,38,76,14,19,24,57
0.700939942073337,0.750041844546705,1065,226,29,57,11,8,18,49
0.755710491367862,0.809076673534726,1081,210,36,63,14,18,22,45
0.747439836149514,0.768608337254392,1038,253,31,26,12,9,19,17
0.723349244232299,0.770990734010339,1076,215,34,33,18,11,16,22
0.71128818061089,0.746738494573208,1084,207,36,25,15,9,21,16
0.748830935251799,0.76984001138152,1049,242,40,31,19,15,21,16
0.777623579169971,0.817973309637218,1056,235,30,37,16,16,14,21
0.699563153694292,0.755673217802886,1066,225,38,97,13,23,25,74
0.681074383550422,0.719336144030736,1061,230,39,99,19,25,20,74
0.759942042720711,0.805122791655411,1071,220,44,84,25,24,19,60
0.797232639337903,0.830642765037126,1070,221,37,41,21,15,16,26
0.731512260924026,0.736167828973325,1076,215,33,18,16,8,17,10
0.721684251096016,0.780554095102035,1071,220,33,53,17,9,16,44
0.757702523240372,0.80924782427751,1070,221,36,69,13,13,23,56
0.746292607348384,0.789832793902815,1072,219,36,70,17,15,19,55
0.697006552819698,0.728884932897044,1063,228,32,56,12,16,20,40
0.743536963258079,0.780314798448625,1071,220,36,56,18,14,18,42
0.79024026546814,0.824481872025888,1070,221,38,34,21,13,17,21
0.70130063542494,0.721782686846964,1057,234,32,19,17,11,15,8
0.753245942571785,0.755492949219811,1077,214,45,18,21,10,24,8
0.77017263829966,0.77334679582464,1071,220,38,16,20,9,18,7
0.865624012638231,0.886249545631111,1058,233,25,78,18,18,7,60
0.735657415832575,0.769134643766165,1073,218,35,73,16,19,19,54
0.777812251787133,0.780129698866051,1062,229,32,9,17,4,15,5
0.786710493978865,0.839868777632753,1084,207,39,80,21,23,18,57
0.788633595161087,0.836432135150884,1087,204,38,65,21,22,17,43
0.759926958831341,0.794489741746898,1058,233,36,53,18,15,18,38
0.67736830455954,0.739690114118696,1045,246,36,45,13,13,23,32
0.74628394994262,0.77589157076376,1080,211,29,70,11,14,18,56
0.765209813207051,0.828090593700044,1082,209,24,31,16,7,8,24
0.756699272065514,0.794381169325869,1066,225,35,107,17,28,18,79
0.731076431555665,0.765185691785692,1067,224,39,49,18,18,21,31
0.740317973705213,0.769995368380048,1058,233,38,101,15,24,23,77
0.799596757256269,0.827142270795078,1039,252,38,35,18,21,20,14
0.659650516282764,0.695800375554035,1063,228,32,62,15,17,17,45
0.771293699117466,0.798174586508569,1050,241,47,58,23,20,24,38
0.744758762693622,0.743619132948177,1087,204,34,11,12,3,22,8
0.747416726172974,0.781392513960164,1063,228,38,70,16,18,22,52
0.769333169492914,0.81193925688706,1068,223,39,58,20,19,19,39
0.737411671112359,0.77754209715762,1071,220,34,36,16,9,18,27
0.732755795854837,0.783175363876803,1052,239,39,52,22,20,17,32
0.674257843526608,0.728314384848439,1064,227,32,54,11,14,21,40
0.795341034732548,0.795372071696135,1073,218,42,16,24,7,18,9
0.750140390284992,0.754891587086399,1071,220,34,12,14,2,20,10
0.734721880888015,0.765865852442504,1070,221,39,28,17,10,22,18
0.739191344454502,0.771904408387589,1063,228,37,48,20,17,17,31
0.730649973183159,0.76236427350923,1048,243,48,31,23,12,25,19
0.765924219150026,0.80789561522007,1085,206,31,55,11,13,20,42
0.721942880128721,0.779721758503964,1064,227,48,56,27,23,21,33
0.695653995709305,0.722969279834242,1062,229,48,28,17,8,31,20
0.779968964179491,0.839298625152402,1099,192,37,107,16,22,21,85
0.757607724384432,0.763597207589802,1061,230,32,23,15,10,17,13
0.696822363170496,0.739827431424371,1042,249,38,152,19,37,19,115
0.822315741583258,0.854221884392316,1095,196,35,74,19,19,16,55
0.801934257602862,0.850338817985038,1080,211,43,52,25,23,18,29
0.630534277593101,0.659541371481032,1078,213,33,79,6,14,27,65
0.745743149324861,0.784077481512893,1070,221,32,71,15,18,17,53
0.765506232897537,0.798381019766211,1072,219,26,44,12,10,14,34
0.719718030182685,0.764299292217511,1064,227,32,25,16,7,16,18
0.786532871198569,0.827480047716681,1084,207,43,104,24,25,19,79
0.810661470823341,0.809815619419387,1057,234,40,18,27,15,13,3
0.729686624423467,0.731073987563116,1055,236,37,21,21,14,16,7
0.72317335978655,0.727824851379019,1062,229,47,19,21,7,26,12
0.726905333790842,0.728149994990944,1068,223,42,20,18,10,24,10
0.758025644625392,0.754324848906458,1072,219,34,18,14,6,20,12
0.721635753749013,0.727559188007858,1082,209,24,11,10,5,14,6
0.69020552025417,0.703833097570399,1075,216,32,25,12,11,20,14
0.675830013280212,0.679204750715305,1085,206,36,20,11,6,25,14
0.758023397939585,0.795748852870165,1056,235,46,61,25,22,21,39
0.690405046480744,0.722094200529584,1061,230,36,49,12,9,24,40
0.761648745519713,0.809674328281713,1062,229,31,110,15,29,16,81
0.680745158986853,0.717813674212286,1075,216,38,31,15,9,23,22
0.799951219512195,0.822412893142617,1063,228,41,50,22,17,19,33
0.704954954954955,0.7401007252712,1070,221,37,99,11,18,26,81
0.695085397579459,0.699744152535998,1063,228,28,12,9,3,19,9
0.757109048896839,0.781843238161553,1067,224,43,40,20,10,23,30
0.750784804367607,0.796019714620101,1066,225,35,93,17,25,18,68
0.724793568013907,0.769417876040112,1057,234,52,69,25,22,27,47
0.74626216077829,0.767044684629701,1068,223,31,26,14,9,17,17
0.703390425382563,0.760791104237953,1057,234,34,59,18,19,16,40
0.776527820006081,0.803959692451732,1064,227,26,69,14,15,12,54
0.749590398951421,0.800385150629141,1073,218,39,45,22,18,17,27
0.7523681515617,0.829699033359135,1041,250,31,101,17,27,14,74
0.760647010647011,0.762544249187819,1084,207,33,16,14,8,19,8
0.747011008237953,0.813250879169054,1066,225,44,121,23,30,21,91
0.770447841244301,0.80356309168153,1033,258,48,38,22,17,26,21
0.717393602960613,0.752957638882638,1078,213,30,31,13,10,17,21
0.742972554227534,0.798869677414999,1068,223,36,82,18,24,18,58
0.681634692246203,0.737968014421506,1065,226,40,59,14,15,26,44
0.719705619539317,0.716470256137515,1074,217,32,16,13,5,19,11
0.738771969956918,0.780522870675852,1065,226,42,104,17,28,25,76
0.628987105531049,0.67406858103511,1058,233,28,77,11,16,17,61
0.764843129467832,0.817868980194356,1060,231,32,65,17,22,15,43
0.756540036396724,0.804185824794158,1093,198,35,36,18,11,17,25
0.791531707317073,0.810586466715952,1059,232,41,28,22,10,19,18
0.738439010403867,0.739896009957575,1062,229,39,15,18,6,21,9
0.726285741026721,0.803976208463434,1090,201,34,121,16,28,18,93
0.668116452131939,0.717977804093467,1042,249,48,40,24,14,24,26
0.77023959941972,0.794528329626251,1074,217,34,31,16,8,18,23
0.794040036396724,0.825020868013409,1064,227,35,79,19,26,16,53
0.793931707317073,0.833726758516418,1051,240,41,80,27,20,14,60
0.722501561010878,0.725279945670079,1044,247,49,17,23,10,26,7
0.659752198241407,0.670459597522591,1070,221,40,29,12,7,28,22
0.820628012541532,0.863706906208507,1076,215,34,92,24,27,10,65
0.760641486810552,0.777912944080781,1076,215,40,21,19,9,21,12
0.700751219512195,0.751099242778242,1057,234,41,72,20,27,21,45
0.700786434013271,0.743272429459593,1092,199,39,79,16,14,23,65
0.747494821024233,0.803835266830894,1076,215,33,47,14,14,19,33
0.725960583796664,0.780043154066978,1051,240,32,62,17,16,15,46
0.797080502962856,0.844428282704287,1081,210,33,94,18,25,15,69
0.796770727293293,0.833794422255221,1088,203,28,65,16,12,12,53
0.702880184331797,0.751158242346494,1065,226,31,26,14,9,17,17
0.722997531202853,0.781224699656841,1073,218,23,32,12,9,11,23
0.79379160266257,0.81275847630683,1069,222,31,46,18,15,13,31
0.738018038163387,0.800129825675484,1070,221,43,82,21,27,22,55
0.696013777460411,0.744938976090506,1078,213,38,75,14,13,24,62
0.772002398081535,0.801065327701318,1068,223,40,57,21,16,19,41
0.738169544046038,0.773686232891197,1076,215,36,28,18,10,18,18
0.733649766875289,0.735909876901297,1077,214,38,17,17,8,21,9
0.777348121502798,0.808477423479576,1055,236,40,97,21,25,19,72
0.726163723916533,0.748098203004314,1092,199,45,29,17,8,28,21
0.675557339040485,0.729996049756683,1052,239,45,105,16,23,29,82
0.697217999391912,0.768051960813946,1076,215,26,60,9,12,17,48
0.72291856232939,0.764014802631332,1060,231,35,68,16,20,19,48
0.770423375074538,0.777036805161562,1072,219,43,22,22,11,21,11
0.722005540570095,0.762676662790127,1070,221,44,93,19,27,25,66
0.727081681205393,0.73061150879849,1067,224,30,11,15,5,15,6
0.720927373080496,0.77849773109029,1064,227,29,52,11,12,18,40
0.717846317686573,0.746607473692616,1051,240,39,39,15,12,24,27
0.688650372860899,0.747065943089639,1073,218,37,99,12,16,25,83
0.760322594194985,0.784679901456175,1081,210,38,82,13,19,25,63
0.771381142098273,0.813158572419433,1070,221,36,49,22,19,14,30
0.747995188452286,0.795644668864601,1057,234,44,61,23,21,21,40
0.733433946370911,0.778198665220971,1050,241,34,48,18,16,16,32
0.746839164951485,0.824601156993955,1059,232,38,169,19,33,19,136
0.743043902439024,0.766439945964852,1047,244,41,35,20,12,21,23
0.761540723316672,0.839641482514278,1067,224,38,115,20,23,18,92
0.746176793306817,0.768657469015268,1058,233,23,93,10,23,13,70
0.721774413902399,0.754919468388511,1054,237,29,71,12,18,17,53
0.764229686242961,0.784737833320389,1057,234,48,35,25,13,23,22
0.732768653821285,0.735608204671443,1072,219,37,21,18,9,19,12
0.71407798803965,0.731207789937014,1052,239,39,32,17,12,22,20
0.704403296266878,0.749492298627341,1072,219,32,59,14,13,18,46
0.737483399734396,0.756284829071597,1073,218,36,28,14,11,22,17
0.735338944494995,0.776588115645798,1091,200,35,20,16,8,19,12
0.738509192645883,0.7438102088588,1055,236,40,16,19,7,21,9
0.792490118577075,0.795960467341234,1097,194,26,11,17,7,9,4
0.742779144305307,0.746872713292615,1066,225,43,20,18,8,25,12
0.791316436053278,0.818374985447801,1088,203,37,45,19,15,18,30
0.683090117767537,0.68494085972816,1075,216,31,12,13,4,18,8
0.774807987711214,0.805431236813373,1092,199,31,74,15,19,16,55
0.73437432647959,0.795382745246169,1072,219,37,43,20,17,17,26
0.774331697503582,0.802930214398478,1057,234,53,62,25,16,28,46
0.752854458736812,0.80839727408215,1080,211,33,79,15,17,18,62
0.711531707317073,0.734796188188544,1107,184,41,40,14,13,27,27
0.788239794524291,0.808437339840846,1066,225,29,17,17,8,12,9
0.734572342126299,0.765883222181291,1063,228,40,37,20,12,20,25
0.694435018663047,0.755911434243023,1068,223,28,40,14,16,14,24
0.754493787998943,0.787142883506788,1079,212,30,15,13,5,17,10
0.686048417946336,0.738309709699601,1072,219,29,78,10,17,19,61
0.750729705077531,0.774978298947325,1073,218,26,19,12,8,14,11
0.700750682438581,0.731574728188475,1027,264,35,70,15,22,20,48
0.716350620252473,0.749387095345692,1071,220,29,35,11,8,18,27
0.752945859872611,0.79751875631077,1044,247,35,104,19,26,16,78
0.736907923860115,0.769241330013966,1084,207,36,72,15,18,21,54
0.725513800635425,0.79213444352432,1077,214,32,41,18,15,14,26
0.791077828981055,0.800616860506774,1077,214,31,34,15,11,16,23
0.723203637447823,0.784930379516954,1061,230,43,59,20,18,23,41
0.68370607028754,0.728677620636158,1078,213,39,120,16,34,23,86
0.708391936240037,0.770819749244045,1085,206,27,35,11,11,16,24
0.773889746829519,0.831934396484036,1073,218,34,91,21,22,13,69
0.762118193891102,0.794452935163705,1063,228,36,63,15,16,21,47
0.776153026951749,0.818826337978884,1079,212,39,78,20,19,19,59
0.77792980775809,0.814489995031767,1058,233,47,41,28,17,19,24
0.708998935037274,0.712530681886217,1095,196,39,16,15,3,24,13
0.71847739888977,0.772777847770905,1051,240,30,180,14,39,16,141
0.730921252660383,0.756671186122648,1068,223,26,63,11,14,15,49
0.738180070127814,0.791848261222209,1049,242,28,39,12,15,16,24
0.736290322580645,0.761641238009274,1082,209,31,27,15,10,16,17
0.836426139057718,0.835692301349561,1097,194,37,17,26,11,11,6
0.7497838944495,0.827112226922172,1078,213,35,45,17,12,18,33
0.693395121951219,0.747110265073229,1066,225,41,41,18,9,23,32
0.748751219512195,0.794329069683814,1062,229,41,69,20,22,21,47
0.781815761448349,0.817666602910757,1079,212,39,56,21,14,18,42
0.76144445881288,0.807224470681401,1063,228,37,34,16,7,21,27
0.732285664396717,0.764129124284965,1044,247,46,79,22,25,24,54
0.690637450199203,0.718327501133802,1062,229,36,12,16,8,20,4
0.667804308975377,0.709939022008188,1072,219,32,69,9,15,23,54
0.697782074613285,0.74955102237118,1078,213,35,42,13,11,22,31
0.732376086124925,0.768670119610882,1065,226,29,23,16,11,13,12
0.685337996611837,0.708212996655021,1080,211,29,120,9,30,20,90
0.633381605552216,0.673696390927956,1112,179,29,95,7,22,22,73
0.782398708869297,0.843088144063136,1075,216,33,49,15,14,18,35
0.756618023553507,0.791276406777533,1060,231,31,49,16,15,15,34
0.706210191082802,0.753457814097197,1097,194,35,32,16,9,19,23
0.754046762589928,0.794018243855405,1040,251,40,53,20,15,20,38
0.772761119936458,0.823256383701939,1044,247,32,82,19,22,13,60
0.771718625893566,0.770182614180226,1078,213,32,14,16,7,16,7
0.766767514762703,0.807688938878093,1070,221,44,55,24,16,20,39
0.731817175741479,0.783183034798678,1057,234,36,70,17,19,19,51
0.773981850376273,0.799093026661187,1062,229,36,18,20,7,16,11
0.850845889505683,0.871152362706071,1067,224,30,57,22,24,8,33
0.683089862771138,0.716758757106665,1066,225,36,56,14,15,22,41
0.65727224550754,0.655220121584415,1074,217,33,14,15,6,18,8
0.733132393084622,0.732353570477358,1056,235,35,18,14,7,21,11
0.767917838724801,0.860603218381109,1075,216,27,109,16,32,11,77
0.701112195121951,0.748027656610291,1073,218,41,79,14,22,27,57
0.723250324964083,0.759693044555269,1090,201,47,53,19,18,28,35
0.742812555733904,0.790291280765555,1088,203,45,61,22,21,23,40
0.710190325138779,0.75829557677972,1072,219,30,43,14,14,16,29
0.766862850008918,0.815940139796395,1068,223,45,85,22,19,23,66
0.711790114456514,0.772730075441903,1082,209,44,81,18,17,26,64
0.75038253456473,0.803198869331126,1078,213,29,63,13,18,16,45
0.71168065547562,0.761079715949054,1061,230,40,84,16,16,24,68
0.718119706116337,0.794845911243865,1087,204,34,52,17,12,17,40
0.721162377994676,0.749450756164129,1088,203,49,32,19,10,30,22
0.771729835123486,0.815550464404949,1075,216,47,99,24,28,23,71
0.764382934919364,0.797425800130247,1065,226,42,32,22,8,20,24
0.757700499713279,0.788998288780653,1056,235,39,65,16,14,23,51
0.789192811755361,0.830596544617194,1082,209,32,48,17,15,15,33
0.751181618232018,0.793077189723625,1071,220,34,77,16,13,18,64
0.718725099601594,0.789196526510195,1087,204,36,62,19,19,17,43
0.71119381413499,0.778523156992029,1062,229,33,61,15,13,18,48
0.69573041941463,0.722465880364749,1075,216,37,102,14,23,23,79
0.738694267515924,0.78286926050128,1066,225,35,47,16,20,19,27
0.685062335582752,0.73230540704404,1076,215,42,63,19,18,23,45
0.724612660469234,0.777248238490933,1072,219,36,123,11,29,25,94
0.785803891449053,0.834960543744699,1081,210,31,33,19,14,12,19
0.748863297555158,0.749971727022662,1076,215,43,17,21,9,22,8
0.767409114183308,0.830332469800682,1077,214,31,69,18,14,13,55
0.736030108624335,0.801773889930971,1052,239,44,98,24,22,20,76
0.766642672756156,0.811805937216135,1048,243,32,32,14,10,18,22
0.784495351925631,0.840866661790391,1070,221,36,43,22,11,14,32
0.756345035778175,0.809664654216922,1063,228,43,72,19,19,24,53
0.735865501743185,0.788042870164358,1037,254,38,112,20,35,18,77
0.715718835304823,0.767734261562899,1063,228,35,73,14,18,21,55
0.71555369249836,0.739533793723164,1051,240,44,21,23,9,21,12
0.734906733393995,0.77735545324422,1071,220,35,73,18,17,17,56
0.791327212379844,0.827451000410316,1068,223,37,61,19,14,18,47
0.722628130522867,0.746863967458866,1080,211,37,73,14,13,23,60
0.727223085647079,0.776459613832021,1060,231,38,117,17,33,21,84
0.722166928583901,0.790029572203071,1079,212,46,90,20,21,26,69
0.723749446657813,0.779015248218282,1048,243,36,48,16,13,20,35
0.768280236203251,0.796202145651772,1073,218,44,52,24,17,20,35
0.786009756097561,0.824442059817903,1066,225,41,90,22,23,19,67
0.75142018376606,0.787361350594747,1043,248,42,46,24,20,18,26
0.697791164658634,0.755079331169679,1064,227,46,78,21,20,25,58
0.762015604120867,0.764440420559157,1069,222,37,23,17,12,20,11
0.784462151394422,0.831432572366144,1049,242,36,36,22,15,14,21
0.762687392479725,0.809796428411389,1077,214,39,46,20,13,19,33
0.770839733742959,0.82660689425732,1087,204,31,80,17,20,14,60
0.703717073170732,0.754081097215938,1070,221,41,117,17,28,24,89
0.72794766245222,0.81716672441578,1056,235,38,115,20,28,18,87
0.756400121617513,0.789835261009818,1078,213,26,18,14,10,12,8
0.764198760513502,0.802628094669809,1081,210,36,41,18,13,18,28
0.71173798649722,0.738637600661132,1042,249,32,76,11,19,21,57
0.758093021250916,0.79511417505407,1067,224,37,70,19,18,18,52
0.752273804905384,0.798194038921193,1062,229,37,105,20,22,17,83
0.777601270849881,0.841540440082406,1060,231,32,61,21,14,11,47
0.727942983534038,0.785650198297788,1088,203,39,105,20,32,19,73
0.68320832794517,0.682679991309136,1068,223,37,24,12,8,25,16
0.838235945108455,0.855626520742302,1082,209,36,49,20,15,16,34
0.765407673860911,0.801846848996883,1087,204,40,41,18,10,22,31
0.751052256108436,0.790861621603264,1070,221,45,72,22,22,23,50
0.678143392188336,0.679086204883099,1052,239,45,18,16,9,29,9
0.751884164823462,0.798794735504873,1081,210,39,84,19,22,20,62
0.71527525022748,0.717171069692128,1049,242,35,14,14,7,21,7
0.748954696323117,0.789886447369521,1048,243,37,75,18,18,19,57
0.739278048780488,0.780246893283249,1080,211,41,90,18,17,23,73
0.697081413210445,0.755466973686842,1065,226,31,73,15,20,16,53
0.687623388079136,0.726767598783544,1071,220,38,34,12,6,26,28
0.789672429481347,0.830783121191958,1054,237,35,94,20,27,15,67
0.771649484536082,0.833822352494437,1073,218,30,59,17,17,13,42
0.735636127949979,0.792928346808573,1072,219,42,49,19,14,23,35
0.684052003507568,0.724377975699551,1056,235,42,40,17,12,25,28
0.766995121951219,0.792569964657083,1048,243,41,45,19,15,22,30
0.6794695765284,0.710887837732571,1060,231,33,73,11,16,22,57
0.725904133798871,0.775514720834881,1063,228,37,77,18,16,19,61
0.751865332120109,0.75151266662678,1081,210,35,17,17,10,18,7
0.723468495546205,0.76918220797209,1048,243,29,86,13,15,16,71
0.80979447974583,0.835966859293767,1059,232,32,38,18,11,14,27
0.749127727987959,0.816637239000416,1084,207,47,60,27,20,20,40
0.7867197875166,0.816513049499437,1077,214,36,41,22,14,14,27
0.737399971921943,0.790989930886893,1050,241,34,40,15,15,19,25
0.736188210415014,0.793956124321676,1084,207,30,38,15,15,15,23
0.736698205947407,0.779936969770283,1082,209,39,60,19,13,20,47
0.697622724507464,0.697924432526544,1053,238,34,20,13,7,21,13
0.717751590613669,0.77583857340603,1055,236,47,55,23,19,24,36
0.75405518699424,0.809003867181362,1078,213,44,49,21,11,23,38
0.71310243902439,0.785470855243437,1057,234,41,136,20,24,21,112
0.72396059160765,0.747533121363065,1066,225,33,32,12,5,21,27
0.786524261603376,0.833658278419187,1056,235,27,84,17,19,10,65
0.707473442837756,0.756375190841668,1065,226,34,51,13,11,21,40
0.767111083804374,0.79961417904776,1063,228,39,89,23,24,16,65
0.717076292882744,0.764163636665039,1093,198,31,70,11,14,20,56
0.790592127587377,0.823064254242447,1067,224,28,25,17,9,11,16
0.746092111784666,0.778200880637696,1057,234,42,69,18,18,24,51
0.756844636318924,0.799805958804851,1078,213,29,82,12,20,17,62
0.767602605062669,0.802168967931097,1070,221,39,32,19,13,20,19
0.685277382645804,0.761872516413167,1053,238,37,115,13,24,24,91
0.732358129961776,0.763027618819597,1064,227,38,43,16,11,22,32
0.754620489771916,0.790603315553913,1069,222,38,37,18,12,20,25
0.763199369582348,0.789834826709907,1082,209,22,18,9,8,13,10
0.716815126509645,0.770274890311344,1092,199,29,58,12,15,17,43
0.732279344858963,0.791169234079271,1047,244,35,33,20,11,15,22
0.858869376479874,0.878368432326564,1080,211,24,41,14,15,10,26
0.82716098334655,0.857505861483643,1061,230,30,72,18,17,12,55
0.77987241858618,0.781080439211095,1076,215,32,10,20,7,12,3
0.738324207964809,0.78480377058552,1078,213,34,69,15,14,19,55
0.810812391782489,0.814382619230046,1059,232,34,13,18,7,16,6
0.782579370814665,0.830030470971239,1078,213,33,93,19,23,14,70
0.743968624559679,0.773287615157001,1069,222,39,74,17,24,22,50
0.713527057535746,0.761265875147165,1059,232,47,39,17,16,30,23
0.727887919640497,0.770529420090702,1078,213,30,33,13,10,17,23
0.766146525011067,0.793236685651877,1057,234,36,56,20,18,16,38
0.769570731707317,0.792011307294462,1088,203,41,37,23,14,18,23
0.725349805793439,0.770544620312847,1081,210,34,48,16,17,18,31
0.801014407527198,0.801163165747791,1077,214,38,22,24,15,14,7
0.785756097560976,0.821153216725117,1065,226,41,64,21,21,20,43
0.730595996360328,0.73378514732468,1067,224,35,17,14,8,21,9
0.748448780487805,0.810632730681304,1046,245,41,57,24,20,17,37
0.771004878048781,0.8239736008208,1071,220,41,69,25,26,16,43
0.759295035357585,0.805634482301787,1055,236,44,61,24,20,20,41
0.798878205128205,0.842418438135868,1062,229,43,66,23,17,20,49
0.755355533710166,0.797313920638288,1058,233,39,145,20,26,19,119
0.789311460637339,0.783947869748643,1075,216,39,20,19,8,20,12
0.727077541699762,0.772372341246666,1059,232,32,43,13,11,19,32
0.755186533212011,0.793214495277771,1056,235,35,75,14,15,21,60
0.71243372559162,0.753156409675748,1099,192,37,73,12,8,25,65
0.791218637992832,0.832778255091529,1071,220,31,44,16,12,15,32
0.713959491660048,0.712254822911206,1072,219,32,14,15,7,17,7
0.731938911022576,0.771311525420613,1066,225,36,76,19,16,17,60
0.714935236584721,0.773091441450318,1066,225,30,110,16,21,14,89
0.731717562061578,0.777789068170317,1080,211,38,58,18,20,20,38
0.746349852590201,0.795462323239028,1078,213,34,49,15,13,19,36
0.75516061531501,0.787081044233044,1053,238,28,42,14,13,14,29
0.706596003556554,0.766353813780243,1086,205,34,43,14,16,20,27
0.760424966799469,0.807686759052176,1057,234,36,53,21,19,15,34
0.700719858614596,0.728385852146568,1060,231,37,45,16,20,21,25
0.70845192915876,0.764612903093293,1078,213,51,72,21,20,30,52
0.687290969899666,0.732632354872881,1063,228,26,106,12,26,14,80
0.712043161520407,0.765588954003108,1058,233,53,90,24,27,29,63
0.757592466915507,0.761508946891166,1073,218,28,8,12,4,16,4
0.747800552201788,0.782790004538639,1078,213,34,102,15,19,19,83
0.68193445243805,0.689433811695413,1067,224,40,21,14,5,26,16
0.749190647482014,0.783756328613538,1034,257,40,122,18,38,22,84
0.78609756097561,0.782926680372499,1067,224,41,17,24,7,17,10
0.71525712315186,0.754426220365651,1081,210,37,107,16,27,21,80
0.712964301199595,0.760542139625556,1087,204,33,63,12,9,21,54
0.77538724320277,0.804134328782849,1078,213,34,109,17,29,17,80
0.809237467132204,0.80925604734525,1063,228,37,16,21,9,16,7
0.795030987162461,0.835113505430556,1078,213,36,54,22,17,14,37
0.711593255564494,0.719344734377049,1083,208,48,22,23,9,25,13
0.72543409629045,0.745201309825325,1086,205,24,14,11,5,13,9
0.73415227976981,0.779817567522437,1075,216,36,34,17,12,19,22
0.727263421292084,0.785881873341438,1038,253,35,106,18,25,17,81
0.760599078341014,0.796242588658338,1080,211,31,60,13,11,18,49
0.769389162194395,0.769330965511857,1077,214,43,19,24,11,19,8
0.704677939972058,0.702757059349391,1089,202,33,9,15,2,18,7
0.717062152501986,0.72246055274026,1064,227,32,8,14,4,18,4
0.73169964543063,0.772648170104124,1052,239,42,120,19,31,23,89
0.664984506418769,0.672279468150656,1056,235,36,23,14,9,22,14
0.769101346001583,0.804654626964473,1085,206,28,80,13,14,15,66
0.731861239119304,0.789155639338271,1052,239,31,70,13,19,18,51
0.696944171463335,0.750871099167736,1079,212,34,76,14,14,20,62
0.746346825294194,0.798969841975767,1058,233,37,96,20,22,17,74
0.771713147410359,0.82955450947188,1035,256,36,55,21,14,15,41
0.746637384267697,0.749958000730084,1052,239,44,20,21,10,23,10
0.766994266994267,0.80840805972077,1086,205,37,67,18,18,19,49
0.790108277097869,0.834975509304615,1049,242,42,81,26,29,16,52
0.737497434494082,0.743327261053828,1028,263,47,18,21,9,26,9
0.781380800727934,0.805981608908225,1069,222,35,84,18,23,17,61
0.780043520988347,0.845379902918231,1058,233,34,80,20,23,14,57
0.774130640810673,0.815543238090976,1083,208,44,28,22,14,22,14
0.684849490925188,0.738408015414547,1089,202,36,106,15,19,21,87
0.813287804878049,0.814564763485716,1055,236,41,17,25,11,16,6
0.800343642611684,0.806975995216164,1069,222,30,18,17,10,13,8
0.808117968987534,0.842929308325235,1069,222,26,31,17,11,9,20
0.6948575369628,0.747670651377752,1062,229,37,101,13,18,24,83
0.810301436489085,0.851468371811327,1043,248,28,94,16,24,12,70
0.770411985018727,0.802259177825995,1058,233,45,81,22,21,23,60
0.656645950763598,0.686564652182916,1070,221,33,81,7,16,26,65
0.729349269588314,0.748895594734767,1084,207,36,56,14,13,22,43
0.837126600284495,0.885678136553682,1066,225,37,79,23,25,14,54
0.718861806797853,0.757795772875874,1052,239,43,47,20,18,23,29
0.62676095706619,0.662087446182386,1080,211,43,73,16,16,27,57
0.717762284196547,0.793843132331979,1049,242,36,85,19,23,17,62
0.689583845334644,0.730812025305471,1087,204,39,102,14,21,25,81
0.727019800549212,0.741024277156032,1100,191,33,15,14,7,19,8
0.688823047107931,0.722220963518132,1075,216,43,71,15,11,28,60
0.714915781072794,0.752347618390876,1084,207,38,56,17,17,21,39
0.721668367718889,0.739836843576069,1068,223,44,97,16,22,28,75
0.699418450964843,0.738639900368238,1093,198,30,15,12,4,18,11
0.735564757303888,0.776406250380298,1044,247,49,74,25,24,24,50
0.764621573445103,0.765564578839546,1033,258,33,14,17,7,16,7
0.775972862263185,0.805371009758464,1072,219,31,48,15,11,16,37
0.780784005587568,0.828748592890462,1047,244,46,91,26,25,20,66
0.700067855304413,0.703089884329441,1076,215,34,15,14,7,20,8
0.734849863512284,0.735761801438329,1061,230,35,14,17,7,18,7
0.71209606020363,0.753062691832629,1044,247,36,109,17,26,19,83
0.768195443645084,0.801579813593287,1057,234,40,43,21,17,19,26
0.754907317073171,0.797738798981537,1051,240,41,37,22,16,19,21
0.738487804878049,0.78755227997107,1058,233,41,87,18,27,23,60
0.770663721207307,0.826740020990276,1068,223,32,52,20,14,12,38
0.723341938046068,0.722090092755684,1081,210,32,17,13,5,19,12
0.78736585565659,0.827644382060018,1074,217,39,37,22,14,17,23
0.715647339158062,0.73604583059136,1062,229,32,20,13,10,19,10
0.743635640413683,0.784459927020388,1074,217,34,46,17,11,17,35
0.706086764054892,0.75776540114645,1109,182,36,63,15,16,21,47
0.706743825164878,0.744805465672596,1082,209,37,68,14,18,23,50
0.664786169244768,0.669755877726014,1055,236,35,17,15,7,20,10
0.768007241691452,0.818650401797695,1053,238,37,46,16,14,21,32
0.709572376505284,0.74334988440563,1067,224,39,23,19,9,20,14
0.754057598775889,0.800816601321054,1069,222,29,139,16,31,13,108
0.750378040072248,0.758371902753904,1084,207,38,21,18,9,20,12
0.763332319854059,0.792832545075508,1077,214,26,86,12,16,14,70
0.787648780487805,0.789945250953798,1049,242,41,17,26,10,15,7
0.696747042766151,0.7341524088216,1064,227,35,43,16,10,19,33
0.738091446769791,0.776525024075887,1063,228,35,30,19,9,16,21
0.690153317472905,0.73450977355838,1081,210,30,90,13,19,17,71
0.706882429537531,0.711036399946865,1073,218,38,17,15,5,23,12
0.723791688960228,0.776031233610242,1063,228,45,59,22,16,23,43
0.670373556156304,0.707089510868069,1070,221,39,84,15,22,24,62
0.708886780518659,0.765966544616023,1047,244,51,68,22,14,29,54
0.738609422819949,0.794449759431469,1069,222,37,115,20,28,17,87
0.764368646721588,0.770110473134096,1049,242,33,18,17,10,16,8
0.710767841391187,0.75821567886428,1056,235,38,74,18,21,20,53
0.78635444559812,0.842504960980233,1071,220,29,69,16,19,13,50
0.788072761756972,0.810434885681482,1047,244,37,49,21,17,16,32
0.805562739773266,0.837453799575388,1064,227,37,104,25,27,12,77
0.756503177124702,0.756164945148797,1069,222,32,15,14,9,18,6
0.721555788370875,0.769481874800241,1069,222,46,101,21,27,25,74
0.778912884176042,0.820339502672511,1045,246,37,115,19,33,18,82
0.740841159809183,0.787894299375774,1061,230,43,83,17,12,26,71
0.790615316511731,0.829297225890972,1072,219,36,70,19,17,17,53
0.699501092136616,0.732784037693499,1050,241,32,58,12,16,20,42
0.757337970817781,0.760485488730739,1068,223,28,11,15,5,13,6
0.666561373952922,0.696668573131404,1055,236,34,30,14,11,20,19
0.752202603887997,0.755560353186144,1075,216,45,21,25,14,20,7
0.753202839500987,0.776410120590301,1094,197,38,53,18,20,20,33
0.74838526664921,0.787282529570813,1098,193,18,19,8,7,10,12
0.757691456396636,0.792989686823661,1066,225,36,29,18,16,18,13
0.764143530644316,0.80371071602771,1075,216,46,43,23,19,23,24
0.761584741423451,0.819292134257043,1065,226,31,144,14,26,17,118
0.752181125583681,0.796423095503975,1072,219,39,55,21,16,18,39
0.759451774340309,0.807256898573555,1070,221,35,63,20,17,15,46
0.733198219011215,0.78353389981425,1069,222,38,51,17,11,21,40
0.773380914618028,0.793742578323147,1078,213,30,25,13,11,17,14
0.813479415670651,0.845262028991886,1078,213,36,68,20,20,16,48
0.72708995234313,0.789453673421162,1094,197,32,103,13,26,19,77
0.758190008190008,0.785254587834491,1062,229,33,44,19,15,14,29
0.719532647584973,0.777578646748379,1072,219,43,57,17,16,26,41
0.740545358192417,0.772526491109835,1083,208,33,116,13,21,20,95
0.725091359684126,0.728387655980132,1044,247,38,15,20,7,18,8
0.776881453534551,0.841763933398906,1077,214,32,123,18,28,14,95
0.730961481917083,0.767682699461244,1054,237,38,37,18,12,20,25
0.77583473062623,0.804799391921157,1057,234,44,84,22,24,22,60
0.661812144212524,0.718996494521282,1050,241,51,96,23,21,28,75
0.717662682602922,0.756575865891047,1056,235,36,39,15,10,21,29
0.661171084134918,0.693322527945947,1073,218,38,119,12,21,26,98
0.775124861794197,0.812695530896554,1056,235,42,91,25,33,17,58
0.767548785624035,0.816596365111899,1038,253,34,109,20,26,14,83
0.741224393088868,0.780775002946838,1078,213,44,65,21,21,23,44
0.817356115107914,0.857272147924702,1077,214,40,56,27,22,13,34
0.785044613991982,0.817765066927371,1066,225,37,50,22,23,15,27
0.753736322391246,0.756859265086936,1044,247,42,14,24,11,18,3
0.687659473645841,0.722253833662508,1069,222,44,92,16,18,28,74
0.710072176233153,0.755138578602668,1049,242,47,37,24,15,23,22
0.739099859353024,0.736957783443854,1056,235,27,12,11,5,16,7
0.728542412045319,0.772324589867804,1074,217,43,91,16,21,27,70
0.762549800796813,0.800488137862168,1065,226,36,55,19,17,17,38
0.757293050022134,0.758954774393393,1043,248,36,15,20,9,16,6
0.716222712362855,0.716870151289393,1072,219,28,11,12,4,16,7
0.776886715121045,0.81804926895172,1050,241,29,98,17,31,12,67
0.797960975609756,0.81387586512645,1028,263,41,65,20,20,21,45
0.721133366101417,0.772834715304178,1049,242,39,71,18,20,21,51
0.733433253397282,0.736245775634036,1078,213,40,18,17,6,23,12
0.660054595086442,0.685424274525427,1045,246,35,54,13,14,22,40
0.662452219935313,0.684582772746255,1061,230,38,23,12,5,26,18
0.69956787089375,0.750238091127596,1056,235,39,101,17,25,22,76
0.735100090991811,0.73965062260392,1092,199,35,12,13,5,22,7
0.696780487804878,0.755097189386876,1067,224,41,78,20,19,21,59
0.769468675654243,0.822791270242316,1060,231,30,68,17,18,13,50
0.762875174639881,0.832590140995641,1069,222,33,125,18,33,15,92
0.767852684144819,0.810507068826418,1052,239,45,50,21,20,24,30
0.737203867848509,0.741844875859021,1075,216,50,29,21,12,29,17
0.734959027227069,0.79481114514244,1045,246,30,28,16,8,14,20
0.726121922160445,0.770249402123549,1062,229,32,73,12,17,20,56
0.728344580426246,0.729187134021088,1056,235,42,16,19,9,23,7
0.765289620699794,0.810808313570596,1067,224,38,37,21,15,17,22
0.731121812020688,0.781269479378507,1043,248,45,54,23,17,22,37
0.644001770694998,0.675067723779577,1077,214,36,25,11,5,25,20
0.727964743589744,0.729749672067274,1066,225,43,21,19,9,24,12
0.755899958061688,0.795400966632536,1044,247,42,71,23,24,19,47
0.766612626714371,0.820327184931517,1063,228,43,131,26,39,17,92
0.794197726671954,0.847540067330294,1073,218,30,107,22,34,8,73
0.687289019062748,0.731699662982715,1062,229,32,65,12,12,20,53
0.731389284020863,0.765642204771374,1067,224,37,32,18,9,19,23
0.776924854034527,0.809083249262314,1049,242,38,93,20,30,18,63
0.737353175160279,0.798278847281053,1055,236,34,104,18,30,16,74
0.719384456226562,0.753197974900176,1034,257,37,46,12,11,25,35
0.715675313059034,0.765010562755592,1077,214,43,66,17,17,26,49
0.752155899214723,0.794352811724679,1081,210,33,32,15,7,18,25
0.745736548074096,0.781342141597442,1075,216,38,40,18,11,20,29
0.678138185654008,0.745847859158279,1075,216,27,65,9,16,18,49
0.743868407578085,0.800785923219029,1085,206,31,64,15,14,16,50
0.713988490482514,0.77194859091017,1075,216,36,42,17,13,19,29
0.74649672033393,0.79341359666274,1047,244,43,137,20,34,23,103
0.790068996719828,0.81777272744185,1076,215,28,38,14,12,14,26
0.751582558654272,0.762681171612841,1062,229,36,20,17,9,19,11
0.699983198219011,0.753112428177094,1065,226,38,59,15,15,23,44
0.718454258675079,0.720814903466183,1040,251,23,13,9,4,14,9
0.737841219290264,0.771101503098934,1049,242,35,87,16,22,19,65
0.691047779493659,0.699448013556602,1061,230,34,15,13,6,21,9
0.737793271359008,0.778837989711648,1062,229,36,73,13,18,23,55
0.744626191421763,0.747059213563378,1070,221,32,12,15,6,17,6
0.749270917135961,0.778033283761317,1051,240,48,33,26,14,22,19
0.65,0.712366040398069,1047,244,36,53,13,13,23,40
0.798977379278012,0.844715800511724,1062,229,27,43,16,9,11,34
0.737170263788969,0.78607124137202,1058,233,40,54,20,23,20,31
0.70931164281455,0.754183065640678,1052,239,43,42,18,9,25,33
0.718630113366955,0.752929990560545,1086,205,37,31,20,11,17,20
0.766397849462366,0.793844328268184,1069,222,31,27,18,10,13,17
0.73186154068507,0.787455398556114,1031,260,33,114,15,27,18,87
0.798984510271889,0.827479378554234,1057,234,34,57,20,11,14,46
0.760338065925338,0.808546496869969,1063,228,32,51,18,12,14,39
0.734484285081895,0.79519072408188,1053,238,36,58,18,15,18,43
0.756780845016139,0.801607968806275,1048,243,33,37,16,13,17,24
0.640882933590961,0.646685018661887,1096,195,38,20,11,4,27,16
0.728902989669563,0.775281240079425,1072,219,47,50,22,12,25,38
0.727707317073171,0.777839579348852,1056,235,41,56,21,17,20,39
0.732186732186732,0.786659276920174,1079,212,37,37,21,18,16,19
0.663814634146341,0.693416540769281,1077,214,41,53,13,12,28,41
0.780981938876676,0.803500546275395,1044,247,37,42,18,11,19,31
0.739707317073171,0.754855165846965,1087,204,41,26,18,8,23,18
0.685122838944495,0.751836973948155,1087,204,35,90,13,22,22,68
0.654544946332737,0.677116931174242,1065,226,43,27,16,9,27,18
0.750619565673961,0.752434094937088,1065,226,38,23,20,14,18,9
0.758128859500519,0.756848564518633,1070,221,29,12,15,5,14,7
0.720785378680115,0.74855171175196,1065,226,37,23,17,7,20,16
0.729317073170732,0.767314492577434,1072,219,41,80,18,19,23,61
0.736882468343143,0.789209096126619,1058,233,45,67,24,20,21,47
0.811286625116412,0.849259629662954,1077,214,22,49,12,20,10,29
0.756909963588216,0.77695179204779,1051,240,19,33,10,12,9,21
0.726816918189039,0.767727161200051,1048,243,32,81,16,13,16,68
0.792055478603193,0.83986532476094,1075,216,44,91,28,31,16,60
0.622019077901431,0.660294439631409,1078,213,33,81,8,15,25,66
0.730006984459577,0.761715659980236,1063,228,46,82,20,20,26,62
0.718325339728218,0.761869457437335,1055,236,40,70,16,22,24,48
0.748350586863017,0.780792808625426,1055,236,44,94,21,26,23,68
0.763189398076196,0.763236559948924,1057,234,38,22,21,15,17,7
0.76737580540623,0.812679061322446,1045,246,42,91,24,30,18,61
0.809561752988048,0.828403709619062,1077,214,36,18,19,4,17,14
0.774353043711451,0.830277972809884,1040,251,48,85,28,22,20,63
0.771905321964128,0.793127999255346,1056,235,38,60,19,19,19,41
0.741653290529695,0.782943872379658,1074,217,45,91,23,33,22,58
0.762196258199165,0.799443436647735,1062,229,43,83,18,27,25,56
0.712569389373513,0.739847974922097,1064,227,30,45,14,12,16,33
0.784894242732722,0.817158910138962,1056,235,28,76,13,14,15,62
0.705965757089353,0.743840374510798,1055,236,45,90,16,24,29,66
0.773517042939354,0.819853447509175,1046,245,36,88,23,21,13,67
0.776565853658537,0.778376014505849,1048,243,41,21,22,11,19,10
0.716244239631336,0.721060722324058,1081,210,31,17,12,7,19,10
0.729147465437788,0.761591631794603,1072,219,31,52,14,17,17,35
0.741532385466035,0.787580019622049,1067,224,25,104,11,19,14,85
0.770408372245433,0.805502404111254,1069,222,39,73,21,23,18,50
0.785192946957653,0.828503562331242,1089,202,33,55,18,15,15,40
0.744074288191935,0.784691298797028,1077,214,33,26,17,11,16,15
0.750026191723415,0.765662837693835,1078,213,46,29,22,11,24,18
0.868495077355837,0.884953223814781,1050,241,27,45,22,16,5,29
0.764541832669323,0.811544247072421,1060,231,36,94,19,27,17,67
0.759794156706507,0.762274664056083,1065,226,36,18,17,9,19,9
0.745432883240667,0.799259746637021,1072,219,32,97,17,26,15,71
0.737746341463415,0.790083843882806,1054,237,41,74,19,13,22,61
0.744698047329626,0.758004089771051,1069,222,37,19,19,7,18,12
0.695297779962317,0.70679261608798,1082,209,39,21,15,6,24,15
0.73107210626186,0.776615484299461,1049,242,51,36,27,17,24,19
0.761225128872188,0.763124329085825,1055,236,33,21,17,11,16,10
0.735018841648235,0.753755934195507,1058,233,39,24,20,10,19,14
0.71941884280594,0.782154908468423,1076,215,31,54,14,12,17,42
0.718757680019661,0.754472551629325,1081,210,39,42,16,12,23,30
0.778288642425944,0.826847077988859,1062,229,34,70,18,16,16,54
0.762562430897099,0.80943254320644,1065,226,42,41,20,14,22,27
0.736019467452852,0.779577865955005,1059,232,34,76,17,23,17,53
0.700886293947159,0.750484877871031,1062,229,38,69,20,16,18,53
0.715011803247097,0.756459895207774,1067,224,33,114,16,26,17,88
0.690658542039356,0.721460824511062,1032,259,43,54,16,13,27,41
0.691973886328725,0.73396535381295,1089,202,31,119,10,18,21,101
0.749356097560976,0.799421493794868,1071,220,41,74,20,21,21,53
0.784010086641666,0.819172748530705,1070,221,37,37,20,16,17,21
0.725542262969588,0.727473641185521,1071,220,43,13,19,9,24,4
0.705478668649205,0.703980986153618,1084,207,42,22,18,10,24,12
0.732248782647189,0.759211760241595,1082,209,36,92,15,23,21,69
0.707953634176569,0.752652945491379,1064,227,44,69,21,17,23,52
0.678872777914312,0.737202094960887,1085,206,39,33,15,10,24,23
0.830078882710462,0.852503932256565,1044,247,37,92,22,26,15,66
0.75053457688808,0.783696640977274,1062,229,35,63,16,12,19,51
0.783231386477243,0.815303699673275,1063,228,24,42,12,14,12,28
0.718265387689848,0.778817014378755,1074,217,40,84,21,21,19,63
0.746584626359907,0.75055128847367,1081,210,45,18,21,11,24,7
0.687510246461555,0.726516823837644,1072,219,29,74,10,18,19,56
0.789388489208633,0.823660801964122,1066,225,40,64,21,18,19,46
0.742691225269879,0.789234743372187,1053,238,38,121,19,27,19,94
0.748802873104549,0.778423352963355,1080,211,38,68,16,23,22,45
0.666001596169194,0.709954573065181,1070,221,38,39,14,10,24,29
0.806175298804781,0.849519368918994,1059,232,36,124,19,39,17,85
0.772257467618292,0.79115789632253,1081,210,30,28,13,10,17,18
0.702487176171387,0.759736494770681,1067,224,37,60,17,20,20,40
0.659538820492454,0.713638542831804,1060,231,32,35,12,7,20,28
0.795743834526651,0.834176343576039,1051,240,34,89,21,31,13,58
0.748262505533422,0.768082418732591,1061,230,36,22,18,7,18,15
0.809978852762358,0.825673250302764,1068,223,30,90,14,21,16,69
0.71478543684777,0.738995354306978,1087,204,34,141,13,36,21,105
0.68722429589413,0.693421536030004,1068,223,28,18,10,6,18,12
0.779822776012709,0.815482020524344,1050,241,32,50,14,15,18,35
0.784626216077829,0.786919156956203,1093,198,31,18,12,6,19,12
0.709832827479886,0.762317155991894,1049,242,33,68,18,21,15,47
0.777741128298453,0.808167259211799,1051,240,35,148,18,34,17,114
0.848617511520737,0.869587750194917,1058,233,31,70,22,21,9,49
0.793687227897754,0.858757121764808,1062,229,37,58,23,16,14,42
0.807589818127609,0.839450386097516,1039,252,43,31,29,19,14,12
0.735521582733813,0.767947455823991,1108,183,40,45,15,10,25,35
0.752025232403718,0.805328505486388,1087,204,36,76,21,19,15,57
0.720903277378097,0.771924147728454,1062,229,40,147,16,34,24,113
0.75489785227868,0.801748129501544,1074,217,46,94,20,22,26,72
0.703285132668819,0.745877143945701,1108,183,34,60,12,16,22,44
0.681118881118881,0.740879147651913,1070,221,26,57,7,9,19,48
0.731721553207176,0.760653088228403,1074,217,39,25,16,6,23,19
0.675278048780488,0.720087731527531,1084,207,41,42,15,12,26,30
0.742993440667859,0.788819557217899,1063,228,43,39,17,13,26,26
0.814115104640582,0.849856261315747,1060,231,35,31,22,11,13,20
0.73487142573471,0.773769976869694,1080,211,32,94,13,19,19,75
0.767350079428118,0.815076728936624,1075,216,32,63,16,15,16,48
0.777653321770969,0.810657739204051,1066,225,33,92,19,27,14,65
0.684501487133066,0.69300513359433,1066,225,37,17,17,5,20,12
0.703454641350211,0.751594064695286,1070,221,27,73,12,18,15,55
0.716736511262441,0.745515458628302,1063,228,46,53,19,14,27,39
0.737549960031974,0.791358313891734,1076,215,40,49,20,13,20,36
0.73065118761676,0.783951665105926,1077,214,42,71,20,24,22,47
0.749288762446657,0.74654700310029,1051,240,37,18,16,8,21,10
0.741042550510354,0.775366088654014,1065,226,38,26,16,11,22,15
0.734492866071814,0.783802647316389,1066,225,37,62,17,19,20,43
0.767213771016813,0.809146871272835,1058,233,42,64,24,17,18,47
0.752167943344414,0.816354215554127,1098,193,33,55,21,19,12,36
0.703370786516854,0.737179224827311,1052,239,45,50,21,11,24,39
0.717713197345785,0.723364801915758,1090,201,39,26,16,10,23,16
0.730988815573962,0.801863653805088,1082,209,34,104,18,26,16,78
0.729900869492166,0.769882420423134,1076,215,38,83,14,20,24,63
0.711651101826821,0.73126023049943,1051,240,39,35,14,9,25,26
0.758753873395308,0.805390083139252,1059,232,36,40,20,16,16,24
0.72590991810737,0.809741035495307,1076,215,35,51,17,16,18,35
0.759273875295975,0.780861762493619,1074,217,24,28,8,5,16,23
0.735228184005249,0.794699807784983,1070,221,44,107,20,32,24,75
0.740930599369085,0.764375206320035,1085,206,23,44,10,12,13,32
0.771045407754775,0.775679251684185,1065,226,42,21,23,11,19,10
0.764370525580583,0.807851932373359,1051,240,46,65,26,22,20,43
0.696543778801843,0.722881665977531,1068,223,31,23,13,8,18,15
0.774872478824465,0.821972017425017,1069,222,34,103,18,31,16,72
0.782888204924543,0.823657730994387,1091,200,32,52,19,16,13,36
0.778725249313485,0.813277899960738,1065,226,33,57,19,19,14,38
0.774264120922832,0.774830550153999,1066,225,34,8,17,5,17,3
0.71282897134942,0.71691424232651,1079,212,44,20,19,9,25,11
0.771865166602009,0.820592362166418,1055,236,37,130,22,38,15,92
0.782348804500703,0.835880018003946,1053,238,27,43,14,9,13,34
0.733953204120831,0.735366560135246,1073,218,46,17,21,7,25,10
0.778443420378904,0.812264074446017,1053,238,31,49,18,17,13,32
0.683916495148486,0.717643098920881,1083,208,38,50,13,13,25,37
0.803020120132734,0.849424808467234,1050,241,38,96,20,30,18,66
0.747196620583717,0.807121235955637,1059,232,31,84,16,20,15,64
0.773354480570975,0.808191917051984,1073,218,30,27,18,13,12,14
0.728321951219512,0.733673226764202,1063,228,41,23,20,15,21,8
0.711157681745917,0.752826861195441,1046,245,33,23,16,11,17,12
0.743876464323749,0.753047178748898,1064,227,39,22,15,7,24,15
0.756515166453055,0.811911228767039,1073,218,49,67,29,27,20,40
0.753020807733268,0.793950202787244,1042,249,39,44,19,13,20,31
0.742587742273442,0.750294881789487,1053,238,46,19,25,9,21,10
0.762576629697225,0.79886111078806,1075,216,34,41,16,11,18,30
0.766710934041611,0.805065262983583,1064,227,36,74,20,19,16,55
0.77456839309429,0.826278907008661,1070,221,36,86,22,24,14,62
0.752877279193068,0.753132894920694,1043,248,37,19,23,13,14,6
0.770018198362147,0.802770057595431,1058,233,35,95,19,30,16,65
0.712594068171757,0.719627670307333,1086,205,36,17,13,7,23,10
0.73814604077762,0.774530835427804,1092,199,37,34,17,10,20,24
0.74456780333069,0.787388567788333,1045,246,30,60,16,19,14,41
0.798090059566097,0.841397389200588,1074,217,29,124,19,29,10,95
0.753776160145587,0.785594764744944,1055,236,35,30,19,12,16,18
0.769354838709677,0.801034978734028,1089,202,31,21,17,11,14,10
0.73634971796938,0.755836404174598,1069,222,50,45,21,14,29,31
0.704726235063314,0.728911752159912,1058,233,45,26,16,6,29,20
0.811295745506272,0.863469940084128,1044,247,37,81,24,21,13,60
0.706568860692572,0.809843541900597,1063,228,30,109,15,25,15,84
0.736330935251799,0.800266688912437,1062,229,40,123,18,28,22,95
0.680797664552443,0.734127075585574,1074,217,38,29,16,8,22,21
0.718441234171571,0.769595207323814,1038,253,45,96,22,27,23,69
0.80999285924308,0.842246239451405,1057,234,38,71,22,17,16,54
0.781272899693952,0.831731321529216,1082,209,37,64,21,16,16,48
0.730290098711151,0.774548574081033,1069,222,37,72,14,17,23,55
0.786529845353375,0.838032828032817,1066,225,33,66,20,15,13,51
0.769062784349409,0.770144620625764,1066,225,35,16,18,7,17,9
0.814958954089389,0.816923385817235,1078,213,26,11,15,6,11,5
0.66620487804878,0.733259879404058,1071,220,41,100,16,21,25,79
0.752593774940143,0.795532255092361,1063,228,38,97,19,27,19,70
0.720033169392657,0.726342258889514,1075,216,42,11,18,4,24,7
0.822395359417652,0.854488717649782,1070,221,35,83,20,22,15,61
0.677627816538945,0.682428357811586,1044,247,42,19,12,6,30,13
0.750625568698817,0.745918985354392,1073,218,35,15,14,7,21,8
0.746974324171474,0.781483748678033,1092,199,28,30,12,3,16,27
0.766574147501982,0.801618096161603,1078,213,30,53,15,14,15,39
0.746776237328563,0.787900989894483,1067,224,43,58,19,17,24,41
0.676859747133196,0.682408647077289,1063,228,38,12,15,5,23,7
0.683520826999088,0.74197171416261,1063,228,26,107,11,25,15,82
0.787247448229512,0.790756170431265,1066,225,38,19,21,10,17,9
0.6267585496969,0.661100689492181,1079,212,42,43,13,13,29,30
0.678997613365155,0.6967368361712,1081,210,34,16,12,4,22,12
0.682701240504946,0.731184225395162,1052,239,29,111,13,31,16,80
0.754841968813146,0.785700540977418,1071,220,42,84,21,21,21,63
0.715095478253373,0.775836742698301,1082,209,37,138,17,31,20,107
0.761891042430592,0.811544159743928,1058,233,46,59,25,16,21,43
0.670492301932706,0.727817427811176,1090,201,34,81,13,16,21,65
0.761149203000469,0.755403500524365,1053,238,27,11,13,4,14,7
0.727348161558688,0.778977968073084,1078,213,37,64,18,17,19,47
0.719931271477663,0.749404894225835,1085,206,30,52,10,11,20,41
0.748565853658537,0.786770948627462,1061,230,41,39,21,16,20,23
0.700550916924015,0.770634869866643,1072,219,42,156,19,42,23,114
0.709003654387365,0.714331903581061,1064,227,38,19,16,9,22,10
0.701570780433871,0.704650229223559,1052,239,42,16,20,9,22,7
0.704387372926699,0.771806579833903,1072,219,45,81,19,29,26,52
0.797837989611119,0.841683110936165,1067,224,34,36,21,15,13,21
0.76925630810093,0.800009536092043,1059,232,36,24,18,9,18,15
0.759362549800797,0.797675815237897,1070,221,36,43,21,16,15,27
0.774761146496815,0.823420864793065,1043,248,35,124,20,36,15,88
0.720307454724133,0.747319141378133,1083,208,34,61,9,18,25,43
0.82147406733394,0.857848547425069,1062,229,35,69,20,24,15,45
0.702483742280999,0.780323792491694,1063,228,29,59,13,16,16,43
0.743884892086331,0.802828167018293,1079,212,40,98,21,20,19,78
0.76327263091969,0.787705717374754,1050,241,33,55,16,16,17,39
0.761857950356353,0.816643823721873,1085,206,39,51,22,12,17,39
0.783870967741935,0.830109575823722,1062,229,31,70,20,27,11,43
0.723101147883124,0.738846952010491,1047,244,43,27,20,10,23,17
0.76236559139785,0.80370081137183,1046,245,31,76,17,26,14,50
0.784218873909596,0.808432862919464,1059,232,30,24,20,11,10,13
0.718791758265442,0.722429446134706,1055,236,37,19,22,10,15,9
0.786396724294814,0.822952238220893,1058,233,35,81,16,16,19,65
0.799488171064604,0.832096339144132,1074,217,35,24,18,9,17,15
0.682551350443147,0.710537822235926,1061,230,38,19,17,6,21,13
0.737288283569059,0.778955553544256,1071,220,46,38,24,12,22,26
0.745313951582054,0.773584024156304,1078,213,29,49,11,16,18,33
0.78775497665274,0.809028887201914,1076,215,39,70,18,15,21,55
0.76693585077343,0.811097175240515,1072,219,35,94,15,24,20,70
0.727549146147736,0.755764791353632,1065,226,32,27,11,9,21,18
0.767139313959474,0.824180446271624,1082,209,34,46,20,15,14,31
0.714181866243722,0.754947379914574,1090,201,30,77,8,16,22,61
0.718576231734126,0.795923390284614,1076,215,37,59,19,14,18,45
0.735305321143929,0.782976313846486,1076,215,27,76,12,14,15,62
0.714634146341463,0.717014082811702,1061,230,41,20,19,10,22,10
0.737147947064812,0.787266989567325,1076,215,28,52,11,15,17,37
0.780640265934384,0.811021909746905,1033,258,33,43,18,20,15,23
0.729245057125265,0.775480039640706,1058,233,47,72,19,18,28,54
0.738725731137872,0.783883200989156,1047,244,39,47,19,15,20,32
0.678750640040963,0.7762094344765,1051,240,31,126,10,23,21,103
0.71929756097561,0.77288078038604,1045,246,41,99,19,24,22,75
0.719654714475432,0.780538101459372,1053,238,36,102,16,20,20,82
0.739251592356688,0.784408058886,1103,188,35,79,14,18,21,61
0.754374834787206,0.801011187616185,1062,229,30,60,15,13,15,47
0.713459232613909,0.716564308435911,1061,230,40,19,18,6,22,13
0.717652411282985,0.7591177132593,1080,211,35,46,15,12,20,34
0.736487804878049,0.806759644243626,1066,225,41,52,22,18,19,34
0.747792757071108,0.791587009692589,1041,250,30,72,16,15,14,57
0.726583419859009,0.759331834096382,1062,229,29,19,14,6,15,13
0.690131056393963,0.715021891300186,1049,242,32,84,12,19,20,65
0.800790530023757,0.804842891102499,1044,247,39,23,22,12,17,11
0.73002434705622,0.769532059689811,1069,222,36,37,20,13,16,24
0.735677525166836,0.737502620279957,1074,217,28,17,13,6,15,11
0.781844523237638,0.816999310598822,1040,251,42,68,26,25,16,43
0.726774687141374,0.773941379143787,1040,251,29,69,15,21,14,48
0.685502163229302,0.716369211528907,1070,221,38,46,10,11,28,35
0.817410993881582,0.857257501750061,1073,218,33,48,17,16,16,32
0.768337760070828,0.812533768944595,1052,239,36,86,18,19,18,67
0.714688143571639,0.759361226826768,1065,226,55,66,24,20,31,46
0.776611765602958,0.815333988961247,1081,210,42,66,25,20,17,46
0.788897700237906,0.826309116509468,1053,238,30,62,19,17,11,45
0.778084997439836,0.82424627740286,1092,199,31,70,17,16,14,54
0.758882893685052,0.755790209265574,1059,232,40,10,18,3,22,7
0.743689196108551,0.822676719930822,1059,232,31,57,15,19,16,38
0.804889912954429,0.807435088342658,1067,224,31,15,15,8,16,7
0.759923551896501,0.803144218935692,1039,252,38,106,19,28,19,78
0.723275178429818,0.745072083788687,1089,202,30,28,11,6,19,22
0.747100429069456,0.783559276560703,1067,224,48,41,24,13,24,28
0.81253288608261,0.842404245186943,1056,235,24,72,16,18,8,54
0.723225926615757,0.773077778202864,1085,206,52,112,25,29,27,83
0.765881933297664,0.803183541303751,1074,217,45,61,22,22,23,39
0.797421425409473,0.83939775411125,1057,234,36,49,24,15,12,34
0.76937450039968,0.819853157180557,1038,253,40,58,23,16,17,42
0.776640800043718,0.82918916424652,1070,221,29,82,19,23,10,59
0.737914140836479,0.784999860695075,1081,210,42,80,21,23,21,57
0.682054794520548,0.725108018740425,1054,237,50,107,21,26,29,81
0.722067039106145,0.770777076336649,1085,206,38,79,14,20,24,59
0.765758809490383,0.8328701940765,1077,214,34,64,15,14,19,50
0.708163565337926,0.750890490896198,1063,228,38,73,14,20,24,53
0.808224492435019,0.850653087143606,1050,241,37,59,23,19,14,40
0.721842723646101,0.76407207270227,1062,229,29,60,14,15,15,45
0.770444927370468,0.817358485145704,1065,226,42,70,25,25,17,45
0.705798757618378,0.767714597069101,1082,209,27,45,14,17,13,28
0.793539581437671,0.825998537896599,1063,228,35,58,18,15,17,43
0.706714411727643,0.739496745589881,1081,210,38,45,15,10,23,35
0.783256528417819,0.80556588387375,1072,219,31,40,18,10,13,30
0.795532514080901,0.848734337874565,1077,214,31,40,18,15,13,25
0.765562946783161,0.827968635045723,1038,253,32,93,19,26,13,67
0.688011196031107,0.738644265472961,1063,228,48,87,20,26,28,61
0.699318936161042,0.734768949665153,1056,235,37,73,15,17,22,56
0.676675338440044,0.707300480212043,1063,228,33,21,13,11,20,10
0.757180487804878,0.817053321104103,1069,222,41,92,20,23,21,69
0.757880741337631,0.79968812250892,1053,238,50,56,26,17,24,39
0.708140587288817,0.733753059853293,1064,227,48,27,20,10,28,17
0.728585657370518,0.78454063959533,1060,231,36,55,21,21,15,34
0.750779804388052,0.789769302102691,1079,212,30,55,13,16,17,39
0.821253071253071,0.841971243100331,1057,234,33,61,21,16,12,45
0.663788119670472,0.719802303128059,1075,216,33,43,10,8,23,35
0.758683053557154,0.816118364673757,1070,221,40,69,22,16,18,53
0.776894541600424,0.826888384193611,1039,252,33,54,21,17,12,37
0.734906733393994,0.734575407511674,1067,224,35,21,14,9,21,12
0.82754230459307,0.867023033273131,1060,231,50,63,30,23,20,40
0.731687898089172,0.783646389834384,1079,212,35,67,20,22,15,45
0.787852022529442,0.842265354039491,1033,258,31,76,21,27,10,49
0.736292512608302,0.785618496818728,1056,235,37,37,21,20,16,17
0.779978442468337,0.821838431770338,1073,218,54,114,29,34,25,80
0.72798760991207,0.748790196713992,1072,219,40,52,17,17,23,35
0.723770421138842,0.772156343282437,1061,230,37,40,19,19,18,21
0.724473216118219,0.794438831890667,1074,217,47,102,26,29,21,73
0.689522934868944,0.689555723735358,1086,205,32,14,11,2,21,12
0.777796446423321,0.825514801091468,1081,210,38,86,19,29,19,57
0.690265914585012,0.734337044551396,1078,213,50,49,20,14,30,35
0.760097417992155,0.812218022564908,1089,202,37,66,18,17,19,49
0.775341219290264,0.807963412670741,1078,213,35,53,19,14,16,39
0.747818874416318,0.804382407641501,1058,233,39,118,21,35,18,83
0.809149126290707,0.85569691648439,1035,256,32,76,21,22,11,54
0.766791600476569,0.762765660682895,1067,224,32,12,15,5,17,7
0.826984126984127,0.853212816639581,1072,219,31,77,20,17,11,60
0.735326829268293,0.806670134932277,1071,220,41,78,23,20,18,58
0.779493659038795,0.812705316362335,1065,226,34,121,19,32,15,89
0.749367057188245,0.784013082747649,1079,212,32,80,16,24,16,56
0.710736907589639,0.775666346739917,1047,244,28,70,15,21,13,49
0.720392578552162,0.722993030266914,1059,232,44,24,20,16,24,8
0.77929121809935,0.837080376005285,1072,219,29,121,14,31,15,90
0.744999784473469,0.75017044490705,1090,201,37,18,15,9,22,9
0.759121929026388,0.823218001095365,1085,206,35,130,20,31,15,99
0.769314548361311,0.820702686403494,1071,220,40,88,21,23,19,65
0.751099723899106,0.751838819015851,1077,214,34,21,17,8,17,13
0.72068612391193,0.782652324298353,1047,244,31,124,13,26,18,98
0.726104446692682,0.779781429900971,1085,206,33,67,14,17,19,50
0.74607823669579,0.81473466670855,1076,215,32,95,13,16,19,79
0.773003072196621,0.800686944342332,1070,221,31,25,17,12,14,13
0.782722635593617,0.842848937412918,1093,198,34,70,18,15,16,55
0.767610173464604,0.818308647220922,1072,219,27,87,14,27,13,60
0.724192578829444,0.773245182672014,1052,239,29,74,15,20,14,54
0.730898876404494,0.732808033786582,1064,227,45,26,23,14,22,12
0.804161133244798,0.834524043381854,1074,217,36,81,20,24,16,57
0.667696061611194,0.715418981860807,1069,222,42,57,16,12,26,45
0.720404895344847,0.775264925547191,1028,263,42,33,20,10,22,23
0.781944444444445,0.816946334702517,1062,229,40,36,21,10,19,26
0.725969862885488,0.76151509933081,1076,215,34,58,15,13,19,45
0.718151413803588,0.766634111558865,1068,223,26,78,11,17,15,61
0.69647406733394,0.769614855656265,1050,241,35,102,17,29,18,73
0.730862775217614,0.794203692879845,1064,227,31,98,16,27,15,71
0.801856118791603,0.828421091128022,1085,206,31,25,18,7,13,18
0.73781390430875,0.811048674804804,1053,238,30,71,17,25,13,46
0.785500925191647,0.803457079495255,1074,217,30,71,16,21,14,50
0.709169825448079,0.722906667750262,1072,219,34,18,12,9,22,9
0.786993084857009,0.813318226003812,1049,242,27,11,15,4,12,7
0.799630180334744,0.835545884288281,1052,239,42,94,25,24,17,70
0.783090117767537,0.813080467778153,1081,210,31,42,14,11,17,31
0.730014534883721,0.757327487479792,1059,232,43,51,15,21,28,30
0.717641037306642,0.768196447375971,1040,251,35,71,13,23,22,48
0.70610100761858,0.749146530487074,1069,222,39,55,19,18,20,37
0.692248398130751,0.727452642765817,1069,222,33,31,12,10,21,21
0.75520520247008,0.796402438575348,1072,219,29,74,14,15,15,59
0.681128496917971,0.712571292450946,1055,236,37,60,15,24,22,36
0.733480743132575,0.767667845879277,1062,229,34,139,18,36,16,103
0.695698924731183,0.741158598809729,1060,231,31,77,12,14,19,63
0.782943143812709,0.850934103429216,1060,231,26,67,14,23,12,44
0.703120849933599,0.742446842949445,1077,214,36,46,10,9,26,37
0.733145713445625,0.782857825496198,1059,232,38,47,17,11,21,36
0.706824385805277,0.744978001773573,1071,220,35,47,13,12,22,35
0.781580240845417,0.794626985882492,1074,217,39,23,20,7,19,16
0.737230215827338,0.737951111931447,1078,213,40,15,18,5,22,10
0.76089626933576,0.822900886251763,1070,221,35,88,20,23,15,65
0.721541463414634,0.765861036752907,1060,231,41,68,19,17,22,51
0.787485898468977,0.807447787415571,1051,240,50,40,32,20,18,20
0.73703037569944,0.794538054581262,1075,216,40,55,21,18,19,37
0.691915141794853,0.736634007435694,1056,235,44,76,21,27,23,49
0.763971190441779,0.829655156739654,1077,214,33,60,16,24,17,36
0.816694685115738,0.843009469836663,1065,226,37,86,16,18,21,68
0.752036725720936,0.807945971952779,1087,204,37,47,20,14,17,33
0.714866470058163,0.722753784732262,1070,221,39,19,14,5,25,14
0.759093143278447,0.806050476193579,1047,244,39,51,23,21,16,30
0.717360007942812,0.764914004184174,1068,223,32,106,14,18,18,88
0.75992662186257,0.814353067984072,1094,197,23,107,13,27,10,80
0.789187693669765,0.813774871673527,1075,216,36,36,18,15,18,21
0.748256820628013,0.746479174163165,1076,215,34,15,14,7,20,8
0.781288881348264,0.866685170221054,1058,233,28,105,12,28,16,77
0.765080256446254,0.826487292918118,1041,250,34,138,20,31,14,107
0.706546393917755,0.753854664495927,1062,229,38,54,18,14,20,40
0.737062859672421,0.789960652420642,1065,226,36,58,17,14,19,44
0.674281912954728,0.719821886781907,1055,236,44,55,15,15,29,40
0.750712322338429,0.786080965641983,1069,222,48,79,24,25,24,54
0.782276562628,0.817472859098749,1075,216,39,106,17,25,22,81
0.790252799457075,0.83267530701294,1060,231,28,66,18,23,10,43
0.767899565822889,0.790620359297061,1080,211,39,54,17,8,22,46
0.708101642312169,0.737958265645658,1046,245,37,23,14,7,23,16
0.755207507269363,0.803714890549261,1089,202,30,63,13,6,17,57
0.653765853658537,0.706555222606564,1064,227,41,81,15,21,26,60
0.759850905218317,0.820737151312061,1077,214,39,87,23,19,16,68
0.726649437519003,0.77354358689434,1056,235,26,124,13,28,13,96
0.76634692246203,0.815407084610228,1079,212,40,136,18,29,22,107
0.784223127651531,0.807858623295212,1070,221,38,31,24,17,14,14
0.732272942799259,0.780964268074485,1065,226,37,91,17,29,20,62
0.761935732523968,0.80898343308137,1094,197,33,107,13,19,20,88
0.79621792672233,0.844433830722346,1076,215,42,69,27,21,15,48
0.73732284754649,0.784958899145588,1057,234,39,102,21,26,18,76
0.743381976446493,0.791078722877813,1081,210,31,94,14,17,17,77
0.730312195121951,0.77226088150195,1069,222,41,46,16,16,25,30
0.756749002677742,0.818201558842626,1055,236,29,85,13,22,16,63
0.77661575918548,0.818742240437687,1060,231,36,22,21,9,15,13
0.704049135577798,0.712735766758235,1062,229,35,17,13,6,22,11
0.734474522292994,0.771834665054501,1058,233,35,25,18,13,17,12
0.689587096232201,0.731162445947505,1065,226,38,69,15,13,23,56
0.759352290679305,0.818172060980905,1089,202,25,35,12,9,13,26
0.801950953137411,0.845952312049091,1080,211,32,90,20,25,12,65
0.725806451612903,0.781283931265394,1063,228,31,70,13,13,18,57
0.740759641320988,0.778981127585839,1053,238,44,45,23,18,21,27
0.727496159754224,0.77198583508181,1055,236,31,86,17,22,14,64
0.696195423276709,0.696504710877313,1068,223,34,11,15,7,19,4
0.750166002656042,0.750678812354594,1090,201,36,14,18,8,18,6
0.768618473558197,0.790106645547355,1067,224,38,30,19,12,19,18
0.745672844480258,0.794217267711865,1084,207,50,60,25,18,25,42
0.719096671949287,0.725584570272362,1088,203,29,15,16,9,13,6
0.725070357457891,0.761933208937921,1078,213,38,68,15,21,23,47
0.740241128298453,0.785284813882841,1066,225,35,37,15,10,20,27
0.779352290679305,0.832622243774146,1072,219,25,99,13,19,12,80
0.779613138992733,0.785976196005161,1046,245,38,10,22,4,16,6
0.683456183456183,0.710645332394567,1081,210,33,41,10,9,23,32
0.749461837240863,0.781601369736757,1079,212,34,90,11,24,23,66
0.800443585077343,0.842042451441982,1028,263,35,45,24,18,11,27
0.720178734884617,0.781374509949944,1086,205,33,90,12,18,21,72
0.742739773629865,0.757214197762637,1082,209,32,25,17,14,15,11
0.751920122887865,0.834729850162177,1066,225,31,42,18,12,13,30
0.699588102354742,0.73603856221379,1091,200,44,94,14,22,30,72
0.692838774597496,0.734219351227425,1063,228,43,53,15,13,28,40
0.709108665518545,0.74468787521288,1058,233,38,59,18,17,20,42
0.749602227525855,0.797370807197627,1058,233,34,160,17,29,17,131
0.789637853555379,0.829175971150503,1085,206,30,88,10,14,20,74
0.701326774001193,0.741333089727966,1072,219,43,57,17,15,26,42
0.732906345436037,0.807289909372985,1071,220,28,46,14,14,14,32
0.737248370227094,0.791391223803006,1061,230,22,52,10,17,12,35
0.779810426540284,0.780226805146101,1095,196,25,8,15,4,10,4
0.756710646041856,0.825869930895317,1058,233,35,138,20,38,15,100
0.777014982897336,0.779936403182136,1067,224,33,14,15,5,18,9
0.7318194580935,0.772208625139876,1072,219,34,112,14,30,20,82
0.74582055697904,0.80762672149841,1055,236,38,28,20,10,18,18
0.754146168753727,0.809287270367244,1054,237,43,106,22,22,21,84
0.73545195913617,0.775913744355703,1039,252,37,55,22,18,15,37
0.76382049938886,0.809012080851095,1060,231,46,94,22,25,24,69
0.71265583895688,0.74408819862723,1049,242,42,82,17,22,25,60
0.778457605242256,0.844432093273792,1064,227,32,106,20,30,12,76
0.760844187761121,0.786428457320082,1055,236,39,35,23,14,16,21
0.715028773793714,0.7478531058258,1077,214,36,47,16,11,20,36
0.754450622871676,0.79071352402363,1065,226,37,36,15,11,22,25
0.739758193445244,0.78396145172782,1043,248,40,46,21,19,19,27
0.758390389381274,0.763332374420404,1062,229,38,17,22,11,16,6
0.676653658536585,0.726993383622793,1078,213,41,72,17,17,24,55
0.678257996299233,0.745986093532497,1095,196,30,120,12,23,18,97
0.768044998479781,0.770915245322384,1064,227,26,16,16,10,10,6
0.676802863628427,0.682489277121545,1070,221,46,18,14,5,32,13
0.700525884736411,0.749819747558573,1064,227,37,95,16,25,21,70
0.734685759745426,0.750572424108883,1076,215,34,21,12,8,22,13
0.728230209281165,0.776609421557493,1087,204,35,68,15,18,20,50
0.699749989223673,0.778317735927352,1053,238,37,91,18,20,19,71
0.675251992498828,0.709784387123152,1058,233,27,55,8,12,19,43
0.804401879884147,0.804417141392956,1046,245,29,12,17,7,12,5
0.665900079302141,0.719740650192016,1073,218,30,64,10,15,20,49
0.754673122320181,0.816222601509843,1055,236,33,53,18,16,15,37
0.785553793285752,0.827086247789027,1051,240,30,47,17,14,13,33
0.745258867862702,0.781713201729075,1082,209,39,60,16,14,23,46
0.720828483986379,0.761418540950542,1076,215,37,90,16,17,21,73
0.747702924244157,0.754379412693519,1081,210,42,22,20,9,22,13
0.80852078400421,0.805910402043443,1096,195,24,11,15,7,9,4
0.746371701546861,0.802606088539053,1053,238,35,83,20,17,15,66
0.687842148368464,0.746297826948338,1065,226,37,46,17,13,20,33
0.732445364024311,0.802959178145692,1059,232,37,114,20,31,17,83
0.777338255977497,0.803902792693494,1042,249,27,58,14,16,13,42
0.717336131095124,0.761250037352089,1084,207,40,55,19,17,21,38
0.745434146341463,0.802370620769379,1063,228,41,105,21,21,20,84
0.73115093703329,0.785790040746438,1079,212,33,32,16,7,17,25
0.78959222380275,0.841786238682018,1064,227,37,134,21,31,16,103
0.75862106125264,0.800473131981453,1054,237,37,42,18,13,19,29
0.757310786722552,0.806469615778038,1060,231,33,87,19,23,14,64
0.778783551056412,0.802620018084012,1072,219,38,27,17,11,21,16
0.738472333600642,0.780757613466858,1063,228,44,143,19,31,25,112
0.722272918714025,0.752012807186675,1070,221,34,30,14,6,20,24
0.702752176139273,0.703279962340234,1082,209,31,14,12,5,19,9
0.797648330351819,0.812858135702163,1087,204,43,44,25,20,18,24
0.803513853216023,0.8403841031006,1078,213,29,120,17,23,12,97
0.769298550436855,0.790856458494596,1087,204,32,56,12,11,20,45
0.730458536585366,0.732522305288517,1091,200,41,16,20,11,21,5
0.74394540603407,0.806139737198441,1042,249,47,65,28,23,19,42
0.761955965181772,0.819879192042136,1082,209,31,162,14,28,17,134
0.76645639663568,0.81218657097689,1080,211,36,48,19,14,17,34
0.737227024567789,0.802049181881308,1053,238,35,114,18,30,17,84
0.707031456515992,0.745087248278655,1065,226,30,45,12,10,18,35
0.717397078353254,0.770196226029385,1050,241,36,94,14,20,22,74
0.657553956834532,0.690838501305054,1058,233,40,71,13,20,27,51
0.664626939646956,0.726210147727365,1078,213,42,129,19,31,23,98
0.710013122402858,0.751368168398923,1074,217,44,46,20,16,24,30
0.685563906152141,0.704661907313473,1075,216,33,20,13,3,20,17
0.733743534867131,0.792292277174301,1046,245,45,81,23,24,22,57
0.710144927536232,0.743654361470615,1035,256,49,47,26,15,23,32
0.78820397938045,0.826725705827335,1060,231,33,30,19,12,14,18
0.77669864108713,0.845554179120219,1072,219,40,93,22,27,18,66
0.743854660347551,0.790288554264548,1068,223,25,51,11,12,14,39
0.712690739279137,0.740420929021764,1073,218,24,16,12,7,12,9
0.699077786688051,0.739661090911137,1053,238,44,62,19,15,25,47
0.758393285371703,0.800838847494242,1074,217,40,62,20,17,20,45
0.666106297685245,0.702893985771515,1062,229,37,104,14,19,23,85
0.766998923674482,0.76697933444607,1067,224,34,17,19,9,15,8
0.747166888003541,0.794695540646392,1070,221,36,55,19,16,17,39
0.715911661576745,0.757588338336416,1085,206,28,60,9,6,19,54
0.696845155646278,0.74057922165913,1070,221,44,70,16,19,28,51
0.744913573860942,0.774875412908772,1078,213,37,28,21,15,16,13
0.773160975609756,0.801298335090723,1050,241,41,91,21,26,20,65
0.769809650287738,0.805510867633336,1079,212,36,37,18,10,18,27
0.793521913741924,0.835007656541444,1049,242,46,85,28,24,18,61
0.799418366511018,0.834516081361503,1076,215,39,68,24,24,15,44
0.768566588338161,0.803034293779522,1062,229,29,58,14,13,15,45
0.718371790521434,0.720168392274799,1050,241,28,14,10,6,18,8
0.720192680718997,0.762343660480897,1055,236,37,32,18,11,19,21
0.766587322973742,0.803862067603865,1070,221,54,44,30,16,24,28
0.666556754596323,0.700946132851481,1075,216,40,123,12,20,28,103
0.687034138342278,0.765455600579112,1061,230,43,87,19,21,24,66
0.788838667347088,0.828652884279344,1055,236,44,92,24,25,20,67
0.672043010752688,0.712627891980772,1055,236,31,53,14,10,17,43
0.736741921204073,0.795810695742624,1071,220,36,71,18,17,18,54
0.737124825360119,0.798589326717827,1059,232,33,62,18,10,15,52
0.792598389982111,0.835124326591,1061,230,43,101,24,26,19,75
0.774431625381744,0.800701456975486,1074,217,28,84,11,19,17,65
0.717466027178257,0.771881122663287,1076,215,40,117,20,24,20,93
0.751836772895315,0.811862794073812,1086,205,34,68,18,19,16,49
0.782097605627017,0.799010508207724,1060,231,33,21,18,11,15,10
0.717659842159442,0.764399229253562,1063,228,42,58,18,13,24,45
0.749700037495313,0.752183844771034,1043,248,21,13,10,3,11,10
0.834281164695177,0.866820347212932,1078,213,35,36,25,16,10,20
0.75088115567911,0.796586336304761,1081,210,32,32,19,11,13,21
0.718877968877969,0.792047094718142,1050,241,33,76,16,19,17,57
0.803870721987811,0.805297874408671,1072,219,27,9,16,5,11,4
0.755721966205837,0.791537573635169,1063,228,31,52,15,18,16,34
0.789797747055812,0.8150950324267,1049,242,31,47,20,19,11,28
0.656025538707103,0.696572015472468,1079,212,38,69,14,17,24,52
0.698692007515537,0.752326633585183,1051,240,33,30,15,11,18,19
0.736928315875684,0.790780533727861,1069,222,37,87,21,25,16,62
0.828021900884459,0.864479118256648,1057,234,34,57,24,16,10,41
0.763231756214916,0.806061007609771,1072,219,44,64,24,17,20,47
0.752191235059761,0.785310817259951,1062,229,36,36,20,10,16,26
0.660478048780488,0.706372504879934,1071,220,41,78,14,21,27,57
0.795660522273425,0.832661234575264,1079,212,31,61,13,15,18,46
0.770278991262907,0.805993584329682,1066,225,32,50,15,10,17,40
0.731015256208524,0.782021517171329,1072,219,47,60,25,17,22,43
0.745473157415832,0.778625810022299,1066,225,35,39,16,15,19,24
0.738228252194733,0.78823230812499,1049,242,38,77,19,25,19,52
0.747619512195122,0.799621055235349,1058,233,41,67,16,12,25,55
0.735550345037935,0.771904138505659,1094,197,42,50,19,11,23,39
0.740991623379662,0.771296481847787,1071,220,34,43,13,11,21,32
0.769943903891978,0.77225141809126,1080,211,32,23,13,8,19,15
0.769906610960924,0.812211051307387,1087,204,39,45,25,16,14,29
0.674787918177465,0.722818632058117,1069,222,47,102,16,26,31,76
0.738991971819448,0.737103929436969,1087,204,39,14,19,8,20,6
0.716732473642206,0.712833057549235,1072,219,38,21,12,4,26,17
0.762582654789879,0.813230185805439,1075,216,29,71,16,19,13,52
0.720431661608132,0.773423760845118,1056,235,33,30,15,11,18,19
0.767817645613173,0.819406864400028,1047,244,39,114,22,28,17,86
0.748830080958398,0.771942969846686,1069,222,34,40,14,10,20,30
0.797405694464518,0.82949289528314,1057,234,33,30,18,14,15,16
0.727176374235198,0.774204477875023,1077,214,33,29,15,8,18,21
0.777329749103942,0.809708064562988,1085,206,31,47,14,13,17,34
0.814836149513569,0.814932553273373,1039,252,31,13,21,6,10,7
0.787630932367774,0.799253027365278,1065,226,37,65,18,20,19,45
0.714987912973408,0.769278497030557,1069,222,50,100,24,28,26,72
0.728813385762268,0.784622177810235,1049,242,39,87,18,18,21,69
0.760782529572339,0.79110480952854,1070,221,35,109,12,22,23,87
0.75407787424362,0.793022402312402,1081,210,24,43,11,15,13,28
0.728264149316781,0.786902531154139,1080,211,37,66,18,12,19,54
0.73754838906331,0.742490046933178,1069,222,53,15,29,11,24,4
0.772226361209412,0.824207283319625,1035,256,52,88,32,29,20,59
0.748274920571882,0.768381365841461,1061,230,32,23,13,6,19,17
0.767677931387609,0.820114875323347,1052,239,31,30,22,16,9,14
0.733253269282092,0.784844167902278,1063,228,42,80,18,20,24,60
0.716013352994184,0.75348047666483,1058,233,39,42,18,10,21,32
0.731232227488152,0.76211455620183,1064,227,25,114,10,25,15,89
0.751778093883357,0.805990266541061,1067,224,37,69,20,19,17,50
0.797073400507905,0.856725629116752,1073,218,39,70,23,17,16,53
0.782113435882482,0.805784933899219,1059,232,44,49,25,18,19,31
0.6926296633303,0.761759771733209,1096,195,35,71,11,17,24,54
0.743039126478617,0.784103913476041,1072,219,35,55,17,16,18,39
0.709521176374211,0.77376369359281,1066,225,39,102,18,32,21,70
0.736993645750596,0.761218871084083,1066,225,32,41,11,10,21,31
0.738572130744655,0.796823581733349,1061,230,39,47,15,10,24,37
0.750450561153437,0.812180941506972,1064,227,39,135,20,31,19,104
0.748532757051865,0.809071143602173,1068,223,35,43,20,19,15,24
0.685118355339673,0.745142797333403,1065,226,47,83,21,23,26,60
0.764310961679383,0.762264065475053,1067,224,37,13,19,8,18,5
0.796060203629925,0.813675136501951,1070,221,36,19,21,8,15,11
0.674781240570714,0.737351335668663,1045,246,37,39,19,14,18,25
0.722733816521048,0.735720700287505,1050,241,32,37,12,15,20,22
0.725209832134292,0.787619627522866,1065,226,40,91,15,15,25,76
0.808575978161965,0.865482066833891,1050,241,35,138,23,33,12,105
0.735364312789555,0.761826480826354,1066,225,34,30,14,11,20,19
0.680107915402033,0.724469854510336,1060,231,33,114,13,26,20,88
0.755186590765338,0.78962576131759,1096,195,51,83,21,20,30,63
0.741109327626182,0.770308827946494,1046,245,45,78,21,21,24,57
0.753640991589199,0.757005715178458,1064,227,36,11,18,6,18,5
0.754658724520466,0.804201758631798,1074,217,29,48,17,12,12,36
0.685067513899921,0.719839448420803,1072,219,32,24,14,5,18,19
0.751594896331739,0.790652325055304,1037,254,37,98,21,32,16,66
0.74898798228969,0.786434338908252,1052,239,51,59,27,16,24,43
0.732116604360062,0.774786463669709,1063,228,38,120,15,25,23,95
0.773144453312051,0.813530796329572,1048,243,38,112,23,37,15,75
0.787916026625704,0.825111303341185,1057,234,31,82,15,23,16,59
0.823604710701485,0.822186331948815,1077,214,31,16,19,10,12,6
0.748545195913617,0.783677842946333,1073,218,37,76,17,16,20,60
0.725301056770705,0.77358193419063,1066,225,39,74,18,21,21,53
0.807419626561842,0.824639472130299,1078,213,34,101,17,24,17,77
0.777287929461843,0.815474759716253,1071,220,26,43,12,13,14,30
0.804711409974568,0.838993494976481,1046,245,37,38,21,14,16,24
0.696761392729135,0.745033343912915,1071,220,31,31,13,10,18,21
0.708706022659511,0.757048685523017,1055,236,43,81,18,26,25,55
0.721331961187886,0.765095883879869,1093,198,38,52,16,14,22,38
0.756820628012541,0.784866114607884,1066,225,34,89,17,25,17,64
0.795490677843619,0.834900251893787,1051,240,33,51,22,15,11,36
0.705507978847864,0.758072223540031,1055,236,34,71,15,20,19,51
0.762643577121425,0.839534023136604,1090,201,27,60,15,14,12,46
0.741942839768927,0.788826779960464,1079,212,26,47,10,14,16,33
0.66742918144039,0.770204524452078,1071,220,42,86,23,22,19,64
0.779451774001192,0.826990432772106,1050,241,43,51,25,25,18,26
0.742096322941647,0.786177131242518,1071,220,40,76,17,18,23,58
0.679032710936403,0.682769554152001,1074,217,34,14,11,3,23,11
0.74007793764988,0.793158871431376,1054,237,40,37,22,14,18,23
0.70557817399036,0.753320871449376,1056,235,34,92,13,21,21,71
0.742536115569823,0.792227146350014,1071,220,45,90,20,24,25,66
0.753880969935283,0.831437839104387,1102,189,39,107,19,29,20,78
0.691592808837737,0.723354126418537,1055,236,38,37,15,12,23,25
0.789312039312039,0.826265787446587,1059,232,37,35,21,15,16,20
0.766153713522135,0.801424029536585,1042,249,37,81,22,27,15,54
0.760031595576619,0.811488781340739,1058,233,25,84,11,13,14,71
0.732472702456779,0.77327192344416,1059,232,35,52,17,15,18,37
0.776075540781423,0.831541463258492,1072,219,33,150,15,34,18,116
0.742749433925905,0.771245836735237,1082,209,33,37,13,10,20,27
0.730970275087922,0.748599617481409,1063,228,33,26,12,7,21,19
0.689635045465717,0.745992698303406,1058,233,39,100,14,23,25,77
0.685277382645804,0.737258695583615,1076,215,37,60,14,13,23,47
0.729915514592934,0.769460368497976,1072,219,31,29,13,9,18,20
0.67068612391193,0.695836705940238,1079,212,31,25,10,6,21,19
0.756972111553785,0.795904890378298,1066,225,36,89,18,18,18,71
0.7636984294421,0.783811633816313,1068,223,27,21,15,10,12,11
0.77106771843614,0.813064230408842,1092,199,37,59,18,21,19,38
0.802556440903054,0.832356216793444,1095,196,36,30,22,12,14,18
0.719556691818904,0.756322679718255,1079,212,32,77,13,14,19,63
0.705273995039543,0.708646242041044,1067,224,34,20,15,10,19,10
0.763243483550938,0.793991393976223,1066,225,34,46,14,12,20,34
0.653609831029186,0.694134045712359,1078,213,31,107,10,23,21,84
0.748140770252324,0.796075619866005,1063,228,36,82,18,19,18,63
0.755358229210539,0.785416715322377,1066,225,34,59,15,14,19,45
0.735684443352175,0.76576295694264,1053,238,39,33,17,8,22,25
0.794836214740673,0.830701247157233,1061,230,35,61,19,19,16,42
0.816385048643113,0.844071074591839,1071,220,31,27,19,15,12,12
0.747978031586426,0.747990317061612,1097,194,29,9,11,4,18,5
0.69849756097561,0.752452121098855,1053,238,41,56,17,15,24,41
0.712175093754041,0.747313018223127,1097,194,37,38,14,9,23,29
0.744422978785449,0.81131421665994,1042,249,44,159,24,40,20,119
0.737555309734513,0.766981652698704,1051,240,48,32,22,15,26,17
0.713080305185568,0.758844024858786,1056,235,37,43,14,13,23,30
0.730735411670663,0.727977832834248,1083,208,40,22,15,9,25,13
0.787740271917487,0.83960864045803,1056,235,27,78,15,24,12,54
0.722132294164668,0.754652168252854,1054,237,40,55,17,12,23,43
0.737552124702144,0.803755121333119,1055,236,32,66,17,14,15,52
0.684404666590415,0.735742071680418,1070,221,42,57,16,15,26,42
0.734340416113324,0.791781370237963,1071,220,36,115,16,27,20,88
0.719847588717015,0.719621811883258,1065,226,35,10,14,4,21,6
0.711011250484935,0.710400451278871,1053,238,37,19,17,9,20,10
0.804764657705834,0.843831578321051,1057,234,33,109,17,34,16,75
0.746762589928058,0.820573622460057,1083,208,40,64,23,18,17,46
0.778752047717058,0.816814948304705,1067,224,38,41,22,17,16,24
0.69129057286952,0.752524954440812,1084,207,37,92,13,20,24,72
0.788557696452433,0.844996287052086,1084,207,37,93,19,21,18,72
0.688946341463415,0.689014712802655,1068,223,41,27,15,10,26,17
0.683337145907202,0.7202146778537,1062,229,42,115,18,27,24,88
0.72049848447612,0.752657974421506,1078,213,39,59,15,13,24,46
0.685273181276088,0.737453969203953,1059,232,43,110,15,23,28,87
0.807524031208242,0.850841102312783,1071,220,37,84,23,24,14,60
0.742268305171531,0.737273586458161,1060,231,31,10,15,5,16,5
0.736556642439478,0.807098770144442,1063,228,29,38,15,14,14,24
0.733951319381256,0.78364950704473,1067,224,35,60,17,14,18,46
0.702338129496403,0.746967267697489,1058,233,40,61,17,17,23,44
0.743701550387597,0.783273342680376,1073,218,43,162,19,35,24,127
0.748693680370699,0.801203547050301,1073,218,49,75,26,23,23,52
0.695154419595314,0.730741833770241,1056,235,39,69,16,18,23,51
0.749024390243902,0.817551784197123,1079,212,41,126,21,33,20,93
0.71235829130566,0.772300134308854,1072,219,37,73,16,21,21,52
0.794572452636969,0.836128553445125,1095,196,31,62,14,9,17,53
0.765823570293884,0.818669806721535,1078,213,32,80,17,16,15,64
0.788897784894582,0.810884661244985,1060,231,42,71,25,21,17,50
0.73308297065843,0.734684181291159,1061,230,34,19,15,8,19,11
0.743039126478617,0.798763635011512,1056,235,35,61,18,18,17,43
0.732650100613037,0.776019505734303,1064,227,34,85,15,27,19,58
0.768914922656961,0.76648222586116,1094,197,35,12,13,2,22,10
0.761691279887482,0.815337230392568,1072,219,27,102,15,28,12,74
0.728424264766118,0.733751281587637,1040,251,39,13,17,4,22,9
0.740928466036395,0.747321815623539,1042,249,29,15,13,9,16,6
0.765919687486874,0.798864966102431,1044,247,38,94,19,27,19,67
0.74962372731297,0.79874258878947,1059,232,36,27,17,10,19,17
0.785625051200131,0.826786944969551,1074,217,39,54,22,18,17,36
0.675641876936698,0.681466648927935,1027,264,36,17,16,7,20,10
0.718556701030928,0.756608572206867,1064,227,30,108,12,29,18,79
0.749625625906687,0.75479359721932,1061,230,34,18,17,6,17,12
0.754419512195122,0.813131166678498,1083,208,41,83,21,22,20,61
0.694463296007239,0.761406550800786,1053,238,28,49,15,14,13,35
0.766693100713719,0.827616059926057,1073,218,30,65,18,18,12,47
0.777867580499159,0.812123363920502,1096,195,37,94,18,27,19,67
0.756617972554228,0.780473786116723,1071,220,36,31,15,9,21,22
0.733951219512195,0.783560872642737,1052,239,41,64,21,11,20,53
0.720142180094787,0.76325695548536,1071,220,25,35,11,8,14,27
0.744958740914804,0.749906895859574,1062,229,29,14,12,7,17,7
0.702149099340111,0.748520329391219,1079,212,45,54,18,14,27,40
0.759007205764612,0.796182100184624,1044,247,42,38,22,17,20,21
0.765920144780002,0.842929386097565,1054,237,28,99,14,25,14,74
0.749360511590727,0.794668880547414,1082,209,40,91,16,23,24,68
0.793270142180095,0.828602767001117,1075,216,25,48,14,15,11,33
0.76484997521827,0.799029656728488,1061,230,42,43,20,12,22,31
0.786152204130262,0.787288550097643,1063,228,32,15,16,8,16,7
0.744116125695073,0.79226539430868,1066,225,37,73,19,17,18,56
0.765382372238828,0.802545570684254,1053,238,44,51,23,19,21,32
0.768497183819765,0.788409985085322,1086,205,31,16,17,9,14,7
0.715212966640191,0.76292848354233,1065,226,32,121,14,22,18,99
0.70538908765653,0.748379572829945,1076,215,43,89,18,20,25,69
0.782270865335381,0.830743833532628,1064,227,31,44,19,16,12,28
0.726160145586897,0.732267778946789,1070,221,35,20,17,7,18,13
0.751912195121951,0.75298900411865,1075,216,41,19,17,11,24,8
0.777068464181866,0.851724358007565,1060,231,30,49,15,17,15,32
0.750945100180619,0.793188494448654,1044,247,38,68,19,25,19,43
0.733196034118248,0.787003580273281,1069,222,44,114,22,30,22,84
0.744940742397138,0.794358934365347,1046,245,43,101,22,33,21,68
0.804735114861697,0.837290711387074,1045,246,27,67,18,22,9,45
0.621053230209281,0.65107874266211,1079,212,35,127,6,22,29,105
0.769015191199581,0.813907821925011,1071,220,46,75,23,20,23,55
0.741538658474142,0.774244401741549,1087,204,31,102,12,21,19,81
0.776572868026542,0.811903099086425,1053,238,39,31,24,11,15,20
0.736016853297138,0.756608056200655,1071,220,28,76,9,17,19,59
0.70819397993311,0.752986017337418,1047,244,26,41,13,14,13,27
0.801367652899126,0.807360479652694,1085,206,32,14,16,6,16,8
0.760375099760575,0.787686010587285,1076,215,38,46,17,12,21,34
0.720082328726845,0.777233850836549,1067,224,38,61,20,16,18,45
0.700373260943332,0.725831631036538,1068,223,28,108,8,20,20,88
0.827867383512545,0.860275303800376,1051,240,31,118,17,32,14,86
0.74386914217633,0.745809895691506,1063,228,32,15,14,6,18,9
0.700719424460432,0.749299473305221,1064,227,40,48,17,16,23,32
0.745495905368517,0.79079658337796,1090,201,35,61,15,16,20,45
0.755436760691538,0.801249087676195,1063,228,35,68,17,17,18,51
0.73391987605135,0.797882714802665,1049,242,36,51,18,15,18,36
0.751555992325331,0.79296161352045,1059,232,34,86,18,25,16,61
0.749910071942446,0.790996663772975,1086,205,40,45,21,15,19,30
0.759712724591043,0.797418774461672,1080,211,48,75,23,21,25,54
0.71671354899203,0.767702174113096,1074,217,27,89,11,17,16,72
0.70947242206235,0.757323160881124,1063,228,40,54,22,18,18,36
0.732198776316423,0.77579067476211,1074,217,33,106,14,17,19,89
0.733513189448441,0.736512730281062,1075,216,40,16,20,7,20,9
0.710442778733513,0.740853768014001,1065,226,39,25,21,11,18,14
0.742338031811716,0.783042398679322,1056,235,37,94,18,23,19,71
0.761916741204532,0.818818999571615,1060,231,43,79,28,25,15,54
0.661379293732235,0.693943868469252,1061,230,33,47,14,11,19,36
0.776413902053713,0.842653211969067,1067,224,25,51,12,12,13,39
0.733114130172954,0.754250071467975,1064,227,33,44,10,9,23,35
0.735369632580788,0.772938971742683,1081,210,36,141,17,24,19,117
0.831735663386495,0.838645679404365,1058,233,28,22,18,11,10,11
0.762615533691115,0.808587256893991,1065,226,43,118,22,33,21,85
0.711169725875608,0.762511389123672,1072,219,33,75,13,24,20,51
0.714867759359285,0.717996092876858,1083,208,52,18,24,9,28,9
0.783178904019842,0.822122471719118,1071,220,34,94,15,18,19,76
0.709824390243902,0.763173650876273,1088,203,41,96,16,21,25,75
0.767455192100707,0.790716254765222,1070,221,34,40,16,12,18,28
0.790514296410688,0.825473408296238,1062,229,34,75,17,15,17,60
0.774659182036888,0.819635309965198,1042,249,44,70,26,20,18,50
0.760916418811156,0.803534406206381,1071,220,37,68,17,19,20,49
0.793127490039841,0.812156098017542,1065,226,36,37,20,18,16,19
0.673606620975042,0.723919958590359,1075,216,37,43,11,16,26,27
0.725868442054858,0.765815666274788,1075,216,38,33,16,11,22,22
0.730407523510972,0.766272151488609,1035,256,44,66,24,22,20,44
0.697081016679905,0.753112138144136,1075,216,32,76,11,13,21,63
0.697413946852149,0.695452003778793,1086,205,45,28,15,9,30,19
0.7165539547192,0.777395669813647,1058,233,38,91,19,22,19,69
0.729668292682927,0.796811284113914,1076,215,41,70,20,14,21,56
0.73901347546259,0.774953608381413,1084,207,48,62,22,24,26,38
0.72855245683931,0.803892764947175,1046,245,36,79,18,22,18,57
0.695430401111994,0.718523730890077,1043,248,32,64,11,17,21,47
0.724470882365619,0.801722226043499,1095,196,37,121,16,28,21,93
0.689779351544057,0.745270515938655,1059,232,33,101,17,25,16,76
0.754980079681275,0.792977210085724,1080,211,36,93,18,18,18,75
0.798919805451872,0.823934090386323,1069,222,28,76,20,21,8,55
0.777252047315741,0.796492463910036,1062,229,35,24,21,11,14,13
0.666981204010828,0.694177003285855,1063,228,42,35,16,10,26,25
0.677030015797788,0.736886641728027,1084,207,25,36,9,8,16,28
0.805624503574265,0.837094864578534,1065,226,32,30,20,14,12,16
0.755581022659511,0.774117962956938,1087,204,43,18,19,7,24,11
0.785192946957653,0.839707559923529,1061,230,33,94,17,25,16,69
0.77027764943084,0.790349426032296,1059,232,38,43,17,10,21,33
0.779616306954436,0.838040584510629,1065,226,40,119,22,26,18,93
0.716932270916335,0.758026542565246,1080,211,36,28,15,12,21,16
0.720813269127876,0.765717454317497,1053,238,45,85,21,18,24,67
0.788685152057245,0.815195726327854,1051,240,43,100,22,27,21,73
0.744334532374101,0.74345534018503,1063,228,40,20,20,10,20,10
0.745409284882969,0.789710441848668,1065,226,37,62,16,12,21,50
0.758493612242033,0.817671517536488,1086,205,34,81,17,19,17,62
0.707261046932784,0.765900036257524,1072,219,42,84,17,20,25,64
0.728993855606759,0.786553599247274,1062,229,31,80,15,19,16,61
0.748840927258193,0.794365665510585,1065,226,40,88,16,18,24,70
0.783449259853754,0.831732751225123,1067,224,45,68,25,22,20,46
0.684704078632335,0.713618352665623,1044,247,38,57,15,15,23,42
0.695205351818724,0.69727328675621,1049,242,43,21,16,13,27,8
0.774017833199249,0.803777337765367,1070,221,48,74,20,17,28,57
0.736183256118677,0.763610261077145,1101,190,34,97,11,18,23,79
0.734395750332005,0.782857350099817,1082,209,36,70,18,21,18,49
0.678063241106719,0.711669102747373,1066,225,26,38,11,10,15,28
0.774377318494966,0.816102870382458,1090,201,33,111,16,23,17,88
0.758538197197991,0.785076626411431,1061,230,30,67,13,13,17,54
0.722074976774687,0.725416201865777,1073,218,29,9,12,5,17,4
0.786210712704737,0.789164808578115,1064,227,36,17,19,8,17,9
0.794977730895452,0.83901335625118,1082,209,27,24,17,11,10,13
0.783438100226995,0.815955880076349,1060,231,46,120,26,25,20,95
0.805682641351176,0.807485634605331,1076,215,42,16,27,10,15,6
0.841686555290374,0.864428242070943,1059,232,34,31,24,15,10,16
0.749564772145417,0.782197193701391,1078,213,31,54,13,14,18,40
0.705433820274458,0.741424010331666,1053,238,36,68,16,17,20,51
0.756592421915003,0.755206136367828,1082,209,31,13,18,7,13,6
0.687278048780488,0.732677031072254,1068,223,41,63,16,20,25,43
0.669342037890425,0.673649208655663,1047,244,31,16,14,8,17,8
0.745187187679201,0.789557028700354,1068,223,39,49,19,13,20,36
0.802126829268293,0.825909434413382,1065,226,41,87,22,22,19,65
0.711405529953917,0.765450362534768,1050,241,31,124,15,32,16,92
0.746291741204532,0.797220733841375,1066,225,43,47,22,14,21,33
0.639378497202238,0.665118791949371,1063,228,40,36,11,8,29,28
0.716698262243286,0.745215081025923,1061,230,25,64,8,15,17,49
0.711994367639529,0.712421210755479,1054,237,31,13,13,5,18,8
0.740928933123799,0.780987277380176,1047,244,46,30,26,14,20,16
0.741515390686661,0.772841615374211,1073,218,24,92,13,19,11,73
0.78204879520669,0.784671311814643,1036,255,37,9,21,4,16,5
0.706066322478157,0.776125943441138,1081,210,32,56,15,14,17,42
0.690044322397264,0.718604441101579,1071,220,33,29,12,10,21,19
