"ROC_observed_outcome","ROC_observed_corrected","sum_low_risk","sum_high_risk","sum_outcome_observed","sum_outcome_true","sum_high_risk_observed","sum_high_risk_true","sum_low_risk_observed","sum_low_risk_true"
0.733200636942675,0.762151878871579,1079,212,35,173,18,34,17,139
0.736651223735317,0.747839361105286,1069,222,34,156,16,34,18,122
0.819517698077824,0.843342595565073,1057,234,27,146,19,39,8,107
0.703541389995573,0.729477948999398,1064,227,36,160,18,27,18,133
0.806961044710049,0.808952761952717,1080,211,36,142,19,24,17,118
0.75169664065151,0.77245717554475,1073,218,28,144,16,34,12,110
0.772564832384567,0.796339782173093,1041,250,51,162,24,29,27,133
0.830669560641936,0.838513497505052,1081,210,24,144,10,27,14,117
0.754017264276228,0.757028251479543,1073,218,36,168,15,29,21,139
0.746818798778419,0.801119593388948,1080,211,28,140,14,28,14,112
0.76750075434286,0.794633849921481,1050,241,37,146,19,31,18,115
0.773981850376273,0.79556045949843,1078,213,36,148,15,28,21,120
0.762826998121116,0.79347682317771,1063,228,33,144,20,28,13,116
0.687082926829268,0.70996626403462,1086,205,41,171,18,21,23,150
0.751300483329237,0.773757618701006,1089,202,39,144,17,25,22,119
0.779708973322555,0.815777013167739,1047,244,54,138,31,32,23,106
0.75194027887398,0.776349083006883,1050,241,24,144,11,30,13,114
0.727041861227165,0.754841742463525,1057,234,39,144,19,27,20,117
0.750708277999115,0.771646475073076,1041,250,36,162,15,32,21,130
0.684924602007813,0.704751938576876,1073,218,38,171,15,40,23,131
0.741966565495977,0.760761130947592,1079,212,33,146,14,26,19,120
0.714444971537002,0.718552654547972,1084,207,51,160,20,31,31,129
0.686478766749275,0.71618963660862,1066,225,38,157,15,34,23,123
0.717618415227977,0.738705999806892,1074,217,36,155,15,31,21,124
0.782673822147506,0.810998438946578,1050,241,37,151,23,38,14,113
0.736237174427782,0.766670756346432,1091,200,24,149,7,17,17,132
0.772220355357668,0.786250840031619,1062,229,38,169,20,32,18,137
0.759654828879512,0.779865393200149,1056,235,27,142,16,32,11,110
0.779886091127098,0.792909616549583,1068,223,40,163,25,35,15,128
0.732821300563236,0.750402240738227,1059,232,31,151,13,24,18,127
0.769742230268546,0.804587147811092,1065,226,37,140,16,30,21,110
0.783707865168539,0.798375856672403,1058,233,45,148,22,29,23,119
0.782718894009217,0.792520043744567,1036,255,31,155,19,39,12,116
0.750458135860979,0.774917786826456,1054,237,25,134,10,27,15,107
0.747542997542998,0.763182471568266,1064,227,33,149,17,26,16,123
0.720939345337902,0.756610485871944,1077,214,44,169,20,24,24,145
0.750193973878184,0.763156092957628,1066,225,37,159,19,33,18,126
0.647580487804878,0.666825310922005,1065,226,41,140,14,25,27,115
0.754632879404745,0.781112163872798,1072,219,34,140,16,26,18,114
0.750128691094576,0.771515494267437,1050,241,34,140,16,31,18,109
0.770967650718245,0.784868356576241,1089,202,28,163,13,29,15,134
0.730544874954813,0.762679951910617,1063,228,49,146,26,20,23,126
0.73439080792022,0.752541287859879,1068,223,33,171,17,33,16,138
0.7440433903492,0.753263712401301,1079,212,29,138,13,28,16,110
0.687077330197001,0.701732947380994,1075,216,38,157,13,32,25,125
0.778557265399371,0.813097274489777,1048,243,37,130,23,29,14,101
0.726141391794047,0.771468021936834,1053,238,48,150,27,29,21,121
0.695119521912351,0.735079809574528,1057,234,36,140,17,25,19,115
0.710752618647355,0.725357724977918,1051,240,37,171,15,38,22,133
0.782454535056617,0.815183240581692,1046,245,42,140,26,24,16,116
0.79086669699727,0.811748230179953,1058,233,35,165,18,37,17,128
0.721712920837125,0.75105432000157,1072,219,35,152,15,31,20,121
0.778471054786844,0.780152931438833,1058,233,37,152,21,30,16,122
0.723287804878049,0.728254050886857,1055,236,41,169,20,38,21,131
0.722791615911286,0.758443059743419,1060,231,38,163,16,29,22,134
0.72632351887671,0.740519647268288,1096,195,22,141,9,27,13,114
0.730368068603363,0.75457657243708,1081,210,33,143,18,26,15,117
0.767014992057188,0.799883852012648,1056,235,32,159,16,30,16,129
0.826868505195843,0.855597793813665,1069,222,40,158,26,35,14,123
0.733843418035472,0.771063419586947,1105,186,34,138,15,26,19,112
0.777348121502798,0.812618812028469,1086,205,40,142,24,25,16,117
0.758123063302346,0.779324446795962,1058,233,36,156,16,34,20,122
0.785593725178713,0.799961063517051,1066,225,32,154,18,30,14,124
0.828612034494387,0.830147383935397,1041,250,33,156,21,28,12,128
0.674022041302621,0.688379157425993,1088,203,32,153,8,18,24,135
0.73940131056394,0.745176238171363,1067,224,32,162,13,35,19,127
0.703629924745463,0.731287791334352,1066,225,36,150,12,35,24,115
0.773678758972877,0.794040282789803,1068,223,33,150,16,24,17,126
0.693657391697772,0.722295734316218,1058,233,28,143,10,28,18,115
0.706971409846809,0.726422681170939,1087,204,39,136,18,20,21,116
0.658898547409356,0.688214117035878,1058,233,42,165,19,34,23,131
0.773391286970424,0.790128675181579,1064,227,40,158,20,35,20,123
0.767208564631245,0.784519154737927,1068,223,30,157,16,20,14,137
0.779442456768038,0.796542913360613,1055,236,43,153,22,30,21,123
0.732156097560975,0.742375118772954,1063,228,41,147,17,36,24,111
0.673986808494415,0.691500870617997,1088,203,42,147,14,25,28,122
0.706938044034818,0.723806627135514,1061,230,31,136,14,26,17,110
0.715847803209682,0.72625424100482,1066,225,24,116,11,19,13,97
0.69801500064658,0.70345893931768,1067,224,37,146,13,25,24,121
0.66,0.690764905785924,1047,244,41,159,13,32,28,127
0.810009099181074,0.80834577368701,1037,254,35,151,24,27,11,124
0.725689082315504,0.736491981206687,1085,206,34,159,16,31,18,128
0.690515786338364,0.713654009167276,1072,219,32,148,10,31,22,117
0.739547315741583,0.778917925071509,1063,228,35,161,19,34,16,127
0.691273479427549,0.713006471594689,1074,217,43,149,16,31,27,118
0.771444616032571,0.781965360391421,1090,201,34,144,17,25,17,119
0.728901906274821,0.743813480381312,1074,217,32,138,14,26,18,112
0.808045595396193,0.812539485206839,1055,236,36,155,20,34,16,121
0.709470235786025,0.733837332258749,1080,211,37,144,16,35,21,109
0.687408098631377,0.705413326413833,1064,227,28,141,13,34,15,107
0.74937139863803,0.799355898948826,1065,226,46,157,24,26,22,131
0.703661795767059,0.723665442813123,1083,208,37,153,18,24,19,129
0.744529117379436,0.768114228267277,1077,214,35,155,16,33,19,122
0.675072201387991,0.696881838349238,1085,206,37,148,11,23,26,125
0.777516495858487,0.785037417309384,1054,237,34,143,21,31,13,112
0.74440034287418,0.784847857364918,1063,228,43,163,21,36,22,127
0.730931828242585,0.748031380674697,1060,231,36,168,19,39,17,129
0.714961361813808,0.743400352573628,1052,239,44,154,22,29,22,125
0.773070779061194,0.785465938665485,1054,237,39,168,19,32,20,136
0.774732084274987,0.781445528744769,1078,213,44,152,21,20,23,132
0.731486032604243,0.743366140958798,1094,197,39,150,17,27,22,123
0.730716362675126,0.751432941765398,1039,252,30,165,10,36,20,129
0.680401945724526,0.722142952420413,1061,230,31,149,14,33,17,116
0.742639528929852,0.798522212689611,1081,210,31,159,19,32,12,127
0.75757808499744,0.785284439595543,1067,224,31,147,15,21,16,126
0.786450059571088,0.817190441849304,1059,232,32,139,19,30,13,109
0.721256335718545,0.742609280947364,1061,230,43,129,18,28,25,101
0.80700502246894,0.820581004549864,1087,204,30,151,16,29,14,122
0.749471458773784,0.759896184536392,1073,218,44,156,20,27,24,129
0.640419683561277,0.646742134312731,1065,226,48,162,16,22,32,140
0.675762056414923,0.720495052950132,1064,227,35,147,19,28,16,119
0.719802162693536,0.741245070073404,1065,226,39,158,17,37,22,121
0.726370731707317,0.740704623075576,1075,216,41,161,21,40,20,121
0.760261477652782,0.773490931415506,1073,218,26,156,14,27,12,129
0.723435547291737,0.744585543032009,1053,238,53,169,25,37,28,132
0.721864913041384,0.747229198615064,1039,252,33,146,16,34,17,112
0.7373041290175,0.75986230834606,1069,222,42,151,19,34,23,117
0.717740580501533,0.73070588083664,1081,210,38,151,13,24,25,127
0.677019333169493,0.700200801180097,1052,239,39,165,11,34,28,131
0.713897438443209,0.752823184442086,1073,218,32,172,14,31,18,141
0.754617524805578,0.794723746136932,1072,219,48,150,25,25,23,125
0.711531129665637,0.731351606605511,1056,235,42,139,22,32,20,107
0.746148738379814,0.770348157497286,1080,211,36,153,16,28,20,125
0.737270183852917,0.74763831728357,1069,222,40,174,17,31,23,143
0.683962670804776,0.704236975750151,1069,222,37,156,18,25,19,131
0.751362517580872,0.758991835514432,1081,210,27,158,13,32,14,126
0.763136892510606,0.814893691718465,1079,212,38,179,22,29,16,150
0.725038402457757,0.764307062681212,1097,194,31,180,16,31,15,149
0.780001927060751,0.778676627705181,1074,217,33,127,18,23,15,104
0.756682464454976,0.767390155673295,1083,208,25,139,14,29,11,110
0.737522281639929,0.757491367988636,1079,212,33,135,11,18,22,117
0.718218917710197,0.738917115058352,1057,234,43,155,22,29,21,126
0.739347160457826,0.755396469219581,1068,223,44,158,19,27,25,131
0.744068292682927,0.764121246401173,1084,207,41,130,19,22,22,108
0.725206871928424,0.753603887703488,1065,226,38,164,18,35,20,129
0.702938655336911,0.717755168900281,1058,233,43,139,14,28,29,111
0.697975299196677,0.729513595924666,1058,233,29,129,12,22,17,107
0.708324016100179,0.732777574378731,1080,211,43,135,19,29,24,106
0.73848568902978,0.764888393099934,1069,222,53,156,25,35,28,121
0.796760956870962,0.823009260841935,1055,236,46,137,25,32,21,105
0.738667552014166,0.763893216131564,1084,207,36,141,17,33,19,108
0.712749800159872,0.75331094968771,1071,220,40,148,18,29,22,119
0.745544579030977,0.749737583955811,1050,241,32,157,15,30,17,127
0.858576548899129,0.864123859679456,1067,224,31,152,22,39,9,113
0.810600861641694,0.818814046536416,1067,224,42,147,26,34,16,113
0.740047961630695,0.743199661935956,1075,216,40,158,19,40,21,118
0.726868292682927,0.756489851911439,1079,212,41,163,17,32,24,131
0.697632505939215,0.724179959076697,1055,236,39,149,18,37,21,112
0.716243721913825,0.742883121129365,1079,212,30,156,11,33,19,123
0.729999137893875,0.755897632159194,1043,248,37,160,17,34,20,126
0.78099622555187,0.789620088155768,1066,225,42,151,18,33,24,118
0.770621775280161,0.799163329577561,1057,234,49,167,26,33,23,134
0.701472758074212,0.710331737576827,1077,214,29,153,8,23,21,130
0.731509384086704,0.764187779293533,1081,210,30,170,17,28,13,142
0.75523202911738,0.780722400932487,1083,208,35,150,16,40,19,110
0.746938232161874,0.774500783331968,1087,204,39,162,19,37,20,125
0.772388224878265,0.78060768258554,1085,206,36,137,16,22,20,115
0.705510968432317,0.719102103948736,1055,236,45,151,20,34,25,117
0.765878070973612,0.773955004705412,1096,195,35,148,18,28,17,120
0.692109436954798,0.74225174723364,1081,210,30,134,12,17,18,117
0.689870432883241,0.708662975692147,1051,240,32,141,13,28,19,113
0.761550550026192,0.787635485093687,1049,242,46,168,26,31,20,137
0.697951638689049,0.732677696132292,1056,235,40,132,18,31,22,101
0.722925457102672,0.73955411453643,1051,240,27,148,15,35,12,113
0.703142983621071,0.724259556720106,1040,251,36,157,15,41,21,116
0.801833494350401,0.826201115596105,1067,224,38,165,20,25,18,140
0.714890289912629,0.731661246430955,1064,227,32,155,14,34,18,121
0.749476797088262,0.778895958646478,1084,207,35,164,16,31,19,133
0.74699240607514,0.777499544375849,1081,210,40,167,18,26,22,141
0.746496815286624,0.767010003008548,1099,192,35,138,14,28,21,110
0.800476313634208,0.824441352102114,1062,229,37,156,19,36,18,120
0.702308153477218,0.727260928855482,1039,252,40,144,16,27,24,117
0.786237416581835,0.794116000497152,1053,238,28,135,18,30,10,105
0.804947679708826,0.827887636177655,1091,200,35,128,19,23,16,105
0.741408618006062,0.774311571372717,1087,204,39,148,17,26,22,122
0.729583620887969,0.756864664622063,1053,238,49,172,23,32,26,140
0.710230067216788,0.742693916217825,1063,228,29,158,11,26,18,132
0.708621071270474,0.731000393744886,1084,207,36,129,13,23,23,106
0.695553780617678,0.718417820833778,1071,220,39,146,16,29,23,117
0.714741035856574,0.731852517734223,1066,225,36,158,17,24,19,134
0.722572478157268,0.737711613111872,1075,216,32,141,16,32,16,109
0.726367658889783,0.752823934929651,1093,198,48,156,21,26,27,130
0.713346341463415,0.719885308890619,1086,205,41,132,16,22,25,110
0.735319443861049,0.762390741803982,1054,237,38,156,20,29,18,127
0.749740211853044,0.779584455416065,1046,245,48,152,24,33,24,119
0.687397634212921,0.689709335827658,1065,226,35,160,14,31,21,129
0.716195121951219,0.758409850796772,1091,200,41,139,20,21,21,118
0.75014386896857,0.754906189210205,1071,220,36,145,15,26,21,119
0.762107317073171,0.77957491993226,1062,229,41,140,20,24,21,116
0.678865641175184,0.724424178537137,1064,227,44,148,17,32,27,116
0.805595068752963,0.824987843123182,1083,208,37,155,24,35,13,120
0.719781682641108,0.748911340431425,1062,229,39,158,21,32,18,126
0.758053557154277,0.783116908298353,1071,220,40,148,20,24,20,124
0.769194644284572,0.798568477951208,1074,217,40,135,21,27,19,108
0.816887851232899,0.837460604329845,1054,237,39,165,21,32,18,133
0.755980861244019,0.771715328223693,1068,223,37,148,17,30,20,118
0.746765218557254,0.765701851910961,1061,230,48,136,25,30,23,106
0.670556920556921,0.679145713647009,1044,247,33,135,12,23,21,112
0.810785091197462,0.818378097526529,1081,210,30,161,15,29,15,132
0.732828339296362,0.758833652739421,1058,233,43,142,17,25,26,117
0.772350230414747,0.796742145086493,1073,218,31,145,16,26,15,119
0.728916866506795,0.750729244660634,1081,210,40,151,19,25,21,126
0.789578337330136,0.817609726982467,1052,239,40,146,25,25,15,121
0.74594038092564,0.770695778814184,1082,209,34,147,16,26,18,121
0.735087045570917,0.764737729119202,1066,225,31,138,15,18,16,120
0.749471319058948,0.801117742331765,1062,229,30,146,14,26,16,120
0.736341956930192,0.76745878647713,1087,204,33,147,16,33,17,114
0.729180487804878,0.757879190057555,1075,216,41,147,17,33,24,114
0.79220623501199,0.805016577744861,1063,228,40,167,23,37,17,130
0.752370432883241,0.770055795673593,1076,215,32,160,17,33,15,127
0.69914695177434,0.713947624214137,1067,224,35,154,14,29,21,125
0.801737143842407,0.817358378474083,1069,222,37,167,23,27,14,140
0.681403647898493,0.705676947914318,1087,204,30,164,11,25,19,139
0.758448780487805,0.791755061775445,1086,205,41,149,22,33,19,116
0.765155238797411,0.782945151334445,1036,255,39,147,23,37,16,110
0.734394904458599,0.762059832818513,1067,224,35,144,15,29,20,115
0.796055897537728,0.817565670868369,1057,234,32,147,15,19,17,128
0.816007208978455,0.817888708493276,1069,222,39,140,23,27,16,113
0.776990445859873,0.818083745649565,1065,226,35,157,19,33,16,124
0.788603275705186,0.806950552045261,1071,220,35,141,18,29,17,112
0.728323932312651,0.752161656668637,1076,215,50,140,23,26,27,114
0.770155960877611,0.780516074401716,1066,225,30,138,17,17,13,121
0.773948428686543,0.805210615321508,1073,218,50,157,28,31,22,126
0.807553956834532,0.819027829630116,1074,217,40,143,25,35,15,108
0.766253412192903,0.790642347774238,1057,234,35,162,21,28,14,134
0.700341463414634,0.729342169419194,1065,226,41,160,16,32,25,128
0.728075717160372,0.759264174503913,1046,245,34,150,18,36,16,114
0.797465031293317,0.821020386085328,1079,212,38,169,21,36,17,133
0.736360031720857,0.755132909146991,1062,229,30,126,14,20,16,106
0.732546341463415,0.735204732906561,1054,237,41,160,15,29,26,131
0.796287762416795,0.819591510530338,1066,225,31,144,18,31,13,113
0.753190975020145,0.777095718285646,1083,208,50,168,26,36,24,132
0.76440875694996,0.775862900410059,1075,216,32,136,16,27,16,109
0.722816399286987,0.732320284264904,1054,237,33,142,12,26,21,116
0.78921568627451,0.788239495257038,1063,228,33,160,20,29,13,131
0.655002573821891,0.664363851572105,1052,239,34,141,11,21,23,120
0.706807569427378,0.722504895443881,1052,239,39,158,19,32,20,126
0.742296163069544,0.763258930951733,1080,211,40,167,18,29,22,138
0.776798840677112,0.789149903177382,1040,251,38,138,18,37,20,101
0.668948008797791,0.690537318789203,1071,220,34,158,14,32,20,126
0.790222895154885,0.801255777304463,1066,225,32,141,18,21,14,120
0.715180421062774,0.728378621728886,1071,220,33,134,17,24,16,110
0.723577759871072,0.732226478430512,1043,248,50,165,25,32,25,133
0.744887453788198,0.761449591382324,1046,245,34,142,17,29,17,113
0.709481012112591,0.721089452710015,1059,232,37,155,14,36,23,119
0.703545826932924,0.726052091753829,1065,226,31,157,12,28,19,129
0.707438988532784,0.728365293378707,1075,216,38,142,15,27,23,115
0.791668416852186,0.808697206850191,1068,223,38,135,25,24,13,111
0.716995080895106,0.73331738244855,1037,254,57,150,27,39,30,111
0.7629583735876,0.786623595941867,1097,194,38,159,21,31,17,128
0.778274184075845,0.800276812059517,1058,233,58,177,35,40,23,137
0.751251813374515,0.78296218686264,1050,241,34,170,18,39,16,131
0.73837929656275,0.75656562008138,1077,214,40,159,19,38,21,121
0.714602302837597,0.750146621870557,1054,237,33,150,18,37,15,113
0.682477842651321,0.722471133856648,1086,205,38,133,15,22,23,111
0.710049621814328,0.74023649705643,1079,212,33,170,14,33,19,137
0.752347019567922,0.768295270347922,1063,228,28,144,14,31,14,113
0.743705835556179,0.770124361250281,1069,222,34,125,16,18,18,107
0.696669310071372,0.721407231372715,1062,229,30,153,11,32,19,121
0.753342186808322,0.764146629990293,1060,231,36,163,12,39,24,124
0.741691452217768,0.75755890470317,1065,226,37,154,16,26,21,128
0.814220894200974,0.829293928825945,1059,232,36,169,18,30,18,139
0.651460942158617,0.665903000295487,1079,212,43,158,10,27,33,131
0.75085304822566,0.76961974334001,1067,224,35,159,17,28,18,131
0.761196603301867,0.77974825367814,1071,220,37,160,16,25,21,135
0.668292682926829,0.696012654594507,1072,219,41,154,14,31,27,123
0.771876600102407,0.772760649180978,1084,207,31,144,15,24,16,120
0.764435584209931,0.775362049384217,1071,220,28,150,12,28,16,122
0.653432869584889,0.67044666442887,1087,204,28,168,8,29,20,139
0.744343271555197,0.758752870149788,1044,247,50,147,24,25,26,122
0.736851806340624,0.761810308085809,1075,216,39,150,19,31,20,119
0.785482029388404,0.811480509717196,1033,258,32,157,16,32,16,125
0.753954911849649,0.787753515070956,1065,226,37,147,19,28,18,119
0.743473005640612,0.756590300657369,1071,220,50,170,24,36,26,134
0.732775919732441,0.766245670256495,1067,224,26,154,13,32,13,122
0.76520894754083,0.760157534696055,1052,239,34,159,19,36,15,123
0.705025804866061,0.737453173427924,1050,241,39,138,18,28,21,110
0.730255795363709,0.749456017744532,1059,232,40,161,20,40,20,121
0.748225432495095,0.763185629224398,1056,235,45,170,24,33,21,137
0.757347091581263,0.789903699496729,1078,213,34,168,19,32,15,136
0.695961439468389,0.720567073263006,1095,196,34,149,10,31,24,118
0.748611838658984,0.77405075333789,1053,238,46,157,21,28,25,129
0.750188136343515,0.806713843970821,1054,237,36,152,20,27,16,125
0.675079936051159,0.706321959115921,1062,229,40,141,17,39,23,102
0.763055109684323,0.789215016094996,1039,252,45,167,28,44,17,123
0.740292431468902,0.765545121569121,1074,217,33,157,16,38,17,119
0.726126472094214,0.744705381416816,1067,224,31,162,15,35,16,127
0.774404511207824,0.798206752486269,1069,222,34,148,13,30,21,118
0.693705737823385,0.719755790500544,1060,231,33,147,13,26,20,121
0.762678625722104,0.78862331232985,1082,209,26,174,14,32,12,142
0.754623345775365,0.771719739765977,1071,220,28,152,13,29,15,123
0.655243403093722,0.678174551333276,1066,225,35,148,12,25,23,123
0.745693445243805,0.757069026897798,1071,220,40,145,18,28,22,117
0.772671903221742,0.768031758839993,1058,233,38,180,20,35,18,145
0.765528626977742,0.787935592252844,1052,239,48,145,25,27,23,118
0.772369668246445,0.792087636840195,1071,220,25,146,12,23,13,123
0.738376856118791,0.751105660176875,1059,232,31,140,16,30,15,110
0.691959704453718,0.713561384163297,1091,200,47,166,16,38,31,128
0.738136942675159,0.751911550244989,1045,246,35,164,16,32,19,132
0.710134212920837,0.716517590813849,1048,243,35,123,12,17,23,106
0.751067315329627,0.765755812412013,1058,233,32,155,14,37,18,118
0.737167825931871,0.750154066198053,1050,241,45,152,21,23,24,129
0.774268287426182,0.788203265955336,1059,232,37,153,19,29,18,124
0.706674444003177,0.753175583767032,1074,217,32,156,15,27,17,129
0.769941613811064,0.793992270769141,1080,211,38,151,18,27,20,124
0.739630367419212,0.773902180839925,1091,200,36,152,19,25,17,127
0.803622631848438,0.813506631008479,1066,225,31,129,18,17,13,112
0.698783922171019,0.716640288598957,1083,208,31,153,9,29,22,124
0.750829800519241,0.780622797040258,1068,223,49,168,26,36,23,132
0.77417130048709,0.790865823675871,1074,217,37,148,21,35,16,113
0.757536659293848,0.779900590176465,1075,216,39,158,19,30,20,128
0.745767970611596,0.797556887552757,1065,226,32,166,16,30,16,136
0.731235107227959,0.735283797760156,1084,207,32,139,12,26,20,113
0.703834994618372,0.739205583441613,1066,225,34,134,17,18,17,116
0.717936760691538,0.773651596953604,1066,225,35,146,17,31,18,115
0.773738184412342,0.794429159028758,1085,206,45,143,23,30,22,113
0.719979296066253,0.735725622715854,1062,229,49,140,23,27,26,113
0.692231574158326,0.719727799693004,1086,205,35,157,11,23,24,134
0.798682543231962,0.807754831234008,1084,207,43,143,24,21,19,122
0.725279106858054,0.764655330310483,1058,233,37,157,20,30,17,127
0.782086097543195,0.804196647951574,1043,248,44,144,27,34,17,110
0.725180487804878,0.729414327818692,1054,237,41,144,18,26,23,118
0.766705069124424,0.778968119468719,1049,242,31,140,14,24,17,116
0.81286784376672,0.828261202204625,1067,224,45,168,27,32,18,136
0.723578863090472,0.738599666451969,1081,210,42,151,19,30,23,121
0.740061974324923,0.77520412859157,1079,212,36,156,18,29,18,127
0.790382912793271,0.827187428055022,1047,244,36,139,21,26,15,113
0.753139907573047,0.805185328122323,1072,219,43,155,25,31,18,124
0.796451319381256,0.844805155592109,1062,229,35,149,20,30,15,119
0.757663868904876,0.770481714094533,1039,252,40,152,20,26,20,126
0.769777265745008,0.801652072926001,1062,229,31,136,17,26,14,110
0.760839024390244,0.775167718339066,1079,212,41,162,17,37,24,125
0.773624934520691,0.779158437639935,1060,231,46,162,29,43,17,119
0.778804553282648,0.800325673840547,1058,233,38,149,22,24,16,125
0.753494623655914,0.774976321759126,1059,232,51,144,27,38,24,106
0.770109190172884,0.786959138660625,1069,222,35,152,19,28,16,124
0.760108093316002,0.77923162698458,1033,258,47,161,24,34,23,127
0.802035941765241,0.833745781024865,1057,234,35,146,21,33,14,113
0.769733899821109,0.802353714883156,1059,232,43,146,22,33,21,113
0.815543219666931,0.823778789901595,1040,251,30,155,22,35,8,120
0.733973374295955,0.750321139757964,1090,201,31,150,12,24,19,126
0.743002360649419,0.750752554473527,1051,240,33,157,16,30,17,127
0.738215776151057,0.766127091509688,1055,236,47,148,20,30,27,118
0.662506400409626,0.67770007762335,1072,219,31,152,12,24,19,128
0.763219873842877,0.793357149783834,1060,231,39,151,23,36,16,115
0.703039915411049,0.716031221157374,1062,229,30,148,11,32,19,116
0.77927137442089,0.797777385697993,1049,242,34,139,18,30,16,109
0.71148540885383,0.734644558866396,1065,226,37,142,17,30,20,112
0.698980815347722,0.714851156904851,1069,222,40,154,17,33,23,121
0.8044951350278,0.830470006656549,1058,233,32,152,19,41,13,111
0.697093427323273,0.708030517435375,1064,227,32,151,16,26,16,125
0.72941982272361,0.762513166034052,1051,240,50,182,24,38,26,144
0.756508901245743,0.769493095569803,1065,226,37,146,17,26,20,120
0.713876941022089,0.749952247096801,1050,241,44,143,22,22,22,121
0.718994540491356,0.737601985886532,1066,225,35,124,17,24,18,100
0.7036782061369,0.704493764543244,1093,198,20,126,4,18,16,108
0.739719410257487,0.760587505829247,1049,242,38,168,18,28,20,140
0.754408151466975,0.763123908474543,1066,225,33,161,17,30,16,131
0.839257436941523,0.851892803181838,1044,247,28,169,20,29,8,140
0.828353253652058,0.861570315476196,1067,224,36,161,20,30,16,131
0.773880068574836,0.809043432129962,1065,226,43,150,22,31,21,119
0.707683852917666,0.715878114879314,1038,253,40,151,21,35,19,116
0.70986474566304,0.71446250745887,1055,236,38,176,15,38,23,138
0.782574452892006,0.819843290475132,1066,225,38,180,21,37,17,143
0.731360524215567,0.762501375764115,1058,233,38,144,17,30,21,114
0.741857363470448,0.744908529079492,1075,216,34,143,15,30,19,113
0.676752382843527,0.708274314370957,1054,237,32,154,7,30,25,124
0.692297878544871,0.71308974985447,1066,225,44,124,15,22,29,102
0.785906720117246,0.814935439211682,1079,212,37,145,20,25,17,120
0.772401211278793,0.816071112611659,1059,232,32,132,18,25,14,107
0.748061550759393,0.765604281173894,1077,214,40,160,16,27,24,133
0.674063059971787,0.68548999883748,1051,240,42,148,13,21,29,127
0.761325919220656,0.766144662005535,1077,214,37,121,15,22,22,99
0.714594514013119,0.759838561082696,1071,220,43,155,18,27,25,128
0.742079399974137,0.764370355434449,1090,201,37,139,20,27,17,112
0.76130532941096,0.786130050296405,1066,225,47,161,25,29,22,132
0.760164316918189,0.788971428763373,1080,211,32,149,14,27,18,122
0.805529953917051,0.812279176479326,1080,211,31,162,18,28,13,134
0.743038955289951,0.765945000514781,1045,246,36,166,13,40,23,126
0.705517153097798,0.736731873754844,1077,214,31,163,14,22,17,141
0.805939990087308,0.819610421097259,1035,256,42,171,27,40,15,131
0.74203821656051,0.770381149824796,1084,207,35,147,16,26,19,121
0.753998017155912,0.800464665864676,1063,228,37,143,18,20,19,123
0.66764577299306,0.702677852334909,1067,224,29,178,12,38,17,140
0.798662158188768,0.814137196032345,1071,220,38,146,22,32,16,114
0.80063849194284,0.801398828889957,1062,229,26,160,14,34,12,126
0.762640631061684,0.800249840933089,1052,239,37,132,18,22,19,110
0.768459963603276,0.797551985612645,1081,210,35,157,19,32,16,125
0.764653658536586,0.788155546959866,1075,216,41,165,19,30,22,135
0.803640788057466,0.819908837990238,1083,208,34,146,18,31,16,115
0.735405083399523,0.746550371746041,1073,218,32,143,15,33,17,110
0.718041237113402,0.719725666235955,1069,222,30,149,11,24,19,125
0.806602191413238,0.798616476457044,1071,220,43,142,26,32,17,110
0.727947198535434,0.75009746325459,1083,208,33,148,15,24,18,124
0.730814466333431,0.741665861590898,1056,235,38,166,19,32,19,134
0.741280050103579,0.751791275251712,1063,228,33,139,17,29,16,110
0.788321951219512,0.821902732564651,1063,228,41,172,26,34,15,138
0.7155273937532,0.741840033415655,1071,220,31,163,14,29,17,134
0.79156722354813,0.800810850747492,1070,221,34,143,20,30,14,113
0.692760975609756,0.712913178577426,1052,239,41,161,19,36,22,125
0.750125113739764,0.758914079930273,1077,214,35,155,18,38,17,117
0.739176041349954,0.752719092289647,1072,219,26,143,10,20,16,123
0.737046366838699,0.784256094402651,1090,201,39,156,20,30,19,126
0.756351219512195,0.783090652556797,1072,219,41,165,19,29,22,136
0.850851322590453,0.876740030952315,1037,254,26,146,19,30,7,116
0.781747058062847,0.8056211086245,1058,233,37,145,21,21,16,124
0.818375792060003,0.817368509916906,1054,237,37,155,21,38,16,117
0.75732369320043,0.760931226149837,1054,237,34,159,17,35,17,124
0.790385605316112,0.812181648902524,1063,228,34,148,18,19,16,129
0.750630066787079,0.76673307275257,1057,234,38,149,17,34,21,115
0.722887864823349,0.73737705222517,1060,231,31,148,9,26,22,122
0.733768561187916,0.761368643808788,1073,218,31,119,16,26,15,93
0.73327045274027,0.744232520542964,1100,191,32,154,12,29,20,125
0.781631028207461,0.824626582998692,1060,231,35,144,21,32,14,112
0.731153165117308,0.747285537258625,1067,224,36,155,14,25,22,130
0.749614587849882,0.767068731854145,1066,225,33,139,14,30,19,109
0.724567284668537,0.753333587040091,1062,229,47,151,21,30,26,121
0.775292672351496,0.784704692783375,1056,235,33,167,16,39,17,128
0.723057281880811,0.743419012970465,1062,229,33,154,17,35,16,119
0.711443902439024,0.727455409673594,1057,234,41,147,17,30,24,117
0.784736123748862,0.801725952043032,1064,227,35,179,19,32,16,147
0.727061588064921,0.721376310456391,1076,215,29,151,12,29,17,122
0.795769949292768,0.824879065857591,1069,222,42,154,25,31,17,123
0.731583072100314,0.772120115928391,1067,224,44,154,21,33,23,121
0.721719573099815,0.759038262218658,1041,250,47,142,24,31,23,111
0.679857256145916,0.732362467771671,1057,234,30,179,15,28,15,151
0.736189026476021,0.765490428641007,1070,221,47,148,25,30,22,118
0.777750198570294,0.822644991669927,1094,197,32,160,17,27,15,133
0.651045777426993,0.654512989278199,1085,206,24,152,7,27,17,125
0.743049269365059,0.754179825535459,1074,217,37,157,17,27,20,130
0.78844105840911,0.784129507574096,1060,231,39,154,23,48,16,106
0.720109190172885,0.742347064799528,1055,236,35,157,16,29,19,128
0.762131346913956,0.768772740731133,1052,239,26,142,10,25,16,117
0.777765354800238,0.791182166614782,1046,245,43,144,23,26,20,118
0.737967229902714,0.758560352853321,1065,226,31,143,14,17,17,126
0.67167994687915,0.670562499443023,1054,237,36,168,11,30,25,138
0.725059382422803,0.761238403190279,1069,222,28,163,15,31,13,132
0.773786896243292,0.800160992135923,1065,226,43,157,24,35,19,122
0.725126502213789,0.738108845885412,1067,224,51,160,24,32,27,128
0.686077910579903,0.712786173888728,1068,223,36,151,12,25,24,126
0.730872020345704,0.752643160794586,1066,225,37,147,16,26,21,121
0.717799642218247,0.734185745066915,1086,205,43,166,15,26,28,140
0.781514788169464,0.799133164930738,1080,211,40,163,16,20,24,143
0.741574211750353,0.768183822988581,1077,214,42,151,22,33,20,118
0.762894468951476,0.795412926821172,1085,206,28,172,17,34,11,138
0.710270331410474,0.740904095363683,1068,223,28,155,13,36,15,119
0.740444091990484,0.765877221546402,1089,202,30,149,13,19,17,130
0.713262149672033,0.729703633889718,1044,247,43,162,17,31,26,131
0.745283772981615,0.757066881774726,1060,231,40,158,19,29,21,129
0.740989872915012,0.763882622859908,1082,209,32,150,14,24,18,126
0.741910379290571,0.789149032573507,1070,221,39,147,18,23,21,124
0.746632693844924,0.781514576613001,1070,221,40,153,21,44,19,109
0.723985769993843,0.749548984480383,1059,232,47,161,21,30,26,131
0.738029409355288,0.756243271002122,1071,220,39,149,19,22,20,127
0.766763211104432,0.801608327055437,1056,235,29,152,18,26,11,126
0.730095923261391,0.774087429991414,1063,228,40,152,19,39,21,113
0.769174973091862,0.782253364180706,1064,227,34,127,16,26,18,101
0.760994665434536,0.792207310714701,1051,240,38,148,20,32,18,116
0.687734602167592,0.698587178582066,1067,224,30,150,11,26,19,124
0.760547107930829,0.790909958629249,1100,191,43,152,16,26,27,126
0.794046038069942,0.80889884625355,1084,207,36,145,19,33,17,112
0.767076338928857,0.788131990185842,1071,220,40,161,18,30,22,131
0.773869030117192,0.78310246192704,1082,209,38,152,18,31,20,121
0.826957274556601,0.846977431638867,1056,235,34,128,21,23,13,105
0.765701823949247,0.79199127138684,1086,205,30,155,15,26,15,129
0.774862783648726,0.792384493384571,1061,230,39,159,21,29,18,130
0.759734531860377,0.772425133161341,1088,203,38,152,19,24,19,128
0.695793365307754,0.731003257269175,1059,232,40,158,16,22,24,136
0.702961910486912,0.712164128552118,1063,228,29,142,11,22,18,120
0.770485796801586,0.793829690878273,1080,211,37,151,20,25,17,126
0.690802408454166,0.73113916329578,1053,238,39,159,16,38,23,121
0.766696481812761,0.796443814757008,1052,239,43,149,19,29,24,120
0.778332575068244,0.813280079194562,1059,232,35,160,22,33,13,127
0.774892070604951,0.79768387156167,1048,243,29,149,18,35,11,114
0.755925711808065,0.7739579641892,1081,210,33,136,17,38,16,98
0.800686144311642,0.807502172758022,1053,238,36,140,19,32,17,108
0.721934735889605,0.752410841138834,1058,233,28,167,10,37,18,130
0.746442845723421,0.760192230343976,1057,234,40,150,19,22,21,128
0.73319611698206,0.769247217021528,1064,227,39,159,19,38,20,121
0.688844346739084,0.71823370330886,1083,208,37,152,11,30,26,122
0.727013193812557,0.761149112426474,1051,240,35,170,17,27,18,143
0.738068698817107,0.750464385417371,1076,215,35,154,17,31,18,123
0.729725542275343,0.739790763740505,1067,224,36,155,17,33,19,122
0.73135805277525,0.773660871250518,1076,215,35,145,17,40,18,105
0.772839182818229,0.81431601815992,1073,218,46,169,22,36,24,133
0.78616461477363,0.786352193458188,1091,200,32,144,16,26,16,118
0.712562590668726,0.7316229924908,1070,221,34,158,15,36,19,122
0.768143067927209,0.772480133814822,1058,233,29,138,13,31,16,107
0.739282456673761,0.750356890626066,1071,220,26,155,12,34,14,121
0.685072632441053,0.72054544234129,1081,210,37,159,12,31,25,128
0.770010476689366,0.805136153294946,1067,224,46,149,24,22,22,127
0.776698262243286,0.806243589670646,1074,217,25,148,14,24,11,124
0.68162993120876,0.700826716260003,1082,209,34,163,12,27,22,136
0.800681697740521,0.821161304449541,1092,199,33,157,17,31,16,126
0.689024390243902,0.706683672143565,1048,243,41,145,18,32,23,113
0.767762284196547,0.803062655140921,1035,256,36,156,22,34,14,122
0.702343129467832,0.722419377298438,1074,217,32,147,13,25,19,122
0.723070104754231,0.758157869754052,1069,222,50,154,21,35,29,119
0.807219512195122,0.827097466398563,1086,205,41,165,24,32,17,133
0.753765853658537,0.776398985358865,1083,208,41,153,17,29,24,124
0.758792965627498,0.77320841626765,1053,238,40,121,19,24,21,97
0.760124240021147,0.774276525584973,1070,221,30,151,14,26,16,125
0.722418943007178,0.723273736793827,1057,234,33,124,10,28,23,96
0.726975993261266,0.741358682908156,1068,223,34,161,14,31,20,130
0.695427661510464,0.749413691543138,1088,203,35,134,17,28,18,106
0.66806554756195,0.687694232482027,1081,210,40,163,13,30,27,133
0.652514396346307,0.679576318107044,1080,211,32,130,13,19,19,111
0.756081055320447,0.784588335889296,1062,229,42,166,24,36,18,130
0.702547770700637,0.698529898091793,1043,248,35,131,12,27,23,104
0.753537033359809,0.758783767046876,1064,227,32,139,14,16,18,123
0.689349718381977,0.724661989163453,1037,254,31,151,17,37,14,114
0.732791070363745,0.763775443155418,1049,242,43,161,19,27,24,134
0.774989470728626,0.801314185520802,1039,252,34,139,18,27,16,112
0.646299409457304,0.660497855328699,1078,213,37,173,11,30,26,143
0.732835325365206,0.754119895920529,1047,244,36,161,18,35,18,126
0.648536585365854,0.661258166531592,1060,231,41,146,13,28,28,118
0.766963826103234,0.777253474790394,1096,195,34,148,12,23,22,125
0.724610974610975,0.745882183270674,1072,219,33,136,14,24,19,112
0.711538461538462,0.728571555007377,1083,208,43,159,20,27,23,132
0.712085484511517,0.730739851513062,1069,222,32,153,12,30,20,123
0.80562549960032,0.838465031283107,1041,250,40,145,29,37,11,108
0.827597145122918,0.825700654227065,1080,211,30,143,15,34,15,109
0.748537194394753,0.768241250114829,1052,239,43,158,23,31,20,127
0.785292259083728,0.787377817238237,1071,220,25,139,13,26,12,113
0.735513680610366,0.771599499680366,1067,224,24,151,14,27,10,124
0.738307685676107,0.753712342388128,1071,220,37,167,16,26,21,141
0.781718823253633,0.801743610505926,1086,205,27,177,16,37,11,140
0.764612288829613,0.781083185366,1064,227,34,153,20,30,14,123
0.79735659529474,0.811365665461679,1076,215,30,156,13,35,17,121
0.792396313364055,0.830063640004395,1069,222,31,164,19,36,12,128
0.680863206705903,0.712759421282829,1069,222,45,147,19,26,26,121
0.804635975688607,0.83039409085273,1072,219,37,146,23,39,14,107
0.764243876464324,0.777254605050692,1060,231,39,168,22,28,17,140
0.739858113509193,0.769752704949164,1051,240,40,151,17,31,23,120
0.759767166535122,0.78154295460667,1067,224,24,158,12,31,12,127
0.79107922954726,0.820104252594149,1063,228,32,160,16,29,16,131
0.765439429928741,0.799414837407928,1066,225,28,146,17,31,11,115
0.724614634146341,0.72850133780355,1057,234,41,171,19,40,22,131
0.772224749772521,0.79605895350082,1066,225,35,153,18,30,17,123
0.789889415481832,0.794465379940148,1086,205,25,156,13,34,12,122
0.681689129096258,0.706723623141112,1069,222,47,148,17,25,30,123
0.807113780778396,0.828875000515261,1074,217,32,167,21,33,11,134
0.718887126619085,0.758648282448689,1051,240,30,131,13,23,17,108
0.734358837167826,0.757020537127334,1047,244,45,166,23,45,22,121
0.766019032513878,0.795632693322478,1089,202,30,159,14,25,16,134
0.679201495358508,0.709014443976835,1052,239,38,144,18,29,20,115
0.76309139407553,0.80345166708929,1071,220,34,153,19,24,15,129
0.843512905562545,0.857551469215025,1038,253,42,152,29,40,13,112
0.74535192563081,0.766472955597298,1060,231,36,163,18,39,18,124
0.747709163346614,0.75780259129745,1068,223,36,144,19,19,17,125
0.788264200028906,0.817839582619587,1053,238,33,161,19,42,14,119
0.759984583513995,0.786845412779805,1062,229,33,154,16,30,17,124
0.744144858577848,0.770856568155181,1074,217,30,140,14,32,16,108
0.754703633836378,0.767150039267699,1085,206,32,146,15,24,17,122
0.753678048780488,0.807492491322293,1076,215,41,138,24,25,17,113
0.743401105760656,0.781160719266936,1059,232,45,146,17,29,28,117
0.728649545342836,0.744868048449548,1079,212,39,134,17,24,22,110
0.751534560982119,0.763814068737891,1068,223,42,161,19,39,23,122
0.686512373285629,0.708191203462429,1055,236,43,158,17,32,26,126
0.747465437788019,0.746269157196552,1076,215,31,162,11,32,20,130
0.747500735077918,0.765508937345097,1051,240,38,156,22,37,16,119
0.745040712607246,0.774656506819277,1081,210,29,154,13,27,16,127
0.750297855440826,0.776851768667764,1076,215,32,166,15,30,17,136
0.752969790066564,0.769976798772269,1103,188,31,136,14,18,17,118
0.736162314388121,0.762712148571339,1081,210,31,168,14,30,17,138
0.654181574239714,0.680801921252072,1056,235,43,157,15,27,28,130
0.750782868429927,0.776520403099632,1077,214,33,160,17,33,16,127
0.744199272065514,0.775932864230704,1086,205,35,133,19,28,16,105
0.755628722881032,0.780577331848816,1059,232,29,157,15,34,14,123
0.762541002149078,0.771444991648102,1050,241,28,148,15,35,13,113
0.712192902638763,0.739250191899268,1070,221,35,140,17,25,18,115
0.694202097157369,0.736518528400854,1061,230,39,154,16,23,23,131
0.746929157798723,0.765765139001325,1062,229,26,126,14,30,12,96
0.682404076738609,0.726205218322663,1075,216,40,153,18,27,22,126
0.832936822627544,0.841084260579687,1077,214,30,158,19,28,11,130
0.746682527094898,0.761534195572118,1053,238,30,159,14,25,16,134
0.765412186379928,0.796190713238489,1061,230,31,141,16,36,15,105
0.712536585365854,0.723326834733357,1058,233,41,159,17,27,24,132
0.717392961988638,0.742958230583768,1060,231,42,146,18,27,24,119
0.745443902439024,0.780728861244374,1065,226,41,130,18,35,23,95
0.753486358743975,0.775447473178596,1071,220,34,159,17,31,17,128
0.736211258697027,0.771105388899064,1041,250,51,165,26,34,25,131
0.783432934926959,0.818219971404453,1083,208,36,137,22,23,14,114
0.861400879296563,0.883285433899046,1075,216,40,167,27,35,13,132
0.777810978308986,0.798450313121257,1061,230,36,150,21,31,15,119
0.789305666400639,0.809657507611344,1081,210,38,161,20,37,18,124
0.800716560509554,0.792886049479403,1078,213,35,159,17,36,18,123
0.79747937822472,0.824724306841243,1057,234,49,162,29,28,20,134
0.747321823815848,0.764629508924135,1050,241,36,159,18,30,18,129
0.777932713590084,0.800415652552625,1064,227,36,161,19,26,17,135
0.755533717066779,0.782218348586397,1067,224,34,157,16,32,18,125
0.795739568682607,0.821255238910086,1064,227,27,160,13,35,14,125
0.76734740857669,0.781226878681767,1055,236,24,137,11,28,13,109
0.746692645883293,0.774594957767135,1054,237,40,121,21,32,19,89
0.69629106250512,0.71291518359266,1069,222,39,161,17,27,22,134
0.71990171990172,0.745347966761229,1065,226,33,154,16,38,17,116
0.72978160405486,0.760689500454375,1041,250,43,163,22,37,21,126
0.704321966693101,0.722366841538245,1080,211,30,146,11,25,19,121
0.713034747686398,0.722663246951478,1082,209,46,141,21,25,25,116
0.751152073732719,0.786188202966717,1093,198,31,163,12,27,19,136
0.709342732327244,0.730273893203011,1080,211,32,157,10,24,22,133
0.730311646951774,0.754280650345338,1065,226,35,146,20,28,15,118
0.711208888142143,0.723703625689508,1042,249,38,157,19,39,19,118
0.691843736166445,0.715544722423023,1060,231,36,161,15,35,21,126
0.755575539568345,0.784495368764084,1085,206,40,176,21,43,19,133
0.772554227534307,0.782852188779264,1080,211,36,160,21,32,15,128
0.777364713774597,0.799924124707518,1065,226,43,121,23,23,20,98
0.751549172559598,0.784334877902529,1075,216,44,143,21,34,23,109
0.734628154050465,0.748134662828277,1086,205,36,161,15,22,21,139
0.735609995788292,0.745655884510034,1056,235,34,133,16,23,18,110
0.747975432211101,0.781468576914143,1066,225,35,149,17,23,18,126
0.768144360603654,0.801222275322484,1078,213,32,147,15,32,17,115
0.801150951748561,0.817670548320124,1053,238,36,150,18,34,18,116
0.71295207291973,0.72441168549567,1080,211,38,149,14,28,24,121
0.716794334441393,0.746982784122939,1069,222,33,140,14,24,19,116
0.732164268585132,0.767376635882131,1048,243,40,157,20,29,20,128
0.721973310208604,0.733564231788368,1061,230,33,137,15,25,18,112
0.671893818952642,0.701190221942309,1076,215,33,160,12,28,21,132
0.735298441634813,0.754161365394133,1060,231,38,150,17,35,21,115
0.803968253968254,0.828559861976922,1065,226,31,169,18,28,13,141
0.741966426858513,0.762731743763,1082,209,40,157,15,33,25,124
0.765879670491321,0.790942062627349,1053,238,55,147,31,40,24,107
0.820595425178977,0.827354133568792,1076,215,46,159,31,33,15,126
0.747366091190792,0.765199867304074,1088,203,36,144,18,26,18,118
0.759814463804039,0.771411276497984,1068,223,44,143,25,25,19,118
0.712571934484285,0.727261956189542,1064,227,36,142,19,23,17,119
0.714221824686941,0.73357418009564,1082,209,43,151,18,29,25,122
0.713842408448773,0.733127589612928,1035,256,23,148,10,26,13,122
0.7870921908301,0.809509268392289,1074,217,29,158,16,40,13,118
0.767618415227977,0.791792662283204,1088,203,36,142,16,24,20,118
0.785609439932899,0.810847678628706,1052,239,42,166,24,39,18,127
0.7424135577798,0.737411392783998,1065,226,35,135,17,22,18,113
0.769714192032351,0.796643829244889,1074,217,29,140,15,23,14,117
0.833865814696486,0.850098603077298,1041,250,39,141,25,36,14,105
0.69916806758912,0.715908893064843,1091,200,37,170,13,30,24,140
0.735289452815226,0.755542434826531,1064,227,30,166,15,32,15,134
0.734825956002898,0.754654150596082,1066,225,42,140,19,26,23,114
0.712649402390438,0.726782122848,1085,206,36,140,11,28,25,112
0.769000694996029,0.794111687426478,1096,195,32,153,14,24,18,129
0.725171343592396,0.767678460543804,1058,233,37,162,21,34,16,128
0.70603517186251,0.716787522057792,1073,218,40,157,19,29,21,128
0.770698924731183,0.785303703775394,1060,231,31,154,14,32,17,122
0.791258873440585,0.819336212316205,1057,234,38,145,23,35,15,110
0.776714513556619,0.786397081682101,1072,219,37,137,16,28,21,109
0.757739524953296,0.757008510385578,1071,220,42,158,17,27,25,131
0.811495135688684,0.858596143208134,1070,221,31,164,17,33,14,131
0.784232400629404,0.80986955206738,1085,206,47,163,21,26,26,137
0.759287703776522,0.773907268909673,1046,245,39,160,21,42,18,118
0.766121384542437,0.761846927225471,1063,228,37,152,21,28,16,124
0.709717730079388,0.735898647151571,1056,235,38,172,13,35,25,137
0.789809719830302,0.806529117989465,1071,220,38,159,22,29,16,130
0.735346522487098,0.755675725988275,1071,220,39,166,16,25,23,141
0.755812101910828,0.780001300544173,1064,227,35,143,19,31,16,112
0.739450953137411,0.77320798259089,1073,218,32,158,16,28,16,130
0.752332871619159,0.785051846132702,1080,211,44,146,20,26,24,120
0.80399870929309,0.818248298527513,1061,230,32,153,15,24,17,129
0.718260292164675,0.736333345681885,1072,219,36,181,14,39,22,142
0.714590246566136,0.726051601043932,1061,230,38,143,18,26,20,117
0.797395100796999,0.804590986596455,1091,200,27,144,10,22,17,122
0.7381592421915,0.76402747988552,1056,235,31,155,15,28,16,127
0.732024848004229,0.748362522111249,1063,228,30,152,16,28,14,124
0.796419512195122,0.823304018867027,1070,221,41,142,22,26,19,116
0.689126230661041,0.718451463127878,1047,244,27,167,14,38,13,129
0.763824884792627,0.773654725906475,1064,227,31,145,15,28,16,117
0.765296044707809,0.78016787216723,1063,228,33,164,14,28,19,136
0.784826329155403,0.797871699547623,1055,236,39,137,23,32,16,105
0.828169656430526,0.844142546095438,1078,213,26,123,14,17,12,106
0.722304367606915,0.73840916359001,1078,213,35,156,11,36,24,120
0.763571990558615,0.777849847465135,1077,214,20,141,7,21,13,120
0.756748177275334,0.773760585550038,1071,220,39,168,22,35,17,133
0.801454527402701,0.838554500204568,1051,240,32,143,19,32,13,111
0.749877119685426,0.769727564854154,1065,226,39,120,19,23,20,97
0.74140019379845,0.767800392845652,1055,236,43,150,20,30,23,120
0.678179606830818,0.68174718536954,1051,240,32,151,9,28,23,123
0.744579507737402,0.755586379515421,1073,218,37,160,16,25,21,135
0.689379044810355,0.714977894131803,1070,221,39,144,17,26,22,118
0.719374597034172,0.754989114027458,1097,194,22,141,8,26,14,115
0.701636356189072,0.739216507628893,1083,208,39,149,15,28,24,121
0.676761453396525,0.701117409493321,1078,213,25,139,9,32,16,107
0.724192447679709,0.751312614194401,1065,226,35,130,17,25,18,105
0.756610042585053,0.775064850511377,1087,204,34,151,16,30,18,121
0.715011749275917,0.725289163206196,1056,235,29,150,12,24,17,126
0.784365071485306,0.775706276768808,1048,243,32,158,21,32,11,126
0.737190247801759,0.754953596979272,1067,224,40,163,19,28,21,135
0.729173736002715,0.767009235363542,1077,214,28,128,12,22,16,106
0.722166016283663,0.756366239502893,1086,205,33,138,14,20,19,118
0.791405784138342,0.810442387464237,1039,252,43,135,26,35,17,100
0.701920122887865,0.713724441006632,1074,217,31,137,13,29,18,108
0.728007682905535,0.757628615699784,1067,224,46,169,20,38,26,131
0.744003790916381,0.786907708730613,1065,226,44,150,24,38,20,112
0.745320323833591,0.75190435518013,1076,215,34,123,15,21,19,102
0.722354813046937,0.746206550220175,1083,208,34,149,17,29,17,120
0.731633553156634,0.74920591946326,1062,229,38,156,17,33,21,123
0.716082802547771,0.72599559696085,1083,208,35,130,14,22,21,108
0.766312195121951,0.802435566563992,1085,206,41,144,21,20,20,124
0.648187422237303,0.656445953261342,1067,224,28,133,7,25,21,108
0.76661785146942,0.787661781150402,1069,222,32,146,15,21,17,125
0.758098447013751,0.799958849007848,1045,246,47,146,27,37,20,109
0.680060638487605,0.715037831159078,1086,205,45,175,18,32,27,143
0.802003098716246,0.815424659198993,1065,226,36,157,20,26,16,131
0.768419512195122,0.793668515084715,1063,228,41,153,24,31,17,122
0.755030721966206,0.78807988464847,1083,208,31,149,13,33,18,116
0.77257739320368,0.810374306581541,1080,211,38,154,22,29,16,125
0.748663735505841,0.771290481595115,1055,236,37,147,20,28,17,119
0.706904476418865,0.746264572325172,1082,209,40,129,18,22,22,107
0.811339854413103,0.833162741442933,1066,225,35,162,20,34,15,128
0.660646028479019,0.679797206269504,1047,244,38,149,15,29,23,120
0.723673709413198,0.739567908878771,1056,235,38,161,16,36,22,125
0.742755340088941,0.764929722423018,1066,225,44,138,18,32,26,106
0.710560152057245,0.738595610899624,1077,214,43,158,21,20,22,138
0.722554595086442,0.749373723422761,1063,228,35,145,16,26,19,119
0.729449321628093,0.754891853517879,1049,242,38,152,18,23,20,129
0.787228404875464,0.814453157440805,1077,214,33,144,17,22,16,122
0.714351486450934,0.724511339394951,1059,232,24,137,10,23,14,114
0.749715650591447,0.770370923093882,1024,267,35,144,20,39,15,105
0.735862147406733,0.743132823452665,1070,221,35,165,13,26,22,139
0.766320909517112,0.785512719392112,1083,208,27,132,11,23,16,109
0.758986277113767,0.766160533356623,1062,229,36,158,18,31,18,127
0.7949484294421,0.803329806944645,1078,213,27,141,16,24,11,117
0.729869936457506,0.752216695043743,1066,225,32,147,15,22,17,125
0.715850429069456,0.74122992049081,1088,203,48,150,17,26,31,124
0.76223735317516,0.78047818594416,1099,192,34,155,13,19,21,136
0.788277511961723,0.81044207037022,1080,211,37,131,21,27,16,104
0.772786631252767,0.799986319381074,1072,219,36,153,15,35,21,118
0.744119104807656,0.754956116867232,1064,227,42,144,18,25,24,119
0.769233393994541,0.767543566152623,1062,229,35,141,18,23,17,118
0.732463760921366,0.751727685853412,1043,248,32,141,13,32,19,109
0.751231011000524,0.786432807940434,1061,230,46,159,28,39,18,120
0.65849821112979,0.659790810124284,1073,218,37,141,12,20,25,121
0.771336585365854,0.784462736626182,1069,222,41,165,22,25,19,140
0.692780487804878,0.706412932500692,1076,215,41,147,17,30,24,117
0.72747511236191,0.736392673850425,1064,227,38,142,17,23,21,119
0.737151394422311,0.773576708171933,1049,242,36,170,19,36,17,134
0.813073839389629,0.813654670627874,1070,221,37,153,22,33,15,120
0.702461460914857,0.730433373331605,1066,225,38,129,17,19,21,110
0.70323669579031,0.723932978712429,1072,219,32,185,15,38,17,147
0.770672864099159,0.799683071321735,1063,228,36,162,18,27,18,135
0.812204595441995,0.825435986237598,1065,226,34,146,23,36,11,110
0.731118227915666,0.756256027908031,1079,212,42,158,18,27,24,131
0.786155332465241,0.80998932669492,1098,193,38,155,21,34,17,121
0.722392824566738,0.75685838294421,1069,222,26,129,16,28,10,101
0.684982785944587,0.716664775689231,1093,198,29,156,8,28,21,128
0.765437483478721,0.786597074119994,1065,226,30,147,17,29,13,118
0.716003112967969,0.733489698665847,1049,242,39,155,16,37,23,118
0.758790243902439,0.780736065897196,1068,223,41,164,23,35,18,129
0.820131938125569,0.828733064597758,1046,245,35,152,22,35,13,117
0.734276288080865,0.765054483995786,1067,224,34,153,16,29,18,124
0.628142983621071,0.652260129037217,1087,204,36,141,13,27,23,114
0.70651728844404,0.715893022849908,1077,214,35,150,14,26,21,124
0.765677458033573,0.782654999451743,1074,217,40,144,20,25,20,119
0.727356103731815,0.751118814568629,1074,217,51,152,21,36,30,116
0.727086263478668,0.749541893610838,1068,223,27,155,13,26,14,129
0.771402969790067,0.810772972205415,1076,215,31,167,15,35,16,132
0.780341463414634,0.802760369202841,1067,224,41,167,21,34,20,133
0.706164231961045,0.746354919892484,1075,216,36,162,15,31,21,131
0.781676061087826,0.845160821158358,1060,231,33,145,24,26,9,119
0.753456221198157,0.782377486708083,1062,229,31,137,18,30,13,107
0.728652058432935,0.749725869418832,1054,237,36,142,15,24,21,118
0.755835331734612,0.783032858232039,1076,215,40,151,17,26,23,125
0.683349712199916,0.701852003639076,1059,232,34,144,14,30,20,114
0.741100410201534,0.796778249939212,1088,203,45,168,23,31,22,137
0.736066337130167,0.754026349571077,1063,228,22,150,10,29,12,121
0.743466136910403,0.761698044260475,1088,203,44,161,19,37,25,124
0.72855245683931,0.749327402829388,1061,230,36,177,16,32,20,145
0.711919927206551,0.73235001458567,1087,204,35,162,15,31,20,131
0.719605503299172,0.723611779558552,1075,216,34,167,11,28,23,139
0.761834068544282,0.769715471955385,1061,230,28,159,10,31,18,128
0.748198324675933,0.770339516516262,1093,198,34,138,16,23,18,115
0.696926591663434,0.736581366593469,1086,205,37,158,17,32,20,126
0.726251137397634,0.782388696333891,1064,227,35,142,18,30,17,112
0.708070269306224,0.746098832176709,1082,209,45,153,20,28,25,125
0.716112420354369,0.724365119102978,1080,211,18,167,7,25,11,142
0.766389995573262,0.797391498022897,1066,225,36,158,20,38,16,120
0.692585931254996,0.706804048075209,1075,216,40,153,13,20,27,133
0.810766994633274,0.831526343322079,1067,224,43,153,26,27,17,126
0.691644532979194,0.720866967913155,1061,230,36,145,15,19,21,126
0.78458388667552,0.816312547422108,1038,253,36,164,22,40,14,124
0.703571847163619,0.735842421908179,1062,229,27,129,13,25,14,104
0.715200732014183,0.73051734467791,1074,217,42,132,15,21,27,111
0.696500649928166,0.727895784134482,1061,230,47,157,19,25,28,132
0.723799722770614,0.736570883515249,1092,199,38,161,13,29,25,132
0.68739512195122,0.715188036089455,1058,233,41,139,19,27,22,112
0.800608676405489,0.816694341237888,1070,221,36,143,21,30,15,113
0.769441514299109,0.785357507511258,1059,232,27,145,13,23,14,122
0.789421885251877,0.82067937699429,1066,225,44,164,22,30,22,134
0.751308485329104,0.783194602978185,1065,226,30,157,15,30,15,127
0.723790967226219,0.750272338057502,1084,207,40,137,19,26,21,111
0.763217335186656,0.785072122474288,1086,205,32,134,16,26,16,108
0.705386008017587,0.723578716523847,1074,217,37,151,14,26,23,125
0.739657915672235,0.763994405807446,1056,235,34,136,15,25,19,111
0.82127578527895,0.828799379308238,1079,212,27,168,16,24,11,144
0.782014388489209,0.811604300084664,1074,217,40,145,21,29,19,116
0.806839309428951,0.82560373278702,1083,208,36,178,23,35,13,143
0.723566308243728,0.741874048161241,1063,228,31,150,11,28,20,122
0.72880208929048,0.752179215102647,1055,236,42,167,18,37,24,130
0.750386715195632,0.768378664812824,1060,231,35,159,16,30,19,129
0.715204390923241,0.735364551569532,1074,217,39,172,19,35,20,137
0.761687147977471,0.779127461816241,1056,235,31,150,18,32,13,118
0.713931634984267,0.734427249126879,1053,238,37,152,19,32,18,120
0.74269584332534,0.755910128236857,1054,237,40,135,19,21,21,114
0.676253658536585,0.699472540633654,1101,190,41,142,17,33,24,109
0.754761612189727,0.786685504992515,1068,223,39,173,20,36,19,137
0.782566058881848,0.816881204043234,1072,219,37,147,23,32,14,115
0.781108897742364,0.806751890135914,1068,223,36,151,19,33,17,118
0.709987037248847,0.727183789212522,1078,213,42,147,14,26,28,121
0.724807366522761,0.747820159890945,1082,209,29,136,14,21,15,115
0.749487967229903,0.792769501741343,1063,228,31,147,15,32,16,115
0.780412877856967,0.803727609544015,1069,222,39,150,19,31,20,119
0.74203821656051,0.753329660329138,1041,250,35,164,19,37,16,127
0.698023546435149,0.711186037185157,1070,221,24,161,12,35,12,126
0.750590008245898,0.778204698931146,1052,239,57,165,28,26,29,139
0.798742524780863,0.81700847401294,1054,237,39,169,19,33,20,136
0.769199272065514,0.788675656654152,1071,220,35,161,17,31,18,130
0.735387711170387,0.769482370056176,1068,223,34,170,19,32,15,138
0.742743730835468,0.778749915139348,1069,222,38,141,17,19,21,122
0.683234758871701,0.697482255219169,1067,224,35,131,13,17,22,114
0.739192009540847,0.773300597896006,1065,226,43,164,24,27,19,137
0.762345333929636,0.787627070806754,1082,209,43,159,23,34,20,125
0.727777777777778,0.75652566953619,1088,203,36,133,15,18,21,115
0.710298608754666,0.719022116334934,1087,204,28,145,11,25,17,120
0.774264120922832,0.779033335369814,1062,229,34,145,16,23,18,122
0.785963771257889,0.807699094156419,1065,226,33,158,18,33,15,125
0.70203542162305,0.71910302445049,1073,218,30,134,10,20,20,114
0.675484101314739,0.697476284702156,1063,228,38,144,14,34,24,110
0.714429158760278,0.74409800727719,1055,236,51,139,23,26,28,113
0.720848909984458,0.755348639691839,1066,225,38,151,19,30,19,121
0.735770991725123,0.761031101984696,1080,211,38,161,17,38,21,123
0.732945993802567,0.750893163489265,1095,196,36,144,16,29,20,115
0.756344171292625,0.792386012632354,1057,234,30,147,16,24,14,123
0.712261407949648,0.742451699649377,1055,236,47,150,22,30,25,120
0.723819151429911,0.731414880931568,1094,197,27,132,9,21,18,111
0.75805171530978,0.778119876910213,1056,235,31,150,15,34,16,116
0.681512195121951,0.723627096180383,1049,242,41,164,20,32,21,132
0.766539253160835,0.780436719073193,1063,228,38,127,14,25,24,102
0.712569499602859,0.73010018377391,1086,205,32,143,13,27,19,116
0.730719956315369,0.746314804411849,1062,229,38,162,21,24,17,138
0.781153165117308,0.802750230715148,1064,227,36,160,21,31,15,129
0.778391828182294,0.809234707320393,1057,234,46,155,27,36,19,119
0.777080023828435,0.79091990732805,1072,219,32,148,17,33,15,115
0.754222425559495,0.776661756701355,1053,238,42,155,22,36,20,119
0.697541633624108,0.709249772975922,1081,210,30,144,10,17,20,127
0.78756627440838,0.818659742199378,1059,232,37,181,20,47,17,134
0.735111464968153,0.742653401498035,1041,250,35,141,18,30,17,111
0.684294535220733,0.709559803043662,1074,217,38,156,15,28,23,128
0.635831350779804,0.645939688699869,1081,210,30,161,9,27,21,134
0.689838129496403,0.723943387283318,1061,230,40,168,18,35,22,133
0.722069663246134,0.74537562481118,1065,226,33,150,15,18,18,132
0.735042458726669,0.767825451702315,1057,234,37,156,17,35,20,121
0.72367106314948,0.766643685638635,1073,218,40,149,20,29,20,120
0.798742524780864,0.82563721950806,1081,210,39,155,23,35,16,120
0.686540248100989,0.694023160729181,1099,192,29,154,10,23,19,131
0.696490525753936,0.71544499040238,1049,242,42,164,18,30,24,134
0.715077916608171,0.73404391432798,1047,244,34,162,15,32,19,130
0.760205475709055,0.772658688205444,1063,228,29,151,16,32,13,119
0.733957219251337,0.759962007652637,1071,220,33,163,18,41,15,122
0.732204515272244,0.740174237754935,1083,208,36,161,15,27,21,134
0.714842895676897,0.743925954992739,1077,214,44,163,20,34,24,129
0.766687177684013,0.785816881452213,1078,213,27,154,13,30,14,124
0.656561641855759,0.677657016971651,1058,233,33,159,12,29,21,130
0.781320624043158,0.800953905605168,1070,221,44,157,24,37,20,120
0.657664813343924,0.672543419493222,1055,236,32,151,11,33,21,118
0.697551778785726,0.703654055979331,1091,200,29,144,14,24,15,120
0.76765587529976,0.778733356197018,1053,238,40,167,21,22,19,145
0.676103621464446,0.713656351691362,1066,225,30,144,13,24,17,120
0.725739308462238,0.766833768245406,1048,243,35,159,19,37,16,122
0.623814634146341,0.645635845465594,1072,219,41,149,11,22,30,127
0.730446927374302,0.75186092443331,1067,224,38,166,19,31,19,135
0.768777200617717,0.779649869401187,1065,226,34,158,16,32,18,126
0.82101506740682,0.84019272336781,1088,203,30,147,22,26,8,121
0.744688353048226,0.759959764826801,1052,239,35,153,18,33,17,120
0.742815747402078,0.760079804981231,1065,226,40,151,17,35,23,116
0.778836056622002,0.799862110532883,1058,233,38,135,20,31,18,104
0.79580382521559,0.786909510997707,1080,211,33,135,18,31,15,104
0.741564116283218,0.743271345332984,1057,234,45,156,21,36,24,120
0.723375931842386,0.744760253324135,1060,231,39,161,19,27,20,134
0.716321656050955,0.712465669721516,1052,239,35,169,13,30,22,139
0.6486298649722,0.685949587380594,1073,218,32,159,11,29,21,130
0.765360779105799,0.776775165308788,1044,247,36,161,19,40,17,121
0.759125467299534,0.771981081209662,1084,207,38,162,17,30,21,132
0.705773955773956,0.735380074249898,1073,218,37,165,17,34,20,131
0.784882232462878,0.806301835736369,1091,200,31,154,15,26,16,128
0.730670250486103,0.773057491702981,1068,223,42,146,19,29,23,117
0.73873527905786,0.762438612130023,1043,248,31,153,15,31,16,122
0.770660522273426,0.792524193876658,1083,208,31,132,18,29,13,103
0.7508385509839,0.748155592019279,1075,216,43,155,20,21,23,134
0.765079250373368,0.783361661217686,1070,221,33,169,19,29,14,140
0.72344699973566,0.735698181838346,1067,224,30,148,15,20,15,128
0.6838903907594,0.695495312707768,1070,221,39,159,15,43,24,116
0.831044948692007,0.854299463810287,1061,230,33,152,19,37,14,115
0.733781362007169,0.745613810200291,1086,205,31,161,13,33,18,128
0.7577914266968,0.786894558294664,1058,233,44,156,19,28,25,128
0.736360060203872,0.753463106001214,1054,237,47,158,25,38,22,120
0.699248120300752,0.740820130697623,1076,215,38,153,16,32,22,121
0.748614634146342,0.776820910361323,1066,225,41,144,18,23,23,121
0.747511593711119,0.768172933194342,1071,220,28,135,14,35,14,100
0.802620802620803,0.829732290282874,1068,223,37,146,24,26,13,120
0.721604990128954,0.75476927097162,1073,218,38,149,10,25,28,124
0.740145345549146,0.776782430755508,1049,242,28,143,14,31,14,112
0.762249772520473,0.778610992682548,1077,214,35,149,17,31,18,118
0.74071716357776,0.760043196558734,1094,197,50,163,20,28,30,135
0.754032258064516,0.73726778929845,1069,222,31,164,16,29,15,135
0.80075068243858,0.820391904269527,1045,246,35,141,27,25,8,116
0.729898828541001,0.785814665695287,1075,216,39,172,20,34,19,138
0.811673037341958,0.847092946409947,1070,221,38,153,26,26,12,127
0.766742493175614,0.789167308697806,1098,193,35,148,17,35,18,113
0.763918864908073,0.801472537541812,1085,206,40,150,21,26,19,124
0.727921646746348,0.777733361653067,1083,208,36,177,19,33,17,144
0.726486055433424,0.743859258805292,1072,219,37,166,22,41,15,125
0.75597620953906,0.76141626149951,1054,237,42,176,20,33,22,143
0.736158240018097,0.76003111242696,1073,218,28,149,13,24,15,125
0.710531387001975,0.738720564492448,1063,228,33,159,15,26,18,133
0.717166654516293,0.71359663833753,1045,246,44,156,18,32,26,124
0.770848388495447,0.794171490198656,1045,246,33,155,18,25,15,130
0.744319264935758,0.769808960538197,1041,250,42,172,23,35,19,137
0.775193357597816,0.797171547669264,1055,236,35,148,16,30,19,118
0.726637852593267,0.745790935111308,1077,214,35,149,12,28,23,121
0.683787543577366,0.701679080146098,1104,187,48,145,14,21,34,124
0.734562211981567,0.748756468498958,1069,222,31,161,15,37,16,124
0.780119832751412,0.800026649928126,1082,209,37,151,20,33,17,118
0.75863213811421,0.770574949584839,1066,225,36,143,16,30,20,113
0.753882442569151,0.765856609754146,1074,217,27,138,12,27,15,111
0.756627440837967,0.775978866285802,1065,226,37,163,20,34,17,129
0.704810546533962,0.765323551796958,1055,236,46,144,26,22,20,122
0.717679413305395,0.755429763204592,1051,240,46,147,24,33,22,114
0.698251438689686,0.709518575761635,1076,215,36,141,12,26,24,115
0.779857256145916,0.798336962564686,1061,230,30,154,15,30,15,124
0.77971257563799,0.775937442015905,1071,220,24,131,13,19,11,112
0.77238398544131,0.777205849168483,1073,218,35,161,17,26,18,135
0.81516513969008,0.826110411635024,1071,220,28,151,16,36,12,115
0.72072896412368,0.752376763958007,1065,226,42,145,18,32,24,113
0.690965853658537,0.707701439142647,1076,215,41,160,17,37,24,123
0.728996939523255,0.747798821595176,1065,226,37,169,19,36,18,133
0.761724362044195,0.802949715221888,1050,241,47,151,25,32,22,119
0.760513172442716,0.783838738302355,1073,218,42,150,22,25,20,125
0.811459159397304,0.821849515029547,1076,215,30,165,18,29,12,136
0.682897887176041,0.704485834081294,1057,234,38,151,15,28,23,123
0.682632930761244,0.695667544077274,1080,211,29,150,10,27,19,123
0.807693292370712,0.830186744439033,1077,214,31,128,16,28,15,100
0.711254034783446,0.743694753082922,1058,233,33,154,17,28,16,126
0.697167257615616,0.733370605083073,1081,210,42,165,18,32,24,133
0.734536338363781,0.739154401981674,1070,221,32,148,13,27,19,121
0.75279552715655,0.769955018806217,1086,205,39,158,14,30,25,128
0.749385749385749,0.771481007349437,1072,219,33,157,18,28,15,129
0.72168458781362,0.736136787589493,1083,208,31,147,14,25,17,122
0.712758737699355,0.726112697109259,1057,234,28,151,12,36,16,115
0.731414922656961,0.749258627663035,1048,243,35,147,19,24,16,123
0.705799026117751,0.708801149452905,1082,209,36,139,12,33,24,106
0.788021243115657,0.788455626695346,1099,192,20,149,11,27,9,122
0.708173701854006,0.723402050210938,1075,216,47,152,16,29,31,123
0.794430794430795,0.802681974888733,1052,239,33,151,21,27,12,124
0.738686645213194,0.781086093761498,1077,214,48,137,23,34,25,103
0.782066052227342,0.795832016709305,1071,220,31,156,17,27,14,129
0.715878980584863,0.729484973238992,1069,222,33,160,12,32,21,128
0.754293935369633,0.789827052606349,1059,232,36,143,21,22,15,121
0.760506266896043,0.789046576035511,1088,203,39,147,19,25,20,122
0.760312093081867,0.778358844082017,1059,232,38,144,22,24,16,120
0.764822134387352,0.805702767921654,1093,198,26,160,14,34,12,126
0.760908955520254,0.780475331220513,1064,227,32,147,17,30,15,117
0.825070323488045,0.835019890676436,1084,207,27,158,17,17,10,141
0.741685623293904,0.75223295401944,1066,225,35,127,17,26,18,101
0.762030375699441,0.796462068600586,1068,223,40,129,23,34,17,95
0.657893685051958,0.67441172252091,1056,235,40,130,13,22,27,108
0.794820717131474,0.840976746108528,1077,214,36,151,24,30,12,121
0.798575258141382,0.814863504242568,1067,224,32,161,16,36,16,125
0.743249225320939,0.772116406208619,1042,249,36,167,20,37,16,130
0.79142215173143,0.80426279222655,1091,200,30,155,15,30,15,125
0.70087929656275,0.727789183794897,1066,225,40,150,19,23,21,127
0.799700037495313,0.808388218044609,1066,225,21,145,13,28,8,117
0.761650679456435,0.787693501438256,1071,220,40,154,19,27,21,127
0.76207219878106,0.757159583037362,1073,218,27,139,11,25,16,114
0.759713375796178,0.774985989507644,1063,228,35,153,19,22,16,131
0.697596172175836,0.718169697844287,1061,230,42,150,15,28,27,122
0.777699270910134,0.807979397557971,1051,240,39,142,25,31,14,111
0.719612660789131,0.737737712730572,1071,220,33,153,12,35,21,118
0.75424655536925,0.77176630098396,1068,223,44,169,20,33,24,136
0.806226309139407,0.827831561675432,1049,242,34,146,21,40,13,106
0.75030500590949,0.755467346260161,1065,226,42,140,19,33,23,107
0.632762412841031,0.688452378066549,1093,198,34,127,12,23,22,104
0.801384451544196,0.818668229862304,1078,213,39,161,20,27,19,134
0.790772972339428,0.821731165058874,1075,216,27,177,13,25,14,152
0.76643524207422,0.778878192099763,1073,218,39,135,20,30,19,105
0.682108626198083,0.710781883538665,1068,223,39,142,15,23,24,119
0.772947064811673,0.79095512080584,1062,229,28,144,15,32,13,112
0.747455039022735,0.763313037633407,1058,233,28,155,15,28,13,127
0.693726022673391,0.7048956419004,1055,236,37,154,16,30,21,124
0.715265354800238,0.728382084340311,1040,251,43,146,22,24,21,122
0.754823151125402,0.773620693050628,1067,224,47,149,28,32,19,117
0.737341143764893,0.762103462712491,1043,248,32,137,16,31,16,106
0.656450709082288,0.697923398052522,1074,217,37,156,14,38,23,118
0.742060964513194,0.784795743201074,1070,221,35,149,15,34,20,115
0.718470659775008,0.749693409677767,1085,206,26,137,13,16,13,121
0.75635805277525,0.797333747444551,1074,217,35,118,18,25,17,93
0.747964031218188,0.770418309295002,1050,241,28,163,16,35,12,128
0.691292113893858,0.71124766661263,1067,224,43,147,14,31,29,116
0.74697185223501,0.770064550164399,1054,237,37,150,20,33,17,117
0.715093266606005,0.729885499383201,1084,207,35,140,14,29,21,111
0.751273885350318,0.772130371532908,1087,204,35,153,17,33,18,120
0.712693606036537,0.734876031543292,1060,231,32,157,13,30,19,127
0.782961977061356,0.802573979292414,1048,243,49,152,26,35,23,117
0.764972853749576,0.793170136541755,1053,238,28,153,17,25,11,128
0.767367168913561,0.776506355585768,1053,238,30,150,16,42,14,108
0.729663330300273,0.744253352628457,1063,228,35,161,13,25,22,136
0.737889115695852,0.756630818202226,1078,213,44,147,22,27,22,120
0.729356514788169,0.761523079589452,1040,251,40,156,20,23,20,133
0.700933595395199,0.727693409467194,1079,212,34,158,13,27,21,131
0.678298453139217,0.69218818921799,1069,222,35,173,10,40,25,133
0.781003491529807,0.792701725326589,1047,244,37,161,17,35,20,126
0.768691324510802,0.779224369332568,1053,238,28,153,13,31,15,122
0.731838229933659,0.765007562675666,1074,217,44,170,19,28,25,142
0.7450864422202,0.741849675815108,1074,217,35,142,16,29,19,113
0.733702272440879,0.755335845951915,1046,245,38,153,20,29,18,124
0.790025022747953,0.828258244439712,1074,217,35,155,20,24,15,131
0.790691409112462,0.815556920652578,1051,240,37,149,25,29,12,120
0.740914804087655,0.762522454834625,1073,218,29,144,14,21,15,123
0.778648657530645,0.80529773748152,1089,202,49,167,24,29,25,138
0.753402360650229,0.774397685688574,1054,237,38,159,20,33,18,126
0.718192128365607,0.757495430058929,1061,230,38,143,18,26,20,117
0.788066535052716,0.79873880963604,1058,233,38,152,20,24,18,128
0.716688800354139,0.754162779253107,1075,216,36,142,15,22,21,120
0.694129554655871,0.734559750903528,1069,222,56,151,24,28,32,123
0.74812030075188,0.78477322317748,1053,238,56,168,25,33,31,135
0.665560906010344,0.685679704291005,1055,236,45,164,17,40,28,124
0.722981614708234,0.739303562712311,1064,227,40,140,18,26,22,114
0.695028884159319,0.699902824291881,1075,216,26,147,8,22,18,125
0.677615827277692,0.688176228870308,1078,213,38,162,15,28,23,134
0.690474519163274,0.701002224626547,1056,235,34,173,11,42,23,131
0.683590960641828,0.708646048378499,1053,238,38,149,14,33,24,116
0.770887804878049,0.76823163279883,1061,230,41,148,24,30,17,118
0.695706058175986,0.720214713779221,1076,215,44,159,19,26,25,133
0.765831712989439,0.784051010023252,1040,251,42,161,25,35,17,126
0.677809372156506,0.683476290612025,1063,228,35,137,9,24,26,113
0.759136515658255,0.770341865792823,1081,210,26,162,12,27,14,135
0.775704045058884,0.800352007536023,1069,222,31,145,18,25,13,120
0.741908260524226,0.785926436555014,1085,206,32,161,15,32,17,129
0.757938841517201,0.780666913575284,1063,228,38,181,19,40,19,141
0.764008484899399,0.7829249623773,1062,229,38,155,20,32,18,123
0.757171314741036,0.784938781637137,1039,252,36,155,21,42,15,113
0.779531707317073,0.800339890936606,1072,219,41,154,22,31,19,123
0.68589626933576,0.707362223311396,1062,229,35,151,15,26,20,125
0.677593266606005,0.71211356723222,1077,214,35,158,10,36,25,122
0.711613880063543,0.730245843585281,1081,210,32,140,9,20,23,120
0.778293192430573,0.802774958427536,1066,225,39,173,22,35,17,138
0.778443034628602,0.810386185221407,1076,215,30,156,19,41,11,115
0.724740207833733,0.744900503595999,1043,248,40,165,22,30,18,135
0.776988409272582,0.783772411653865,1063,228,40,147,22,27,18,120
0.719721115537849,0.73737290314808,1081,210,36,139,14,22,22,117
0.795840787119857,0.818990362798356,1078,213,43,143,23,25,20,118
0.732829348335677,0.765342974732133,1078,213,27,145,13,37,14,108
0.778729686624423,0.784845061337002,1059,232,37,157,18,39,19,118
0.735148295706065,0.756433948738999,1077,214,36,134,16,26,20,108
0.728390166534496,0.77536867427314,1075,216,30,146,13,30,17,116
0.776575609756097,0.789722389833778,1073,218,41,158,21,22,20,136
0.731658692185008,0.752626809734835,1044,247,37,166,18,41,19,125
0.774066872545656,0.811324425012901,1064,227,42,154,26,24,16,130
0.771678798908098,0.811036600801009,1065,226,35,134,19,25,16,109
0.712909463148317,0.735527056306886,1063,228,35,134,15,24,20,110
0.738940444245677,0.758597648358177,1059,232,43,154,23,36,20,118
0.726344236978801,0.762622855453969,1053,238,34,148,15,32,19,116
0.675463099088503,0.694664309124557,1070,221,38,136,16,22,22,114
0.746856311952159,0.779101243872033,1069,222,39,172,18,30,21,142
0.713732509710328,0.732665835544523,1072,219,34,143,16,17,18,126
0.700724054706355,0.742514376682834,1044,247,48,155,22,38,26,117
0.719038834227788,0.731226194714464,1077,214,43,145,20,24,23,121
0.701505016722408,0.742012620983751,1075,216,26,162,12,35,14,127
0.734507350128422,0.771123822339851,1073,218,29,138,14,24,15,114
0.739464925755248,0.768645262632913,1074,217,31,165,13,32,18,133
0.75543219666931,0.773814845592593,1066,225,30,130,11,23,19,107
0.754342859606017,0.766488592250024,1063,228,37,155,18,36,19,119
0.744373105047262,0.746365484137491,1094,197,45,137,20,32,25,105
0.748284690220174,0.76435243640569,1065,226,31,144,12,29,19,115
0.799272534566652,0.813429970532051,1063,228,33,142,17,27,16,115
0.69219122319301,0.728662400218202,1076,215,32,161,14,25,18,136
0.790702185439027,0.832978650501716,1053,238,37,157,22,38,15,119
0.766385221114405,0.794274693624566,1059,232,54,160,22,25,32,135
0.79456509444633,0.82463213609444,1085,206,28,156,16,33,12,123
0.751669124272958,0.767083948491943,1089,202,39,157,19,24,20,133
0.736980415667466,0.76652517697835,1065,226,40,156,17,37,23,119
0.881548874824191,0.882375351670733,1086,205,27,158,19,27,8,131
0.783320532514081,0.802512182079377,1100,191,31,166,17,30,14,136
0.704187177684013,0.717272742426003,1062,229,27,159,10,33,17,126
0.768288686819038,0.800304819852986,1074,217,39,143,20,42,19,101
0.733934169278997,0.746151418743765,1054,237,44,166,19,27,25,139
0.741858168328757,0.793848613847428,1065,226,33,159,18,36,15,123
0.672718923749007,0.713943113465591,1063,228,32,147,15,32,17,115
0.775516282764099,0.790996078477777,1078,213,32,148,17,29,15,119
0.745723908859502,0.768714693429724,1052,239,52,156,24,39,28,117
0.707828633836378,0.728783716365272,1074,217,32,153,11,27,21,126
0.754730892111084,0.777052467151882,1065,226,39,151,20,32,19,119
0.701027188918527,0.726950295813252,1055,236,34,139,12,26,22,113
0.680940667859273,0.712176386728425,1057,234,43,136,17,27,26,109
0.731592421915003,0.770745997488362,1073,218,31,154,14,31,17,123
0.71666184901479,0.734627831126054,1067,224,33,155,16,28,17,127
0.783928571428572,0.81913524336628,1030,261,35,144,21,34,14,110
0.675077467906153,0.680478768059587,1068,223,36,147,15,29,21,118
0.663783260524226,0.684485827808937,1054,237,32,141,9,24,23,117
0.730209281164695,0.750639685803059,1054,237,35,167,16,32,19,135
0.818575139888089,0.841922020441549,1077,214,40,148,22,32,18,116
0.737022292993631,0.759614426376706,1071,220,35,148,15,29,20,119
0.723862602365787,0.766313311844333,1075,216,35,150,16,18,19,132
0.772776914352921,0.794003956035764,1074,217,38,143,18,40,20,103
0.789031473391581,0.805177911531475,1079,212,32,149,17,29,15,120
0.723750999200639,0.736639486865821,1047,244,40,145,17,35,23,110
0.772452229299363,0.794150995941823,1073,218,35,164,19,30,16,134
0.802025782688766,0.821189651390895,1083,208,24,162,14,32,10,130
0.724860735643483,0.748849963846338,1062,229,39,150,19,32,20,118
0.800517073170732,0.822784834398272,1059,232,41,151,22,35,19,116
0.780289951305888,0.80461484794949,1050,241,36,146,20,31,16,115
0.746414342629482,0.773868649867786,1044,247,36,146,21,29,15,117
0.761175585643671,0.768165393850715,1071,220,22,153,10,34,12,119
0.784703736567091,0.813181087776332,1077,214,49,143,20,29,29,114
0.763329336530775,0.782199087443311,1063,228,40,150,23,33,17,117
0.741212017232834,0.754600799708903,1053,238,42,142,18,32,24,110
0.855892575039495,0.871170716202075,1079,212,25,133,16,26,9,107
0.782182985553772,0.804892390818211,1087,204,45,163,23,32,22,131
0.694928909952607,0.706092793664197,1073,218,25,149,11,29,14,120
0.684272581934453,0.710978556420057,1061,230,40,163,16,29,24,134
0.728641320746584,0.761426999338397,1050,241,37,174,18,39,19,135
0.677035330261137,0.690478610206002,1052,239,31,126,12,27,19,99
0.710796357855181,0.727665219963396,1066,225,33,144,14,22,19,122
0.692486011191047,0.723385242040686,1053,238,40,158,16,21,24,137
0.68785292469503,0.693835280407613,1053,238,37,143,14,29,23,114
0.677751385589865,0.706078990550133,1085,206,28,146,10,22,18,124
0.691677733510403,0.703739799375544,1066,225,36,190,12,37,24,153
0.711808698650804,0.71657559434515,1047,244,37,139,17,34,20,105
0.708846137690595,0.75947338695269,1056,235,38,166,20,32,18,134
0.70119082622758,0.738837476701678,1081,210,38,144,18,20,20,124
0.700151552387974,0.761308654920114,1086,205,39,138,19,26,20,112
0.722439024390244,0.742278756618921,1079,212,41,172,17,30,24,142
0.789056304520222,0.815570787768845,1052,239,30,145,20,39,10,106
0.715314823371277,0.752409606073644,1036,255,38,127,20,27,18,100
0.749563838223632,0.751251470390596,1065,226,30,133,15,17,15,116
0.803481301307388,0.815306820514836,1067,224,26,159,17,40,9,119
0.765690331479805,0.806412891990944,1088,203,37,148,21,30,16,118
0.796095750128008,0.800431894217996,1046,245,31,165,19,26,12,139
0.714054689797119,0.726990859200942,1068,223,38,157,18,37,20,120
0.691076670860498,0.704805687776457,1068,223,42,162,17,26,25,136
0.72208564631245,0.733594206293208,1062,229,30,146,13,29,17,117
0.755652494470386,0.783435398890276,1078,213,39,156,19,34,20,122
0.676228878648233,0.697601997073369,1060,231,31,154,14,28,17,126
0.749748592115849,0.791840834825005,1076,215,48,154,24,29,24,125
0.762288031457361,0.77493092912921,1066,225,39,130,17,23,22,107
0.725627240143369,0.774756697030863,1073,218,31,175,14,34,17,141
0.810291858678955,0.82360144448502,1067,224,31,129,18,28,13,101
0.717223490865766,0.776780286352418,1033,258,32,142,15,26,17,116
0.717767537122376,0.742404288020627,1062,229,31,155,12,24,19,131
0.684634723454599,0.714816634133706,1067,224,49,150,19,26,30,124
0.699231950844854,0.713990759171621,1080,211,31,145,14,24,17,121
0.74093725019984,0.751893373678989,1050,241,40,152,18,30,22,122
0.805884761767115,0.809718884047134,1084,207,33,149,19,30,14,119
0.749250093738283,0.770191764501836,1085,206,21,145,7,27,14,118
0.759274015050907,0.79371672498877,1074,217,36,138,17,26,19,112
0.766282642089094,0.7797742204959,1084,207,31,150,17,34,14,116
0.751516476310181,0.768656979842691,1087,204,29,149,10,24,19,125
0.724604734988122,0.767218330789634,1065,226,39,159,14,33,25,126
0.73848297721187,0.761747464893739,1070,221,29,129,9,21,20,108
0.694395868626701,0.745846348147078,1069,222,29,160,9,26,20,134
0.736835766247531,0.747752998008218,1041,250,33,161,17,34,16,127
0.74498077140595,0.767249004889164,1064,227,28,152,13,32,15,120
0.752531771247022,0.776108120980306,1063,228,32,164,14,32,18,132
0.731512260924026,0.744177094178268,1060,231,33,143,19,28,14,115
0.730834849863512,0.789238028430824,1068,223,35,142,17,33,18,109
0.776928264197711,0.783434470432782,1068,223,44,155,20,27,24,128
0.74951871876792,0.781804830637533,1079,212,39,152,19,26,20,126
0.736292512608302,0.745377351390208,1070,221,37,147,20,33,17,114
0.793774781919112,0.833191815985628,1066,225,30,152,20,25,10,127
0.752966143764893,0.777915460359878,1061,230,32,154,17,28,15,126
0.769024390243902,0.784025746060317,1083,208,41,156,19,25,22,131
0.811521951219512,0.842494757278851,1066,225,41,156,25,37,16,119
0.752008987575998,0.778393128128283,1063,228,30,148,13,21,17,127
0.740762152526858,0.734656273909561,1066,225,33,134,14,26,19,108
0.690792168427951,0.719708926391351,1058,233,39,139,15,34,24,105
0.775929859868813,0.805241372067403,1035,256,43,169,26,37,17,132
0.756784434203789,0.778740408607511,1049,242,31,160,17,34,14,126
0.777894218852519,0.793947129103516,1079,212,44,146,26,38,18,108
0.730877473012139,0.764080966223338,1052,239,38,153,16,34,22,119
0.723758320532514,0.739364547739836,1063,228,31,151,15,30,16,121
0.764413355921088,0.776699484711161,1042,249,29,128,17,21,12,107
0.730013280212483,0.760331392358773,1069,222,36,158,17,36,19,122
0.750327680838863,0.771553425891156,1060,231,39,159,21,27,18,132
0.738927291346646,0.759561164546106,1069,222,31,135,18,29,13,106
0.749745503902274,0.78315984502576,1062,229,28,172,17,46,11,126
0.777725118483412,0.799432907369301,1075,216,25,146,12,23,13,123
0.73191708321082,0.746601386666665,1091,200,38,156,14,28,24,128
0.750343642611684,0.765165952309541,1044,247,30,142,17,24,13,118
0.758556900196836,0.775139621311845,1051,240,44,150,22,33,22,117
0.726159072741806,0.75267339873588,1051,240,40,130,16,21,24,109
0.725818750238286,0.744024632469194,1069,222,42,174,16,41,26,133
0.781938789835743,0.827014485062003,1081,210,34,160,22,30,12,130
0.77469165085389,0.802918597401302,1046,245,51,171,30,40,21,131
0.80520993343574,0.819217316620357,1070,221,31,134,16,29,15,105
0.764644559173948,0.789385246187064,1088,203,32,149,13,25,19,124
0.748860115095175,0.782333695912626,1060,231,36,168,20,26,16,142
0.695393736698085,0.720864331368451,1083,208,26,139,12,23,14,116
0.772682404334859,0.789796910385288,1078,213,38,153,20,25,18,128
0.748851903995709,0.767309186119802,1075,216,48,148,20,36,28,112
0.781801637852593,0.786983579188332,1077,214,35,166,17,30,18,136
0.754048510790084,0.778635328955769,1065,226,45,155,20,28,25,127
0.753737010391687,0.785491597270854,1050,241,40,146,20,32,20,114
0.787533945428682,0.809898299164581,1078,213,37,155,18,30,19,125
0.73598995506212,0.743933119894478,1059,232,30,147,16,34,14,113
0.76466356795042,0.795278840675202,1072,219,36,152,17,29,19,123
0.789807436918991,0.81509628517631,1064,227,36,145,19,33,17,112
0.8350432211101,0.861123202135212,1046,245,35,153,22,34,13,119
0.722277556440903,0.747798882061789,1048,243,36,136,17,32,19,104
0.756303317535545,0.772001580249993,1075,216,25,161,13,31,12,130
0.75560737033667,0.779642944314025,1054,237,35,132,18,32,17,100
0.763648286791628,0.784089316002967,1079,212,29,151,13,38,16,113
0.785525265678162,0.811228356426553,1050,241,38,157,25,39,13,118
0.742903661833374,0.757146844943908,1050,241,39,142,20,25,19,117
0.64234815066169,0.62674671581611,1071,220,28,148,8,27,20,121
0.717341744134573,0.729740840439958,1083,208,36,152,16,27,20,125
0.667883451723231,0.729507999011756,1076,215,24,145,6,21,18,124
0.830811672916936,0.840058647342627,1075,216,37,153,22,32,15,121
0.709368088467615,0.728838717776805,1073,218,25,134,10,18,15,116
0.681817118255417,0.699857330192293,1054,237,34,162,16,33,18,129
0.704265241128298,0.723178504651903,1054,237,35,157,16,34,19,123
0.741664618661424,0.761228404336978,1084,207,39,163,17,23,22,140
0.716125993282543,0.767785251230895,1075,216,39,143,16,32,23,111
0.755292561011467,0.778474460231913,1083,208,38,158,17,36,21,122
0.77471226206286,0.784227667557845,1077,214,36,145,16,24,20,121
0.746762189404594,0.790992765635358,1061,230,27,137,16,31,11,106
0.726801459410155,0.74312875513524,1084,207,26,128,11,27,15,101
0.764749420367398,0.796461856795597,1059,232,45,154,23,40,22,114
0.760214634146341,0.811444401543563,1044,247,41,182,23,45,18,137
0.76153026951749,0.78333838349298,1075,216,39,135,21,34,18,101
0.727401604570084,0.74688349882156,1065,226,38,157,17,41,21,116
0.744968429360695,0.768085484300794,1070,221,24,159,10,28,14,131
0.69558997632202,0.745570591625885,1103,188,24,165,9,22,15,143
0.67878904249872,0.705705801955688,1084,207,31,143,14,29,17,114
0.837222245558029,0.836649750199751,1067,224,38,131,27,24,11,107
0.797808764940239,0.82874247484203,1080,211,36,151,20,30,16,121
0.694799208903191,0.738670610308785,1063,228,48,153,24,32,24,121
0.739572394673836,0.752985917434535,1066,225,38,166,18,29,20,137
0.710872859834521,0.731198098522179,1059,232,39,155,17,38,22,117
0.759417848284899,0.785944353869219,1059,232,34,132,19,27,15,105
0.780898627711377,0.787837044587302,1062,229,36,150,18,31,18,119
0.762224390243902,0.786455063961521,1048,243,41,172,16,40,25,132
0.699152844658463,0.726716813700222,1070,221,45,145,19,27,26,118
0.715443902439024,0.777024172727525,1081,210,41,161,20,33,21,128
0.726673170731707,0.756949016788511,1064,227,41,138,18,26,23,112
0.796572741806555,0.807321076604171,1060,231,40,165,19,41,21,124
0.725033927652207,0.744050713624891,1068,223,34,138,16,41,18,97
0.691760299625468,0.726628008266715,1074,217,45,149,17,26,28,123
0.746844438020909,0.763246625474238,1056,235,33,170,16,32,17,138
0.746997598078463,0.764584742179207,1081,210,42,162,16,35,26,127
0.787409008189263,0.825762025363846,1073,218,35,161,23,27,12,134
0.670270745428973,0.692242479761079,1089,202,27,161,10,34,17,127
0.71162629070691,0.735511784168716,1111,180,32,148,14,23,18,125
0.815767112048758,0.808400516859173,1065,226,27,162,14,26,13,136
0.754028949835912,0.765761232009398,1068,223,27,147,11,20,16,127
0.789192287893678,0.796301812590364,1056,235,34,159,20,43,14,116
0.788326547802892,0.809327885325958,1057,234,34,167,20,31,14,136
0.782931490738018,0.796864711839537,1064,227,38,172,21,30,17,142
0.793284590808552,0.812730651590405,1055,236,39,139,21,31,18,108
0.688415258576549,0.705373372711345,1066,225,31,137,9,21,22,116
0.741683118410552,0.760505354164739,1080,211,38,153,18,26,20,127
0.696185365853659,0.732825316185215,1059,232,41,148,19,30,22,118
0.730452022204599,0.774319441518587,1060,231,30,148,14,20,16,128
0.758506633870006,0.789419309511141,1052,239,43,147,26,35,17,112
0.793205993366121,0.828966137816836,1064,227,42,145,25,32,17,113
0.794062784349408,0.814958450992607,1065,226,35,143,18,28,17,115
0.724905679110405,0.726756508190154,1071,220,32,165,11,37,21,128
0.782038512616202,0.800044235529711,1070,221,36,135,15,28,21,107
0.770252324037185,0.785521652615819,1024,267,36,143,22,27,14,116
0.791861227164741,0.824666500815522,1060,231,39,160,24,39,15,121
0.755113185067514,0.775363117718809,1060,231,32,139,18,30,14,109
0.651422621554589,0.685575106326885,1088,203,34,155,13,32,21,123
0.748273572377158,0.765442953609492,1067,224,36,163,19,35,17,128
0.766681753523859,0.780752922164904,1080,211,37,166,17,30,20,136
0.742722728609232,0.766324758329803,1091,200,38,156,18,19,20,137
0.774988626023658,0.789049849112556,1062,229,35,161,20,35,15,126
0.738739095955591,0.743668839793847,1062,229,30,158,13,35,17,123
0.707337083919362,0.703825852639907,1078,213,27,164,8,31,19,133
0.77818460025138,0.826355481324789,1062,229,29,146,15,26,14,120
0.728455123113582,0.777678447339705,1085,206,32,154,15,25,17,129
0.777050867391944,0.813515258872801,1076,215,38,142,21,24,17,118
0.74515060947023,0.772649377667483,1074,217,27,162,12,28,15,134
0.665860215053763,0.667968563530184,1089,202,31,142,8,22,23,120
0.745424911357658,0.77591947547159,1081,210,42,141,23,41,19,100
0.766266224219767,0.765868849835019,1070,221,38,153,18,29,20,124
0.757534278627919,0.790604231698678,1056,235,34,132,14,29,20,103
0.733333333333334,0.751671561880507,1067,224,36,162,16,24,20,138
0.722757446441657,0.766636785499359,1049,242,37,174,18,40,19,134
0.712771137671536,0.7542921597958,1068,223,36,148,16,30,20,118
0.752226235981014,0.774215775938412,1050,241,38,151,18,29,20,122
0.713611993645751,0.733102584093886,1063,228,32,149,14,38,18,111
0.709486705590793,0.738555264908965,1077,214,38,158,13,25,25,133
0.718570168437854,0.752637801646775,1077,214,38,150,14,22,24,128
0.787625861155273,0.815698495244456,1062,229,33,162,21,30,12,132
0.768988284352661,0.782694641258848,1059,232,32,165,13,37,19,128
0.700946667785329,0.740231728874982,1055,236,58,141,29,30,29,111
0.710701438848921,0.707576137597114,1078,213,40,153,12,25,28,128
0.750382736750018,0.781277771975578,1069,222,44,142,25,21,19,121
0.766385031128138,0.773490647974663,1054,237,47,155,24,30,23,125
0.718037415405837,0.739996998699251,1057,234,37,139,17,29,20,110
0.732033245644134,0.754792221362785,1064,227,42,151,19,30,23,121
0.724284189256167,0.759438818521592,1064,227,42,162,17,34,25,128
0.742071881606765,0.761140205330574,1065,226,44,150,22,27,22,123
0.774959903769046,0.800523472757122,1076,215,44,155,22,23,22,132
0.651408090117768,0.664102763943204,1069,222,31,141,10,22,21,119
0.771126604692342,0.788323477141259,1052,239,36,138,20,29,16,109
0.721708339355398,0.738390495584432,1086,205,33,173,14,31,19,142
0.717857142857143,0.745869941172262,1069,222,35,154,15,22,20,132
0.797902842631277,0.815117327426511,1077,214,39,164,23,42,16,122
0.769462875197472,0.786494999526463,1068,223,25,162,11,27,14,135
0.674579162875341,0.697530106950297,1065,226,35,153,15,35,20,118
0.679096722621902,0.700607125666921,1050,241,40,151,19,24,21,127
0.729277538820442,0.745317271474254,1057,234,44,151,19,27,25,124
0.662762745974955,0.686619831968933,1076,215,43,145,17,27,26,118
0.754563090879283,0.767243114280949,1098,193,29,175,10,24,19,151
0.777316086139616,0.801766219835134,1058,233,33,134,17,27,16,107
0.711620031470206,0.733457529301524,1075,216,47,160,21,30,26,130
0.768823997379381,0.813960357649644,1060,231,34,149,21,35,13,114
0.755623546456213,0.776258667751545,1048,243,42,149,24,27,18,122
0.760668789808917,0.778931885858451,1058,233,35,157,15,27,20,130
0.687102859412232,0.700847135907027,1090,201,32,142,11,32,21,110
0.720134980053555,0.732709982508694,1078,213,29,158,12,31,17,127
0.741950084055347,0.75258130748772,1050,241,37,137,16,29,21,108
0.755328160008744,0.797311772375655,1093,198,29,158,13,19,16,139
0.760105024810907,0.783018409967428,1073,218,33,157,14,25,19,132
0.745826932923707,0.757949570135349,1089,202,31,136,13,21,18,115
0.712836936215639,0.743071916527712,1072,219,42,167,14,31,28,136
0.784606020362992,0.803613718731983,1053,238,36,162,23,32,13,130
0.742079648088352,0.758544431591057,1067,224,34,161,19,31,15,130
0.691593973037272,0.715692634337687,1060,231,30,157,14,34,16,123
0.729537023654671,0.755239145406604,1054,237,33,163,17,33,16,130
0.645874702144559,0.687647159645732,1041,250,32,155,10,32,22,123
0.725843569969824,0.740941683562632,1072,219,53,156,22,34,31,122
0.692771743092513,0.734156489687556,1065,226,44,147,18,32,26,115
0.720524722001588,0.735291428959421,1057,234,32,149,14,27,18,122
0.716606714628297,0.740504688875732,1080,211,40,170,18,28,22,142
0.71980536686419,0.757099306689368,1077,214,33,156,14,30,19,126
0.786339854413103,0.805050385232219,1075,216,35,155,16,31,19,124
0.74754273953039,0.758875222870902,1062,229,38,134,19,25,19,109
0.736215093720968,0.735215885730667,1055,236,29,139,12,26,17,113
0.72292986766671,0.729625327819853,1067,224,37,158,16,41,21,117
0.824863119472133,0.818212735635902,1053,238,34,134,22,20,12,114
0.763986795075457,0.778335908211254,1087,204,32,146,13,22,19,124
0.731778889899909,0.75752376628157,1061,230,35,146,17,23,18,123
0.701872925557136,0.711800885736481,1076,215,37,130,14,26,23,104
0.814760364598648,0.8232904729272,1055,236,38,144,27,33,11,111
0.768525602491939,0.779615593035195,1060,231,29,178,15,37,14,141
0.715659583886675,0.738457327497353,1064,227,36,158,16,25,20,133
0.841307178560927,0.858564312152655,1066,225,38,155,24,35,14,120
0.722830194879884,0.738884443221605,1087,204,49,127,20,26,29,101
0.70370059226278,0.760166950585972,1090,201,38,138,16,24,22,114
0.710107317073171,0.733291576176083,1034,257,41,167,19,36,22,131
0.837929408260524,0.850378714434236,1066,225,32,150,22,42,10,108
0.685375494071146,0.706733005759987,1042,249,26,138,10,31,16,107
0.72110069007587,0.739767699307053,1060,231,42,162,21,36,21,126
0.808124080986314,0.825721098594448,1052,239,28,138,17,26,11,112
0.709817893903405,0.717499552528344,1056,235,28,150,10,32,18,118
0.738385527515962,0.764651689642513,1069,222,26,165,14,27,12,138
0.709121929026388,0.743230831116662,1066,225,35,152,19,34,16,118
0.735446762974853,0.77689814038783,1069,222,45,162,19,34,26,128
0.753036851683349,0.781951238607542,1052,239,35,157,18,42,17,115
0.725235633931286,0.74100511814132,1060,231,26,141,12,32,14,109
0.757813749000799,0.777018828661448,1049,242,40,142,20,27,20,115
0.74335183716627,0.756713187031126,1081,210,30,155,16,20,14,135
0.687594292857451,0.724242610179987,1090,201,37,170,17,32,20,138
0.744043511124256,0.775895639627528,1041,250,49,145,23,30,26,115
0.744435612082671,0.787069304961065,1065,226,33,141,16,29,17,112
0.741670393559928,0.764421547178701,1073,218,43,151,21,31,22,120
0.733173461231015,0.776407952400432,1076,215,40,181,20,32,20,149
0.776210918793186,0.78995159974816,1065,226,47,168,24,39,23,129
0.671651507044766,0.692318171430826,1079,212,45,156,13,31,32,125
0.734762274235958,0.764044565691692,1067,224,37,160,15,32,22,128
0.830181058920352,0.841527590556152,1054,237,53,142,34,20,19,122
0.816844858962693,0.825368159356408,1082,209,35,155,21,29,14,126
0.707525001366195,0.724008819673044,1072,219,29,155,13,26,16,129
0.739366160293347,0.76842851954458,1039,252,46,135,23,26,23,109
0.754321951219512,0.777211643844806,1069,222,41,161,21,32,20,129
0.739388834292667,0.776378079057918,1070,221,34,137,16,24,18,113
0.762335911861228,0.764273737055177,1058,233,27,153,15,27,12,126
0.708894449499545,0.729147504953703,1070,221,35,156,14,33,21,123
0.771434146341464,0.803423481653741,1102,189,41,158,20,23,21,135
0.712800819252432,0.73118260391837,1074,217,31,136,12,31,19,105
0.671768481629039,0.69022961672827,1063,228,36,165,12,26,24,139
0.779330649970185,0.792976103068693,1069,222,43,171,25,32,18,139
0.692806551571492,0.708165863249153,1086,205,36,165,12,26,24,139
0.684285081894644,0.724498216393669,1064,227,36,164,16,30,20,134
0.721809207831572,0.752393107445767,1053,238,39,164,19,28,20,136
0.808585365853659,0.838205491341154,1072,219,41,138,22,33,19,105
0.776540946394273,0.78715426947328,1057,234,46,155,26,32,20,123
0.732860709827002,0.753107978835069,1082,209,45,153,20,34,25,119
0.804085357293275,0.787637700925249,1072,219,34,155,17,23,17,132
0.73429614873838,0.759842630679824,1056,235,36,180,16,34,20,146
0.691239024390244,0.716970563104928,1077,214,41,139,16,28,25,111
0.792766100178891,0.812903453086688,1063,228,43,160,19,34,24,126
0.841800356506239,0.876099212671856,1066,225,33,139,24,33,9,106
0.724217469213466,0.745018527326215,1055,236,42,152,17,35,25,117
0.749385365853658,0.78584349593015,1057,234,41,170,21,42,20,128
0.755314785090066,0.795746456946674,1046,245,45,170,26,37,19,133
0.764196983141082,0.797179552934679,1062,229,49,147,27,27,22,120
0.775944040036397,0.808528885862168,1070,221,35,160,22,30,13,130
0.671512789768186,0.675025034880062,1063,228,40,171,15,44,25,127
0.761782824232704,0.772271074738729,1051,240,44,161,23,33,21,128
0.737129260734839,0.751039522272846,1074,217,36,148,19,32,17,116
0.762992831541219,0.786764409571725,1059,232,31,157,17,24,14,133
0.69179512195122,0.730322688782115,1057,234,41,170,21,38,20,132
0.724599423437919,0.750466309554026,1052,239,48,153,22,27,26,126
0.718263718263718,0.72950709812825,1077,214,33,145,18,26,15,119
0.734504015382875,0.757997781143645,1054,237,28,143,16,34,12,109
0.696690423527484,0.717030321672707,1063,228,39,162,16,34,23,128
0.694751664106503,0.736629752122058,1066,225,31,147,16,30,15,117
0.710138368033105,0.733210564385309,1075,216,37,158,18,25,19,133
0.738616687725209,0.734626749648334,1052,239,34,156,15,32,19,124
0.76180832226649,0.804264196947347,1058,233,36,154,21,33,15,121
0.766899233672653,0.781884235713024,1072,219,42,173,23,39,19,134
0.679723502304147,0.71234327498968,1075,216,31,157,13,28,18,129
0.762029659141213,0.793395824971375,1054,237,36,137,22,27,14,110
0.755822438431134,0.746899682134838,1078,213,26,139,14,26,12,113
0.764448780487805,0.793995313923866,1062,229,41,134,20,24,21,110
0.684508969291578,0.700751794284305,1031,260,26,155,10,33,16,122
0.748661129023444,0.771479805041708,1051,240,29,142,15,38,14,104
0.758337883815685,0.814461637129249,1028,263,38,162,23,35,15,127
0.769757744241461,0.796755819464372,1071,220,32,153,19,21,13,132
0.677069769395556,0.699690036211431,1072,219,38,156,16,32,22,124
0.705063414634146,0.741334912515343,1053,238,41,156,20,34,21,122
0.754567051691652,0.763859217672373,1041,250,39,141,21,32,18,109
0.753239024390244,0.798807985123793,1075,216,41,138,21,25,20,113
0.756335212217565,0.775557089934963,1060,231,33,174,18,30,15,144
0.780797816364115,0.796771592336085,1088,203,24,148,15,25,9,123
0.763577939261562,0.750640430356191,1070,221,38,151,14,30,24,121
0.68917700420788,0.705480959022939,1084,207,29,149,13,32,16,117
0.705077004997133,0.707546853805223,1064,227,39,153,16,31,23,122
0.703165035493762,0.713824103498423,1070,221,38,146,14,22,24,124
0.723501333707708,0.736601068889116,1072,219,34,161,16,32,18,129
0.780146637175391,0.793653311981586,1068,223,39,168,20,29,19,139
0.731573705179283,0.770857011573418,1068,223,36,163,19,31,17,132
0.799487575459778,0.816617678696971,1056,235,34,140,22,32,12,108
0.776112593008564,0.792224189471509,1073,218,34,160,21,27,13,133
0.779540047581285,0.79933172281373,1035,256,30,155,16,35,14,120
0.729915433403805,0.775014137543257,1078,213,44,152,20,31,24,121
0.725442019559667,0.749344422615685,1081,210,33,153,15,34,18,119
0.725889444281094,0.738767994833857,1049,242,38,171,20,45,18,126
0.69832215912978,0.718770321684296,1074,217,47,163,23,29,24,134
0.721717047595642,0.757473288702237,1075,216,39,150,15,26,24,124
0.817242142540947,0.82340729092748,1055,236,36,132,23,27,13,105
0.713429641519529,0.725927494378498,1060,231,45,147,17,32,28,115
0.768450455748309,0.793572679689354,1068,223,38,150,20,24,18,126
0.762752117553465,0.778611641588239,1083,208,34,145,16,31,18,114
0.750983042516589,0.786314380895807,1057,234,39,155,20,28,19,127
0.773123451085815,0.795962571952264,1072,219,38,138,19,24,19,114
0.77888689048761,0.790373335197721,1055,236,40,148,25,26,15,122
0.798568227772009,0.800236754858696,1055,236,29,137,16,26,13,111
0.687108676207513,0.691740818119564,1048,243,43,168,17,31,26,137
0.759014634146342,0.77953859921209,1053,238,41,148,21,36,20,112
0.760622204682978,0.776730700401026,1063,228,24,157,14,32,10,125
0.77153607791058,0.791628359078578,1060,231,36,170,21,30,15,140
0.674306106264869,0.708795177076232,1065,226,30,146,12,30,18,116
0.719651912005795,0.76357335529918,1045,246,42,174,21,36,21,138
0.71613000560369,0.733584075526461,1072,219,37,139,16,24,21,115
0.721184945604234,0.747121903322824,1055,236,38,163,18,33,20,130
0.746280709736124,0.755269270218277,1062,229,35,146,15,26,20,120
0.724430312665607,0.761381072243092,1071,220,33,162,15,33,18,129
0.686903112925567,0.700551875550797,1050,241,44,152,14,32,30,120
0.78103719224725,0.791397233005062,1061,230,46,183,24,39,22,144
0.712646307522208,0.737851134417964,1056,235,42,148,20,29,22,119
0.804003462960363,0.822711828914732,1081,210,34,154,18,29,16,125
0.72538314993318,0.744797166192257,1034,257,57,173,29,39,28,134
0.750615302300696,0.781362922653211,1079,212,45,156,22,31,23,125
0.720222122838402,0.742386542664921,1064,227,43,149,20,36,23,113
0.766612850390753,0.782211385216775,1069,222,34,148,17,21,17,127
0.779829196362743,0.803900270896951,1089,202,39,160,20,30,19,130
0.755560584507953,0.768448761162938,1064,227,37,148,17,29,20,119
0.723101518784972,0.750074854481882,1045,246,40,140,19,25,21,115
0.740601034421259,0.764697001640688,1065,226,45,146,25,31,20,115
0.753326252236136,0.766048869611078,1060,231,43,144,20,30,23,114
0.790723738092159,0.811988408302157,1065,226,37,145,25,32,12,113
0.800174576490366,0.811693982969343,1081,210,37,123,21,21,16,102
0.820261649209018,0.82863894313118,1059,232,37,153,27,38,10,115
0.724809756097561,0.749945765776295,1077,214,41,144,19,19,22,125
0.740419845683003,0.764775115979886,1055,236,37,167,19,40,18,127
0.785064763415279,0.823105704420097,1082,209,30,151,16,26,14,125
0.703839261885699,0.721465329777813,1077,214,42,154,18,29,24,125
0.798409756097561,0.805609996559681,1068,223,41,157,26,41,15,116
0.752947641886491,0.769086317559983,1042,249,40,155,23,29,17,126
0.77152728189188,0.783438198360608,1076,215,38,139,19,34,19,105
0.814373374052709,0.834048704428304,1066,225,28,128,16,21,12,107
0.722310756972112,0.735980183252654,1046,245,36,171,20,26,16,145
0.825682062801254,0.842672689812575,1056,235,34,137,24,25,10,112
0.728452855245684,0.751977839243014,1046,245,36,169,20,41,16,128
0.825717335186656,0.847668968875649,1067,224,32,148,19,26,13,122
0.725034121929026,0.734036222385248,1068,223,35,143,14,32,21,111
0.760407188353048,0.788058772975173,1076,215,35,146,20,28,15,118
0.719805600142679,0.754917062892931,1069,222,45,140,22,33,23,107
0.744719585191963,0.765141836544881,1049,242,42,150,22,31,20,119
0.75796812749004,0.789667369583818,1057,234,36,134,19,26,17,108
0.698745846787402,0.726211383679089,1075,216,34,152,15,33,19,119
0.706005195843325,0.722409517014083,1061,230,40,154,13,28,27,126
0.665506232897537,0.733375297879017,1058,233,26,152,13,28,13,124
0.741971636708479,0.765796643999025,1077,214,37,155,18,37,19,118
0.72240207833733,0.747505840989758,1072,219,40,154,17,32,23,122
0.741998671978752,0.761242037377833,1083,208,36,171,13,35,23,136
0.694290834613415,0.713587350828038,1076,215,31,158,12,22,19,136
0.741492682926829,0.786532916174583,1061,230,41,147,21,29,20,118
0.708508661675501,0.738829779721348,1055,236,29,164,13,30,16,134
0.733453658536586,0.760108751223439,1080,211,41,158,17,28,24,130
0.778303432456787,0.801047971931028,1074,217,39,146,17,34,22,112
0.82819512195122,0.857803858476598,1075,216,41,166,27,30,14,136
0.743718784551451,0.758666874505703,1074,217,42,174,19,33,23,141
0.724295954941116,0.74009829126532,1064,227,31,151,11,19,20,132
0.72024567788899,0.744700493311009,1079,212,35,130,13,23,22,107
0.765681456857927,0.763808835759246,1069,222,33,155,19,24,14,131
0.787724256574097,0.788798072100087,1080,211,39,159,20,33,19,126
0.651267296004138,0.6755923103382,1061,230,37,139,13,27,24,112
0.800193999672113,0.819666919516115,1098,193,29,138,17,22,12,116
0.76662787189103,0.809934319779995,1076,215,37,152,20,26,17,126
0.764656969817315,0.786666770842605,1091,200,32,143,15,26,17,117
0.766940528196982,0.778875029602584,1066,225,32,163,18,22,14,141
0.774053821577783,0.797065817554187,1048,243,39,166,19,30,20,136
0.78068835768039,0.800780097824295,1060,231,36,161,20,39,16,122
0.714437947428821,0.715875650298023,1048,243,29,144,10,35,19,109
0.756131592421915,0.775310273515804,1048,243,31,147,18,27,13,120
0.773834146341463,0.808294078967106,1080,211,41,171,23,28,18,143
0.742383827039169,0.765882870883517,1067,224,34,138,16,28,18,110
0.806446398551662,0.807075827050463,1036,255,37,153,22,26,15,127
0.753264074126071,0.772414151762628,1072,219,34,147,17,25,17,122
0.742708452476267,0.767544976746902,1100,191,42,156,19,33,23,123
0.693836214422909,0.70743994048818,1060,231,46,138,21,32,25,106
0.789697451462157,0.793277915314459,1072,219,33,149,17,30,16,119
0.783709606020363,0.813281771147486,1045,246,36,179,17,38,19,141
0.700640252078305,0.729747516743049,1066,225,48,160,20,32,28,128
0.704908220271349,0.725313520539458,1094,197,38,146,13,15,25,131
0.732936585365854,0.75643649783397,1054,237,41,148,17,22,24,126
0.70769572745566,0.723889063611866,1068,223,34,154,14,35,20,119
0.693174194991055,0.734102499569494,1050,241,43,157,19,26,24,131
0.806713756686326,0.828573148957695,1069,222,23,141,14,28,9,113
0.747836364329559,0.761836207868194,1063,228,42,135,23,23,19,112
0.783089862771138,0.813532596816869,1077,214,36,149,24,31,12,118
0.765320132967192,0.799860083018063,1069,222,33,161,15,36,18,125
0.736810846235766,0.744209463003635,1065,226,39,148,16,26,23,122
0.703261517077045,0.71391382175218,1057,234,32,159,15,36,17,123
0.768835696569797,0.777765150148708,1072,219,34,136,18,25,16,111
0.73508353221957,0.751000664381713,1065,226,34,139,15,24,19,115
0.798317656418176,0.818717250610421,1063,228,34,168,20,42,14,126
0.693279569892473,0.732872464116596,1056,235,51,165,26,43,25,122
0.755019532070399,0.76323506823054,1071,220,38,163,19,43,19,120
0.792584294223728,0.798970333389279,1063,228,29,140,18,29,11,111
0.782624390243902,0.817086700399723,1080,211,41,165,25,38,16,127
0.705676968834864,0.716246126883042,1072,219,37,149,16,28,21,121
0.741335925883564,0.751153292673073,1063,228,42,161,20,33,22,128
0.682056851611138,0.702874878851629,1057,234,47,148,19,32,28,116
0.744642857142857,0.759678671203687,1062,229,35,164,16,34,19,130
0.733816521048451,0.769960530480271,1071,220,32,181,15,33,17,148
0.719726062467998,0.741862667277994,1048,243,31,130,12,26,19,104
0.701478616924477,0.724456354197924,1093,198,35,144,14,21,21,123
0.803500397772474,0.819729554819317,1065,226,34,160,19,27,15,133
0.763810973523979,0.785355292446557,1079,212,47,163,23,30,24,133
0.772599781572677,0.754055247968395,1069,222,32,151,15,25,17,126
0.755255805832024,0.773968240904519,1047,244,46,145,23,37,23,108
0.734740087681264,0.745717404312981,1073,218,33,135,16,28,17,107
0.742402183803458,0.780347273049596,1073,218,35,159,13,34,22,125
0.765002274795268,0.778254469576066,1059,232,35,146,15,39,20,107
0.787343815807946,0.809011169245052,1052,239,34,163,18,37,16,126
0.751361923486524,0.781347734768938,1066,225,39,150,22,29,17,121
0.715730209281165,0.750111760371068,1079,212,35,172,17,27,18,145
0.793474483717236,0.812322757212618,1041,250,32,130,17,21,15,109
0.808124969889676,0.821357112553868,1064,227,33,135,19,31,14,104
0.704910163214922,0.700564722384598,1080,211,23,160,7,24,16,136
0.714095085592283,0.755461206947877,1078,213,42,153,22,28,20,125
0.727797761790568,0.751167823463454,1065,226,40,149,19,33,21,116
0.747083498808578,0.758034005864895,1047,244,32,174,16,38,16,136
0.769804210698779,0.784864322629939,1058,233,39,165,21,31,18,134
0.760514525220408,0.784325680236061,1065,226,33,167,20,41,13,126
0.741417826037779,0.771012281144013,1057,234,28,151,14,35,14,116
0.677638762511374,0.715851272568936,1063,228,35,152,16,26,19,126
0.751546243958385,0.78573300330556,1068,223,39,144,16,28,23,116
0.793253729712006,0.80964483102804,1069,222,29,160,17,35,12,125
0.765093726482863,0.782397475667527,1026,265,47,148,26,37,21,111
0.671960760219546,0.683480695048479,1072,219,39,159,14,27,25,132
0.713695499296765,0.73534312695605,1050,241,27,151,14,35,13,116
0.69170595425179,0.694375041541395,1066,225,46,161,16,32,30,129
0.789074960127592,0.80115695909999,1072,219,37,152,18,29,19,123
0.807561429901855,0.836019477749833,1079,212,22,142,15,24,7,118
0.74953037569944,0.78696615549834,1081,210,40,124,24,17,16,107
0.766878139043087,0.776239089277707,1084,207,30,138,15,28,15,110
0.71524385798644,0.742115897602817,1056,235,44,166,19,23,25,143
0.811340752517223,0.824728054195942,1078,213,33,154,20,28,13,126
0.728514558689718,0.727078259384061,1098,193,35,172,13,31,22,141
0.724574014909478,0.758245831215363,1072,219,39,156,17,30,22,126
0.664898081534772,0.678937186042345,1059,232,40,143,15,27,25,116
0.725918548030102,0.773642078317016,1074,217,36,149,19,32,17,117
0.796407798803965,0.808630995767273,1067,224,39,167,23,29,16,138
0.782447128258375,0.798244592764337,1073,218,29,164,18,35,11,129
0.692237280725723,0.720513816048086,1059,232,29,158,12,23,17,135
0.675850531143245,0.680474286774739,1072,219,34,139,7,28,27,111
0.703308986277114,0.732155635891723,1054,237,36,154,15,27,21,127
0.760540970564837,0.761172453833725,1095,196,34,156,15,28,19,128
0.703326829268293,0.707314160851779,1048,243,41,149,19,31,22,118
0.696360975609756,0.714407426199925,1060,231,41,153,17,36,24,117
0.714856230031949,0.747779157924455,1074,217,39,155,16,26,23,129
0.746189717925387,0.751128548118664,1076,215,35,148,15,26,20,122
0.773081446633343,0.797883325720245,1069,222,38,147,21,25,17,122
0.705445645940854,0.733236410593447,1073,218,39,159,18,30,21,129
0.700413060582219,0.718988366428433,1075,216,20,140,5,22,15,118
0.703146976090014,0.7082486391685,1058,233,27,123,9,29,18,94
0.67590845909452,0.711987152147192,1042,249,32,153,13,30,19,123
0.704672299027138,0.731551472195774,1051,240,31,142,15,20,16,122
0.695336585365854,0.703904997664447,1045,246,41,152,16,34,25,118
0.702534084887026,0.716916525238127,1070,221,33,145,13,20,20,125
0.734406817175741,0.761098309734802,1063,228,36,138,17,20,19,118
0.773977362986497,0.803392400773789,1059,232,32,136,22,28,10,108
0.751706126806207,0.769888650555608,1068,223,42,166,22,34,20,132
0.701982280905795,0.737151408196087,1069,222,47,166,21,41,26,125
0.700769806729374,0.735536508867019,1073,218,34,163,13,24,21,139
0.771080791867309,0.78798128903507,1061,230,45,154,23,25,22,129
0.757463113347821,0.778289589128311,1061,230,42,161,21,37,21,124
0.653011929409445,0.679357193672037,1073,218,49,139,16,24,33,115
0.679924745462594,0.696618221323995,1064,227,36,151,18,32,18,119
0.780313165095774,0.803630136364008,1074,217,26,142,11,26,15,116
0.751943127962085,0.763292082256754,1074,217,25,169,14,32,11,137
0.75227867993714,0.78217700025416,1062,229,46,156,25,33,21,123
0.790111481501721,0.806041178334643,1087,204,29,151,16,28,13,123
0.672708653353815,0.687480018226974,1055,236,31,148,14,26,17,122
0.753082347588717,0.761387174825766,1086,205,35,157,11,24,24,133
0.766045700844289,0.790872590199581,1074,217,38,153,19,32,19,121
0.78541856232939,0.805840202318364,1077,214,35,153,19,29,16,124
0.657492253209385,0.655224719987802,1070,221,36,165,13,33,23,132
0.735015493581231,0.758417683749061,1065,226,36,146,16,28,20,118
0.744220599934484,0.762326315299341,1079,212,34,143,13,31,21,112
0.700053504547887,0.71595954006907,1050,241,45,159,19,34,26,125
0.718898927720413,0.742045267090769,1072,219,32,145,10,30,22,115
0.704003639672429,0.744843258856023,1043,248,35,146,15,28,20,118
0.738695011059228,0.765729085108476,1061,230,39,143,17,20,22,123
0.821442710100667,0.85184146785029,1071,220,28,172,18,28,10,144
0.667340831360168,0.701623017123509,1057,234,24,167,9,29,15,138
0.759643069896743,0.782962361332101,1081,210,32,155,13,34,19,121
0.721921943001544,0.734713637552756,1048,243,34,143,15,32,19,111
0.736989477438916,0.760606759154126,1062,229,45,155,22,37,23,118
0.742103046469184,0.749450793222416,1088,203,34,159,12,29,22,130
0.75850203972702,0.780249743649162,1052,239,42,165,23,35,19,130
0.738867652899126,0.743521675813818,1074,217,32,157,11,30,21,127
0.753801402948712,0.74811605974346,1059,232,38,141,16,30,22,111
0.732343499197432,0.753028915266139,1039,252,45,147,25,29,20,118
0.75517585931255,0.771948961388161,1054,237,40,147,21,36,19,111
0.780910442639826,0.802029849393453,1049,242,42,183,24,37,18,146
0.729397725677383,0.757807080171508,1054,237,34,164,17,32,17,132
0.828021872139519,0.838814074699447,1084,207,33,148,22,29,11,119
0.681420725538373,0.700001916545319,1075,216,33,138,10,15,23,123
0.722758074211706,0.742876635555697,1071,220,29,139,14,32,15,107
0.765233072845511,0.779375947890529,1060,231,29,148,17,34,12,114
0.745268425841674,0.76788713137434,1068,223,35,143,18,28,17,115
0.759978878399931,0.783333413247724,1068,223,37,160,16,32,21,128
0.718222196805063,0.735072048655103,1074,217,42,131,18,26,24,105
0.742795763389289,0.770221730298116,1065,226,40,146,19,30,21,116
0.739069521543748,0.755282114043336,1097,194,30,154,13,23,17,131
0.698860625331214,0.726808650981899,1072,219,33,138,14,21,19,117
0.738574946979544,0.783871361534067,1082,209,47,156,24,23,23,133
0.750508293204922,0.787032977272592,1047,244,45,168,24,31,21,137
0.732720295755534,0.751423269792245,1091,200,34,169,18,36,16,133
0.714312466559657,0.723461185921675,1070,221,45,148,20,31,25,117
0.690406183055404,0.707470619107761,1073,218,38,152,16,21,22,131
0.801248241912799,0.813098488826012,1064,227,27,150,19,28,8,122
0.739456323930846,0.756903213087648,1085,206,35,140,17,29,18,111
0.762131810481447,0.792515093647287,1064,227,29,142,15,28,14,114
0.782097868217054,0.79757944611795,1069,222,43,139,21,20,22,119
0.780764744477655,0.786626281392163,1075,216,44,160,20,32,24,128
0.674969546771958,0.704875309999681,1076,215,38,154,14,26,24,128
0.805095923261391,0.794159531791061,1058,233,40,160,23,25,17,135
0.748317839752103,0.773371474691865,1099,192,36,151,18,27,18,124
0.755355450236967,0.770412114658069,1047,244,25,142,11,28,14,114
0.770800211976683,0.783828961257172,1062,229,33,141,17,26,16,115
0.73418605771547,0.741280545129762,1072,219,33,151,13,23,20,128
0.725652841781874,0.738733111529166,1058,233,31,131,12,19,19,112
0.785265727489565,0.802665275935111,1060,231,43,142,26,25,17,117
0.76423196104471,0.777066169644635,1061,230,36,144,19,20,17,124
0.795171992317094,0.80554361673788,1090,201,46,144,23,32,23,112
0.759695524401407,0.782012559331134,1037,254,33,156,20,27,13,129
0.727777777777778,0.732965716994675,1076,215,36,165,15,25,21,140
0.71417014827558,0.74295648506499,1054,237,39,157,16,29,23,128
0.795238095238095,0.8124892785506,1076,215,31,158,18,36,13,122
0.786756542426645,0.820038236564125,1071,220,30,138,16,22,14,116
0.75018432047186,0.769601389311924,1046,245,39,128,24,31,15,97
0.77101383680331,0.777943814263021,1053,238,37,166,20,28,17,138
0.737666811196223,0.761812431709095,1060,231,33,151,15,29,18,122
0.69070194598888,0.711724218901085,1077,214,32,165,14,27,18,138
0.825781664016958,0.857296702540041,1055,236,33,188,19,40,14,148
0.726017858605718,0.764928806939791,1081,210,39,144,18,26,21,118
0.768725099601594,0.795252650309714,1083,208,36,163,20,31,16,132
0.75810569928217,0.76485371284581,1061,230,33,136,14,19,19,117
0.716412647861692,0.758395866972649,1101,190,35,148,14,19,21,129
0.748806682577566,0.769646583965179,1083,208,34,167,19,30,15,137
0.800153023837234,0.844668000906988,1057,234,37,151,23,29,14,122
0.771464275213173,0.788491099295983,1056,235,38,171,23,32,15,139
0.661089626933576,0.687670618350206,1086,205,35,153,12,20,23,133
0.773941068139963,0.782355018830812,1062,229,24,129,13,24,11,105
0.810057569865416,0.83000687498668,1063,228,42,151,21,21,21,130
0.777111335934865,0.788069173666691,1078,213,33,151,21,25,12,126
0.801759986558575,0.830580150903874,1055,236,38,155,22,43,16,112
0.694548826901768,0.71671607809753,1065,226,33,166,12,32,21,134
0.738438274457092,0.770898693377316,1075,216,38,154,15,32,23,122
0.69916067146283,0.711929019350091,1063,228,40,142,12,29,28,113
0.704185970330853,0.729879414630856,1056,235,34,145,12,19,22,126
0.710868292682927,0.723480807684941,1064,227,41,138,17,23,24,115
0.725561723499868,0.71876240148358,1071,220,30,144,10,26,20,118
0.737061611374408,0.744100625947963,1078,213,25,136,10,21,15,115
0.776211278792693,0.785672605538482,1060,231,32,153,18,27,14,126
0.693286188231186,0.706629828379986,1046,245,46,142,19,31,27,111
0.77313343923749,0.789260984086899,1038,253,32,159,18,37,14,122
0.694199272065514,0.718049709013146,1077,214,35,146,15,25,20,121
0.745148489503328,0.755680082779272,1073,218,31,162,15,29,16,133
0.752987047316944,0.768017221336623,1068,223,30,129,15,17,15,112
0.779094732182381,0.809465832940737,1057,234,36,154,19,35,17,119
0.732550995330548,0.750296826265259,1064,227,39,149,20,35,19,114
0.772183819764465,0.783779916325749,1071,220,31,155,16,29,15,126
0.762485107227959,0.780382240632311,1076,215,32,186,15,34,17,152
0.713085372270455,0.74163026815936,1074,217,24,139,11,29,13,110
0.670036668412782,0.720750735914857,1076,215,46,130,20,23,26,107
0.792281068239535,0.806435307832093,1076,215,39,164,20,26,19,138
0.778426312771361,0.797132587468255,1055,236,39,156,21,30,18,126
0.680851063829787,0.71202580893027,1067,224,47,146,18,28,29,118
0.70830007980846,0.705253237029792,1090,201,38,153,15,25,23,128
0.81879160266257,0.828384598889549,1052,239,31,126,20,31,11,95
0.753708643361879,0.78391736144321,1083,208,34,153,17,25,17,128
0.762983571807101,0.78808522952184,1086,205,33,130,15,21,18,109
0.742766151046406,0.762694560718942,1065,226,35,154,17,26,18,128
0.689110225763612,0.72979143843449,1074,217,36,140,19,22,17,118
0.753134796238244,0.786746913843924,1071,220,44,178,21,38,23,140
0.764808917197452,0.779550414987519,1051,240,35,144,19,31,16,113
0.73511789301263,0.75610258912099,1047,244,37,148,17,26,20,122
0.807463630613536,0.808070679046708,1052,239,51,153,27,31,24,122
0.719876051350155,0.747681625865757,1054,237,36,160,17,40,19,120
0.757824477927571,0.788997297895446,1072,219,30,133,15,25,15,108
0.757745862797988,0.759133491348491,1059,232,44,158,22,31,22,127
0.755334830829707,0.794900781185145,1086,205,34,155,13,29,21,126
0.689975637417566,0.709832494025993,1064,227,38,141,16,26,22,115
0.77832108816521,0.79436557994525,1064,227,32,152,17,24,15,128
0.779130984135898,0.804844903642017,1073,218,34,155,21,32,13,123
0.714706551410373,0.742168904792359,1067,224,35,175,14,22,21,153
0.691345088403912,0.704189906265545,1075,216,33,146,11,23,22,123
0.814092356687898,0.832567058890025,1070,221,35,142,23,35,12,107
0.696349813080187,0.71785602562718,1058,233,38,148,17,28,21,120
0.691785150078989,0.707084251632364,1051,240,25,157,10,27,15,130
0.75605914226908,0.755663364980196,1058,233,38,137,20,39,18,98
0.756022226361209,0.780797053879519,1045,246,52,181,25,45,27,136
0.651360206513106,0.702721294875432,1068,223,32,141,11,21,21,120
0.751063414634146,0.771545931344719,1092,199,41,169,17,27,24,142
0.741545617446338,0.760496682740994,1062,229,42,144,21,40,21,104
0.730226403998824,0.762005934691751,1041,250,38,172,17,35,21,137
0.730210196779964,0.765501609860092,1072,219,43,144,21,28,22,116
0.701982553528945,0.716234984431054,1057,234,30,157,10,32,20,125
0.717363877822045,0.750743675019122,1070,221,36,145,17,20,19,125
0.695222929936306,0.701923174741164,1056,235,35,173,13,22,22,151
0.676947652985992,0.683070136199813,1049,242,39,153,10,28,29,125
0.795440460380699,0.816888718615852,1065,226,36,152,20,27,16,125
0.701358007799138,0.752363996450075,1059,232,47,146,20,28,27,118
0.743814098898166,0.757770809965635,1053,238,42,153,23,32,19,121
0.763018764892772,0.782759036730659,1056,235,32,129,15,20,17,109
0.724408553230209,0.75050147125097,1043,248,35,151,18,42,17,109
0.678473460430668,0.67778471048204,1079,212,23,146,10,30,13,116
0.769174254468372,0.806366486932008,1066,225,33,169,18,35,15,134
0.777514396346307,0.798354861610137,1071,220,32,147,17,25,15,122
0.756489687906918,0.758995045506793,1096,195,38,149,15,24,23,125
0.833413269384492,0.847381525817532,1068,223,40,155,24,30,16,125
0.746185355862775,0.780291070762007,1063,228,31,147,15,31,16,116
0.753057553956834,0.778475442776928,1084,207,40,145,19,22,21,123
0.765065304538989,0.793946613943558,1059,232,37,168,18,34,19,134
0.670314444067413,0.714847554025668,1056,235,28,154,12,37,16,117
0.741798932749538,0.761184650066489,1086,205,47,138,22,28,25,110
0.702854868061874,0.717061549998812,1092,199,35,150,12,23,23,127
0.681909394952873,0.741107217222973,1073,218,26,151,10,26,16,125
0.698181454836131,0.714246268252685,1054,237,40,137,17,30,23,107
0.733712465878071,0.768672848742695,1061,230,35,142,17,31,18,111
0.70037501616449,0.729863051974612,1053,238,37,153,17,36,20,117
0.712009502744327,0.746060165995692,1085,206,39,137,18,24,21,113
0.701396891915488,0.741254669325356,1059,232,46,154,19,35,27,119
0.75381825472042,0.781289106697038,1071,220,44,158,20,31,24,127
0.71471830682357,0.723683565621117,1074,217,37,150,12,21,25,129
0.761181601903251,0.784043669315195,1060,231,30,147,10,29,20,118
0.744779344858963,0.758215319653311,1069,222,35,160,19,34,16,126
0.703097521982414,0.737828968540762,1063,228,40,143,17,29,23,114
0.692207703359102,0.721027384911637,1056,235,47,135,23,25,24,110
0.877915494608533,0.878371711121501,1063,228,27,144,22,29,5,115
0.75843949044586,0.789390403076752,1076,215,35,148,18,36,17,112
0.753623907863384,0.800290565247,1069,222,32,139,18,21,14,118
0.664057747203894,0.680172193358962,1061,230,34,149,12,30,22,119
0.702947396246365,0.715250096632507,1069,222,30,140,10,25,20,115
0.719261123184262,0.743116728987855,1052,239,42,155,21,27,21,128
0.707944212337184,0.731528824134804,1047,244,39,161,20,26,19,135
0.772970928702973,0.778167507459933,1073,218,24,160,13,30,11,130
0.747988867284304,0.782991831634575,1056,235,42,161,22,29,20,132
0.667830509935773,0.688978847072953,1072,219,37,172,12,26,25,146
0.704375503626108,0.729294094012257,1089,202,50,142,19,17,31,125
0.687086968014803,0.702430187365788,1056,235,30,167,12,22,18,145
0.638313771232777,0.668401618643462,1035,256,44,159,13,39,31,120
0.753317073170732,0.775585276204624,1072,219,41,150,19,34,22,116
0.653972153972154,0.645504669393799,1088,203,33,141,10,24,23,117
0.737494466578132,0.750636997925161,1078,213,36,156,19,29,17,127
0.765258537923467,0.784167133054638,1071,220,23,143,8,19,15,124
0.796122612375615,0.812828288770159,1068,223,42,136,26,22,16,114
0.796259358434887,0.823841116712091,1064,227,29,157,20,31,9,126
0.669207978031507,0.695742442790458,1073,218,33,160,12,32,21,128
0.823156225218081,0.820729723226998,1078,213,30,138,18,22,12,116
0.749638676109264,0.749732448551876,1077,214,33,159,14,29,19,130
0.718643120231518,0.744870657856607,1078,213,24,164,12,34,12,130
0.82405273937532,0.831933739760096,1093,198,31,148,16,26,15,122
0.715412186379928,0.761538388596528,1081,210,31,135,16,24,15,111
0.780685451638689,0.802671594508894,1057,234,40,153,20,33,20,120
0.683317535545024,0.73049561653421,1058,233,25,139,8,28,17,111
0.745527824475193,0.768737288392815,1047,244,37,149,17,19,20,130
0.737736540368119,0.765208243400996,1065,226,37,174,17,26,20,148
0.781448202959831,0.790894926264832,1070,221,44,150,25,33,19,117
0.690391358443615,0.711628825319048,1066,225,28,143,10,24,18,119
0.73061494518419,0.756275302285173,1062,229,38,146,18,30,20,116
0.698513042382493,0.721743626337974,1047,244,38,178,19,38,19,140
0.722429288924134,0.749812034442156,1088,203,30,146,13,25,17,121
0.770367412140575,0.786328428652219,1041,250,39,134,20,30,19,104
0.743426440794862,0.755888669005032,1098,193,37,139,15,19,22,120
0.788609511517077,0.816762450923052,1071,220,32,153,10,23,22,130
0.742273170731707,0.759988436954575,1077,214,41,161,16,28,25,133
0.774965878070974,0.800365748350973,1058,233,35,151,21,33,14,118
0.748839854413103,0.779169008652674,1037,254,35,149,23,27,12,122
0.772787493375729,0.802869516897528,1071,220,33,149,16,28,17,121
0.73259965556349,0.752704430955565,1066,225,38,143,18,37,20,106
0.757347588717015,0.766191848035583,1072,219,35,159,13,36,22,123
0.768815052041633,0.777077363504184,1060,231,42,141,19,24,23,117
0.748420609293837,0.776653896294614,1062,229,34,157,17,32,17,125
0.725302819698173,0.754810996801161,1093,198,32,166,15,32,17,134
0.769385365853658,0.782317820317308,1059,232,41,158,20,39,21,119
0.760547184773989,0.780384087450596,1044,247,30,128,15,34,15,94
0.808441719618745,0.821158201969707,1077,214,32,135,19,27,13,108
0.756824385805278,0.762281498548062,1073,218,35,155,18,28,17,127
0.723218238158477,0.750203969810177,1071,220,36,159,17,36,19,123
0.701674565560821,0.71744306779969,1065,226,25,164,8,29,17,135
0.744142705005325,0.756880105089594,1068,223,39,149,21,37,18,112
0.737729816147082,0.750345626384666,1084,207,40,181,17,35,23,146
0.768916330300335,0.809735415279039,1058,233,47,164,24,25,23,139
0.723464117123897,0.754217259411494,1073,218,47,159,23,31,24,128
0.715426925091671,0.746561595934876,1042,249,46,150,25,36,21,114
0.723103357123976,0.756743406952607,1052,239,30,139,14,22,16,117
0.756963645673323,0.775724898787293,1059,232,31,148,15,36,16,112
0.779042281444203,0.794382229757078,1064,227,42,141,22,34,20,107
0.750218706714296,0.783962832294798,1056,235,44,165,23,29,21,136
0.739365033482681,0.774145125637928,1076,215,33,138,16,17,17,121
0.738616793380098,0.777298678176377,1060,231,38,159,20,43,18,116
0.753903920691711,0.786090349111265,1047,244,43,144,22,30,21,114
0.79521382893685,0.812381007370569,1061,230,40,153,18,21,22,132
0.770068010325655,0.776924590175495,1079,212,32,160,19,33,13,127
0.742850445382091,0.766046861653507,1059,232,27,156,15,33,12,123
0.763337077074266,0.776288457286013,1054,237,34,141,21,33,13,108
0.728014103730664,0.743139559619248,1075,216,35,144,16,26,19,118
0.764191117974636,0.798779169912972,1083,208,34,141,18,25,16,116
0.705081925243216,0.706444236404389,1059,232,31,137,10,28,21,109
0.714867273690803,0.736094468468299,1052,239,33,136,20,35,13,101
0.780277504796668,0.814373229326824,1069,222,34,156,19,24,15,132
0.735934041611332,0.776477250703512,1056,235,36,152,18,34,18,118
0.769865567489909,0.807048350245271,1071,220,47,126,29,27,18,99
0.765259278417173,0.7756719792843,1041,250,37,158,17,30,20,128
0.72919091340144,0.757179004840401,1076,215,37,169,17,33,20,136
0.70396312009073,0.730495437524471,1068,223,38,158,16,32,22,126
0.74500552823211,0.755910262565754,1061,230,42,184,17,34,25,150
0.708453237410072,0.731879126876593,1044,247,40,155,19,24,21,131
0.680312339989759,0.674810262311691,1080,211,31,146,11,24,20,122
0.768293492695883,0.794947518014939,1057,234,36,151,24,30,12,121
0.793512195121951,0.820033974012839,1084,207,41,165,20,25,21,140
0.733271555197421,0.769958847605353,1074,217,50,157,21,33,29,124
0.627028799387945,0.636776821059082,1079,212,29,167,7,33,22,134
0.746195956722273,0.792720570349477,1077,214,37,149,19,25,18,124
0.771525011066844,0.780846101258982,1083,208,36,129,19,27,17,102
0.716801835012698,0.753041082696511,1060,231,39,158,20,30,19,128
0.698082711910789,0.721561476046619,1067,224,47,154,19,33,28,121
0.737642800588169,0.758288637175935,1066,225,28,132,9,20,19,112
0.750747187060478,0.775185250955017,1077,214,27,148,13,31,14,117
0.73612711716431,0.755462546256993,1084,207,46,160,20,30,26,130
0.703972868217054,0.720068829575874,1041,250,43,168,19,37,24,131
0.690973243163775,0.713856793191208,1074,217,38,135,13,25,25,110
0.748238715491112,0.799073825195463,1069,222,39,149,26,39,13,110
0.753832936822628,0.766715669985196,1092,199,30,153,10,27,20,126
0.803025477707006,0.825431009351503,1079,212,35,154,22,27,13,127
0.778519256308101,0.799566831381389,1065,226,36,154,19,36,17,118
0.742914012738853,0.759587831006026,1067,224,35,135,19,33,16,102
0.748804780876494,0.780904706212928,1080,211,36,169,18,30,18,139
0.734306499012381,0.746592037846792,1084,207,33,143,14,28,19,115
0.751440131669181,0.764967040014758,1051,240,23,143,12,30,11,113
0.791395020778528,0.838733284359484,1084,207,42,156,24,30,18,126
0.79722503251915,0.820478733129127,1053,238,33,156,21,40,12,116
0.77537627268703,0.786403848654976,1066,225,36,161,19,31,17,130
0.827500095314347,0.849995830068907,1075,216,42,147,28,40,14,107
0.707555337170668,0.732512923337734,1083,208,34,156,12,29,22,127
0.753292529646429,0.767107168184912,1061,230,29,127,17,26,12,101
0.724287684814,0.750271455199232,1087,204,37,154,15,32,22,122
0.740423111919927,0.751749985226672,1060,231,35,162,16,44,19,118
0.738382703916889,0.754686423918774,1071,220,34,147,12,31,22,116
0.663110478899953,0.686476765175556,1076,215,37,162,14,32,23,130
0.788174817727533,0.793984973699009,1063,228,39,156,23,27,16,129
0.696226130436657,0.739289178263884,1054,237,37,156,16,33,21,123
0.776311479245636,0.804141605233486,1061,230,34,144,18,28,16,116
0.73524789729969,0.743341627357885,1089,202,36,156,13,31,23,125
0.77163330300273,0.795153647648627,1069,222,35,156,18,22,17,134
0.725002827734419,0.759301081012619,1076,215,28,155,10,21,18,134
0.734085878707393,0.765135108518721,1063,228,36,143,20,26,16,117
0.7367197875166,0.769955573614513,1097,194,36,147,17,25,19,122
0.757161759146469,0.775096329388312,1097,194,38,159,15,28,23,131
0.754360620652755,0.770078115652693,1071,220,45,155,22,36,23,119
0.744118424530796,0.762218377851499,1057,234,30,149,15,27,15,122
0.677853658536585,0.677364691081866,1073,218,41,146,16,25,25,121
0.78064187847498,0.78373838699701,1087,204,32,161,14,23,18,138
0.707648930693996,0.697170467067187,1086,205,34,149,13,23,21,126
0.788854582217608,0.815234094883623,1074,217,29,136,14,21,15,115
0.755118755118755,0.792610238516431,1059,232,33,138,20,26,13,112
0.761963327370304,0.797391998528208,1073,218,43,162,23,30,20,132
0.745942201108472,0.796904884986575,1051,240,28,152,16,34,12,118
0.787394463813164,0.80204872649296,1058,233,38,165,19,30,19,135
0.748487804878049,0.775851886948288,1058,233,41,142,20,35,21,107
0.703512046148626,0.774397219640062,1046,245,28,151,9,23,19,128
0.72774468550194,0.759621645325549,1078,213,29,158,14,23,15,135
0.793778434940855,0.820934667334643,1077,214,35,142,20,28,15,114
0.74399831531658,0.758785216664311,1072,219,34,166,19,39,15,127
0.747493050039714,0.768156776969104,1067,224,32,168,16,34,16,134
0.771038069942452,0.79002477340274,1067,224,36,164,19,36,17,128
0.721007734303913,0.722499264012894,1064,227,35,146,15,29,20,117
0.741761815291227,0.773463115127869,1061,230,33,132,17,23,16,109
0.728571428571429,0.74508046358771,1079,212,35,133,19,30,16,103
0.713649080735412,0.730414915268949,1072,219,40,149,17,25,23,124
0.756612227200463,0.77516727673848,1051,240,33,154,18,23,15,131
0.767479201689728,0.785975377075188,1096,195,37,148,14,27,23,121
0.714981509016737,0.737638336654127,1074,217,42,154,22,30,20,124
0.746579325442977,0.784895779828917,1057,234,47,149,25,36,22,113
0.694632178258376,0.721074004666297,1062,229,39,152,17,30,22,122
0.678302611367128,0.687061055059154,1093,198,31,162,10,33,21,129
0.745758398371225,0.769571294430002,1095,196,28,147,13,27,15,120
0.773439420004915,0.793392358256081,1041,250,39,144,21,30,18,114
0.723908413205538,0.750195591784882,1067,224,39,170,16,29,23,141
0.763639088729017,0.776213344580036,1043,248,40,146,20,38,20,108
0.704485661667982,0.723029798165642,1062,229,24,157,11,27,13,130
0.722045152722444,0.726381986068389,1071,220,36,146,15,25,21,121
0.692684924602008,0.728363643864905,1059,232,38,163,19,28,19,135
0.76073703366697,0.778431184080358,1051,240,35,142,19,31,16,111
0.740194572452637,0.743254704023687,1059,232,31,129,13,16,18,113
0.709280679110405,0.75056705422254,1066,225,32,146,14,30,18,116
0.705271565495208,0.722021537277228,1085,206,39,168,15,28,24,140
0.754422293977257,0.779694644576727,1061,230,34,153,18,25,16,128
0.760688816589438,0.779519045467159,1074,217,49,166,23,35,26,131
0.72993447993448,0.734844243014083,1039,252,33,157,17,27,16,130
0.729623211091234,0.781474884780548,1069,222,43,148,20,30,23,118
0.73541856232939,0.743121826934227,1069,222,35,162,16,40,19,122
0.721978202230808,0.728499953289184,1059,232,44,155,17,31,27,124
0.778511178164861,0.812655213114105,1061,230,23,145,13,29,10,116
0.746829519397258,0.775310329880456,1071,220,34,151,16,36,18,115
0.837467997951869,0.859528456298958,1059,232,31,147,19,29,12,118
0.786434760118971,0.79154612605775,1046,245,37,152,20,34,17,118
0.720595121951219,0.739101249174598,1079,212,41,175,19,35,22,140
0.650428190369226,0.672618263069376,1061,230,34,147,14,25,20,122
0.712221775274873,0.746254183913039,1075,216,48,168,21,27,27,141
0.784508888342754,0.803892255911781,1063,228,39,144,19,33,20,111
0.760485365748524,0.793477895680661,1078,213,37,147,17,24,20,123
0.743747233289066,0.78964368303408,1070,221,36,146,17,26,19,120
0.827287814129919,0.834015586423065,1042,249,37,160,22,40,15,120
0.695338138771683,0.729432077856024,1071,220,27,149,12,32,15,117
0.7199915765829,0.739733893496942,1064,227,34,145,13,27,21,118
0.776405072768964,0.788230299482554,1058,233,34,156,21,31,13,125
0.670071684587814,0.696441036237664,1062,229,31,156,11,27,20,129
0.754639982110912,0.772677457017988,1071,220,43,174,20,36,23,138
0.664002697382809,0.684002303196018,1059,232,44,175,20,44,24,131
0.667295472597299,0.706308421032035,1068,223,32,163,13,27,19,136
0.714653658536585,0.721121571864116,1078,213,41,161,18,33,23,128
0.735115095174856,0.767627214342824,1082,209,36,148,18,27,18,121
0.672496025437202,0.692890101829673,1052,239,33,150,16,27,17,123
0.719472247497725,0.729452808891235,1066,225,35,161,14,30,21,131
0.779309820614168,0.784527434465225,1076,215,26,161,13,29,13,132
0.713796633303003,0.733403660576091,1064,227,35,144,13,26,22,118
0.69881850675139,0.715154310023515,1070,221,32,154,14,29,18,125
0.628862328463922,0.653588951996771,1077,214,36,175,11,28,25,147
0.784225613172982,0.807955881451654,1062,229,37,163,22,30,15,133
0.785742563058478,0.80553818214137,1077,214,28,153,16,30,12,123
0.717129262490087,0.757096534859428,1075,216,30,145,12,26,18,119
0.709355142970612,0.728578358013226,1064,227,32,147,14,24,18,123
0.67358872069512,0.721559286650723,1066,225,29,150,12,37,17,113
0.816040323686737,0.813807738823694,1083,208,23,131,16,35,7,96
0.729194333776007,0.77853106340587,1074,217,36,140,17,21,19,119
0.748182283666155,0.772489711965437,1050,241,31,183,17,50,14,133
0.65514545274027,0.677416306684589,1065,226,32,148,8,27,24,121
0.711712941571807,0.712896026191929,1079,212,38,156,16,23,22,133
0.75780459603989,0.779392253108119,1096,195,33,139,15,22,18,117
0.650866306217744,0.675729482643815,1057,234,39,147,14,27,25,120
0.666594986483165,0.697801911611688,1065,226,39,141,15,28,24,113
0.731075697211155,0.763087024761461,1063,228,36,139,17,24,19,115
0.754044810354715,0.769706475732607,1079,212,39,153,16,25,23,128
0.851322020520916,0.8618764215326,1086,205,24,137,15,21,9,116
0.762678625722104,0.778038318612783,1070,221,26,142,13,25,13,117
0.728544740554348,0.761547030671357,1062,229,42,151,22,30,20,121
0.75709808259587,0.784037872385548,1080,211,48,129,25,20,23,109
0.846070148489503,0.841210265912311,1077,214,31,151,22,31,9,120
0.695623165198826,0.720479385915454,1048,243,42,150,20,28,22,122
0.741551219512195,0.761976839666371,1048,243,41,171,22,37,19,134
0.759526272684167,0.769165431979679,1067,224,37,160,14,27,23,133
0.709082288029657,0.743525021927396,1070,221,37,142,18,26,19,116
0.765128375387339,0.765076442605098,1070,221,36,144,17,35,19,109
0.739336585365854,0.761502609972208,1082,209,41,152,20,20,21,132
0.662384762974402,0.678641449572819,1078,213,34,144,12,33,22,111
0.770489742558327,0.786035697817182,1052,239,48,153,24,41,24,112
0.714294070850297,0.738659950008584,1064,227,34,143,16,32,18,111
0.770313375576533,0.76814010281413,1058,233,37,151,18,35,19,116
0.78894449499545,0.808751449733439,1101,190,35,148,20,23,15,125
0.795683578236696,0.81559314328429,1070,221,32,143,20,29,12,114
0.697210230067217,0.735833152659566,1057,234,29,150,14,26,15,124
0.719528351881293,0.749639596282813,1048,243,33,138,18,27,15,111
0.715460391578602,0.729269458118741,1083,208,39,173,17,29,22,144
0.793526968686813,0.799424281064224,1066,225,29,145,16,19,13,126
0.770035075679591,0.777750222542815,1064,227,42,160,22,40,20,120
0.687981407702523,0.706002717207021,1090,201,36,138,12,17,24,121
0.75782425852147,0.776308881120443,1064,227,36,132,19,21,17,111
0.730766530956058,0.749634595968284,1052,239,34,153,17,30,17,123
0.797954042762349,0.8308071700561,1044,247,39,135,27,35,12,100
0.718950348635874,0.728234402029518,1076,215,34,144,14,24,20,120
0.784428950863214,0.808465201162171,1064,227,36,138,20,30,16,108
0.756762132060461,0.800290385477245,1066,225,34,153,20,22,14,131
0.761284508888343,0.762857535304636,1068,223,39,153,20,34,19,119
0.715832575068244,0.731523608022797,1069,222,35,148,15,26,20,122
0.764039701391245,0.787364436739891,1064,227,28,159,13,29,15,130
0.663550397592951,0.681126076637485,1068,223,22,137,6,27,16,110
0.750192706075059,0.782147077176983,1085,206,33,155,15,31,18,124
0.775939248601119,0.798187533746052,1070,221,40,133,22,27,18,106
0.768344330572325,0.786545888751883,1066,225,34,145,16,26,18,119
0.734772140587768,0.751071067608012,1079,212,32,140,14,23,18,117
0.762568947525343,0.784800645950123,1086,205,43,133,19,24,24,109
0.766015400999426,0.775386912774384,1052,239,39,134,22,30,17,104
0.804415670650731,0.834882411116943,1049,242,36,138,22,34,14,104
0.722022562449637,0.745142907576158,1076,215,50,170,20,30,30,140
0.742117834394904,0.781608312805362,1075,216,35,158,16,26,19,132
0.73089545241444,0.748845159281939,1084,207,27,154,13,26,14,128
0.719687397632084,0.769075659386322,1080,211,34,152,19,28,15,124
0.743921951219512,0.76216078951914,1048,243,41,153,20,35,21,118
0.770628223159869,0.803194888844762,1071,220,27,170,15,33,12,137
0.737219276692961,0.764450531458173,1067,224,37,148,15,24,22,124
0.701558752997602,0.727334233004415,1043,248,40,136,19,34,21,102
0.708076846703733,0.726529664464554,1068,223,32,152,14,27,18,125
0.736033060567222,0.757501790949243,1069,222,49,163,24,37,25,126
0.774059318282426,0.789102961095574,1080,211,36,163,21,27,15,136
0.768979203935599,0.81344944656174,1068,223,43,146,28,33,15,113
0.799181053563524,0.818400712461357,1063,228,36,142,19,25,17,117
0.73877874702617,0.751475486557152,1092,199,30,152,18,29,12,123
0.852100914205345,0.848409444097034,1080,211,27,133,17,32,10,101
0.733285917496444,0.776575845815419,1056,235,37,142,17,22,20,120
0.711280975219824,0.754868133242885,1080,211,40,147,19,27,21,120
0.758513297986982,0.786047172142615,1071,220,37,154,19,32,18,122
0.710867909048289,0.733318753588497,1077,214,27,161,13,29,14,132
0.734800069844596,0.764619543354061,1084,207,46,150,17,31,29,119
0.843079825258142,0.871318512473047,1077,214,32,152,20,23,12,129
0.781968960052462,0.796370643248672,1066,225,29,172,19,30,10,142
0.685292164674635,0.700778864425261,1037,254,36,151,16,29,20,122
0.789469369910924,0.786642184113025,1098,193,29,144,16,24,13,120
0.764489637093471,0.772470132771088,1069,222,39,148,20,28,19,120
0.735611919927206,0.764741928367425,1087,204,35,154,14,26,21,128
0.697156505914468,0.710705512197473,1054,237,35,144,17,33,18,111
0.714815826052423,0.726632662504547,1069,222,32,141,14,34,18,107
0.726433121019108,0.767706478959495,1067,224,35,146,16,33,19,113
0.707450044456923,0.733123987555688,1060,231,34,163,16,28,18,135
0.722811328074486,0.744455898418374,1072,219,37,135,13,25,24,110
0.723194320214669,0.756712612711589,1078,213,43,150,18,22,25,128
0.806824540367706,0.825158115575286,1080,211,40,163,24,24,16,139
0.741841986200656,0.75339867474338,1060,231,28,151,11,30,17,121
0.763905042074297,0.789581781250123,1054,237,47,156,25,34,22,122
0.687331039567461,0.709884466220916,1069,222,39,180,17,27,22,153
0.803923978045384,0.807433688239395,1057,234,39,155,20,32,19,123
0.694932971248761,0.707314839990481,1066,225,37,165,13,24,24,141
0.721104978414121,0.753654933552375,1078,213,29,149,14,18,15,131
0.694937879989426,0.71374785093413,1052,239,30,136,13,28,17,108
0.78420406051985,0.816529968653898,1053,238,37,163,18,35,19,128
0.770731707317073,0.796665918058147,1054,237,41,175,26,40,15,135
0.800974582587955,0.833268951908664,1062,229,43,148,28,32,15,116
0.746139267162712,0.772680816004567,1050,241,34,163,17,33,17,130
0.820617529880478,0.842377225879092,1091,200,36,150,23,38,13,112
0.75022137887413,0.781480951202689,1064,227,51,161,27,36,24,125
0.739110345696644,0.770018807465752,1068,223,38,143,19,31,19,112
0.742022189179915,0.786531846158103,1089,202,42,147,25,26,17,121
0.779139187033924,0.807815610781284,1082,209,37,164,20,33,17,131
0.752214634146341,0.793384045181366,1053,238,41,133,24,22,17,111
0.689604325387073,0.68888547861294,1067,224,39,158,14,30,25,128
0.784892086330935,0.801567847748196,1057,234,40,147,22,26,18,121
0.687477252047316,0.696594306483748,1080,211,35,143,15,17,20,126
0.743170731707317,0.776337789992901,1086,205,41,175,18,30,23,145
0.791338985827804,0.826476005884361,1070,221,39,170,25,28,14,142
0.693266769073221,0.717304604770288,1047,244,31,153,11,24,20,129
0.747222222222222,0.751666372348345,1046,245,40,156,21,33,19,123
0.761257193262486,0.776899272286649,1073,218,38,148,20,28,18,120
0.692122653978324,0.704607622197816,1070,221,30,146,13,26,17,120
0.750841674249318,0.75818456256346,1068,223,35,139,14,27,21,112
0.733860327570519,0.751105687957974,1037,254,35,140,21,28,14,112
0.777894218852519,0.786252009402939,1070,221,44,158,19,30,25,128
0.786619772008083,0.803642531259055,1054,237,42,138,25,33,17,105
0.747670250896057,0.762993799874625,1089,202,31,145,17,26,14,119
0.693958013312852,0.735614945570399,1064,227,31,137,13,28,18,109
0.6723271155596,0.679643979864968,1046,245,35,151,13,16,22,135
0.762879696243006,0.761103885724047,1059,232,40,154,16,25,24,129
0.688099583508821,0.711698453929278,1066,225,34,137,15,27,19,110
0.712378392217102,0.739377475367084,1082,209,31,155,14,24,17,131
0.756839024390244,0.772332371544223,1060,231,41,164,21,28,20,136
0.744787516600266,0.761766834839134,1071,220,36,142,16,23,20,119
0.755429075482001,0.766117102057391,1073,218,38,130,20,31,18,99
0.722574248890038,0.75798559257858,1077,214,37,140,18,24,19,116
0.655384006334125,0.707166405972661,1049,242,28,145,9,26,19,119
0.77485966319166,0.811563137614942,1075,216,44,146,25,23,19,123
0.705677290836653,0.741387677652635,1091,200,36,149,16,21,20,128
0.733693045563549,0.762895828873299,1061,230,40,159,19,38,21,121
0.720223956565999,0.765698194300423,1055,236,28,144,16,28,12,116
0.794375190027364,0.810062911357774,1082,209,26,131,13,26,13,105
0.789059112588524,0.80130044211768,1080,211,33,149,15,26,18,123
0.745819443685447,0.785817264678394,1091,200,29,140,12,32,17,108
0.724232887490165,0.762858851464107,1074,217,20,177,11,33,9,144
0.750580072793448,0.775665780910416,1069,222,35,142,18,26,17,116
0.784517158818835,0.791720177066218,1083,208,38,127,18,19,20,108
0.733307996351475,0.741269200386864,1091,200,26,154,12,26,14,128
0.708070101548973,0.738164369229869,1053,238,34,134,18,26,16,108
0.758585365853659,0.790723732333498,1056,235,41,166,23,36,18,130
0.791467463479416,0.826873183915024,1061,230,36,151,21,27,15,124
0.721816736522619,0.736853410886743,1062,229,33,136,15,29,18,107
0.750605620155039,0.786206271411404,1070,221,43,155,21,27,22,128
0.780262305082161,0.809371108421166,1078,213,42,156,24,32,18,124
0.731063383970665,0.742906257141646,1035,256,46,163,19,36,27,127
0.700486582839524,0.716250321051014,1062,229,33,151,13,25,20,126
0.649490925188137,0.689381149891957,1051,240,36,159,10,38,26,121
0.781539280740559,0.800091309208113,1054,237,39,162,19,45,20,117
0.774845633637166,0.795617470729768,1042,249,38,174,22,40,16,134
0.794948289578361,0.813741470502832,1071,220,34,129,20,25,14,104
0.733787323205867,0.755825461674953,1064,227,46,138,21,24,25,114
0.78391167192429,0.788313795194929,1069,222,23,132,10,29,13,103
0.812373708490602,0.832735942148699,1066,225,42,142,23,28,19,114
0.683706472886126,0.708079366356898,1046,245,38,163,13,32,25,131
0.755113103609939,0.773452043087466,1089,202,27,149,16,27,11,122
0.735550468349645,0.764194831105899,1055,236,38,157,16,30,22,127
0.72540121020784,0.749207080743857,1073,218,24,142,11,24,13,118
0.719116080937167,0.715954463792936,1042,249,39,165,16,37,23,128
0.751282752958884,0.779434816370352,1079,212,47,190,24,39,23,151
0.622306464485236,0.658936560473872,1070,221,38,133,8,21,30,112
0.696359008410801,0.728482136017225,1077,214,36,163,11,29,25,134
0.695656739614399,0.714546474600694,1078,213,38,161,14,22,24,139
0.756338576226755,0.784254198926824,1083,208,39,154,22,29,17,125
0.706078562909958,0.736256147642228,1081,210,43,148,16,23,27,125
0.780109802127416,0.809648961292126,1083,208,42,147,23,22,19,125
0.704203013481364,0.724856958019688,1067,224,30,152,13,25,17,127
0.718155476762362,0.744926321033847,1047,244,42,179,22,34,20,145
0.72673860911271,0.765444839224414,1068,223,40,138,21,24,19,114
0.763813482637711,0.768405939941954,1077,214,28,146,9,33,19,113
0.785745075218759,0.79766485752047,1044,247,37,141,22,31,15,110
0.727217925386715,0.755605549411229,1048,243,35,153,20,32,15,121
0.83279134749723,0.841613345781934,1070,221,33,157,22,27,11,130
0.785765265662173,0.80196198330301,1062,229,30,143,15,33,15,110
0.711226123756148,0.750891109506447,1080,211,42,160,18,27,24,133
0.69744961655074,0.716864145910196,1064,227,45,160,19,26,26,134
0.707707426646076,0.743543576886731,1052,239,34,140,16,31,18,109
0.748771196854264,0.741979878141981,1046,245,39,154,16,32,23,122
0.759024433743535,0.773324476464528,1057,234,45,143,23,29,22,114
0.682195353247985,0.701161756041323,1061,230,37,142,13,33,24,109
0.729777906248494,0.770656285834877,1074,217,33,144,18,26,15,118
0.727956989247312,0.724238547234385,1085,206,31,186,11,27,20,159
0.675181983621474,0.686440874370884,1055,236,35,150,15,30,20,120
0.778879567116759,0.804448086283963,1046,245,32,145,21,30,11,115
0.826345393736698,0.851621223919759,1060,231,26,153,18,38,8,115
0.725269784172662,0.742810608279844,1042,249,40,154,16,39,24,115
0.736061151079137,0.76498766323302,1064,227,40,160,19,26,21,134
0.776908473221423,0.800930253119551,1052,239,40,142,21,36,19,106
0.74296878655997,0.770552730277081,1101,190,34,138,15,29,19,109
0.675989535941765,0.69420936631416,1071,220,35,137,12,21,23,116
0.759960495254613,0.775175294954505,1065,226,33,157,16,34,17,123
0.78374501338871,0.805390311585624,1069,222,29,151,17,24,12,127
0.772070892264711,0.804559525615624,1059,232,46,161,26,36,20,125
0.743404705260375,0.750941341149284,1072,219,30,151,15,24,15,127
0.743343573988735,0.753680075160783,1073,218,31,154,14,25,17,129
0.721668880035414,0.774307467847156,1069,222,36,159,17,26,19,133
0.686606427999543,0.705767884968032,1061,230,42,142,17,27,25,115
0.793368898872198,0.807179162287532,1082,209,34,132,18,26,16,106
0.758655709600477,0.791924780351909,1065,226,43,164,21,36,22,128
0.763364055299539,0.778021735259951,1058,233,31,139,14,26,17,113
0.709776805115788,0.721237869787553,1053,238,52,163,24,38,28,125
0.774565822888507,0.802790625981554,1054,237,39,133,20,31,19,102
0.789595028067362,0.80765422401647,1062,229,44,188,22,34,22,154
0.752567507746791,0.773170301862589,1071,220,36,146,15,31,21,115
0.749946495452113,0.770931082716897,1077,214,45,160,21,28,24,132
0.759369623986237,0.768713154159633,1077,214,39,156,21,39,18,117
0.77557283922376,0.787572310755848,1075,216,42,144,18,24,24,120
0.739043902439024,0.760922950166647,1047,244,41,147,21,26,20,121
0.736182543231962,0.765126952978427,1051,240,43,147,24,29,19,118
0.700655200655201,0.719657342573455,1067,224,37,156,15,24,22,132
0.8033073180132,0.8310473301036,1076,215,33,133,19,31,14,102
0.750567060108371,0.768244681259433,1082,209,38,150,18,30,20,120
0.720275087922147,0.769685528126434,1086,205,33,166,19,30,14,136
0.732118423753164,0.758449490914137,1046,245,47,146,25,23,22,123
0.704496930878036,0.741193341981162,1071,220,42,137,14,25,28,112
0.781784458255047,0.809290186543862,1096,195,33,161,12,29,21,132
0.734038308060655,0.757660751342222,1052,239,38,151,17,28,21,123
0.699054308975377,0.718960824085272,1062,229,32,132,13,26,19,106
0.771189717925387,0.793517303233214,1075,216,35,147,19,25,16,122
0.694449499545041,0.703078337899995,1077,214,35,151,12,32,23,119
0.703951219512195,0.713803887040128,1062,229,41,142,19,28,22,114
0.72498001598721,0.747423949932127,1061,230,40,154,21,32,19,122
0.723423581809658,0.733468606709174,1081,210,27,157,13,21,14,136
0.79180602006689,0.821428575407359,1063,228,26,146,12,30,14,116
0.768380338436745,0.782302816040415,1067,224,50,156,26,37,24,119
0.655525579536371,0.680093382357908,1056,235,40,143,15,29,25,114
0.801403027183652,0.824173931591716,1076,215,42,137,24,30,18,107
0.770037007665874,0.792855392505801,1076,215,30,145,14,30,16,115
0.773209093312186,0.788929994046093,1060,231,30,154,17,30,13,124
0.706019087408864,0.72054342290406,1039,252,39,142,18,35,21,107
0.720528995130589,0.745331282517475,1084,207,36,150,13,22,23,128
0.722420115243583,0.72665765371541,1051,240,46,146,19,31,27,115
0.705733825283244,0.737294857527322,1068,223,43,146,19,31,24,115
0.776428471149796,0.791208375865302,1080,211,34,164,19,29,15,135
0.756634945810203,0.77740106507633,1085,206,30,156,12,27,18,129
0.750450844308432,0.759248213331026,1058,233,29,150,12,31,17,119
0.789259979412101,0.819121042396841,1096,195,42,152,26,36,16,116
0.819256393724479,0.824670313420331,1059,232,22,163,11,32,11,131
0.818288738606292,0.838103341903692,1088,203,38,169,24,34,14,135
0.804424491974532,0.810698396278838,1083,208,42,153,22,31,20,122
0.739748808578237,0.741340799977608,1069,222,32,128,10,22,22,106
0.776992709101335,0.789659912152834,1062,229,39,160,17,30,22,130
0.692615907274181,0.718414645776284,1087,204,40,155,18,28,22,127
0.722821630888491,0.755030650910886,1065,226,43,141,18,24,25,117
0.809621993127148,0.832681095822466,1074,217,30,147,19,26,11,121
0.77035192563081,0.790641790953195,1060,231,36,137,18,27,18,110
0.784580165497543,0.809887538385045,1053,238,38,166,21,44,17,122
0.710868622633329,0.728815165332681,1066,225,33,161,10,18,23,143
0.775420837124659,0.796858154190418,1066,225,35,153,16,26,19,127
0.726809345230398,0.768614828349375,1070,221,37,139,17,27,20,112
0.716802013039002,0.745464568024261,1059,232,42,161,20,33,22,128
0.722857922954726,0.740552223121586,1047,244,32,132,17,30,15,102
0.705297393420375,0.756345060969885,1070,221,34,160,16,28,18,132
0.791349954393433,0.816821809875175,1074,217,26,154,14,28,12,126
0.786653563573401,0.803066490706784,1086,205,34,139,15,25,19,114
0.750081971692442,0.752816635448851,1048,243,29,147,14,31,15,116
0.744339900029403,0.746731288352635,1095,196,38,157,15,35,23,122
0.707290718835305,0.731288847715851,1074,217,35,162,13,32,22,130
0.738520154884829,0.736777705971289,1064,227,32,149,16,32,16,117
0.70213590084108,0.708752352946655,1046,245,36,148,16,33,20,115
0.773209227787716,0.792366207773707,1066,225,43,154,23,27,20,127
0.685402833111996,0.727149862677126,1044,247,36,145,17,37,19,108
0.757901726427623,0.800058846986437,1081,210,36,145,21,33,15,112
0.709785365853658,0.737553891082269,1087,204,41,137,16,25,25,112
0.746939723482158,0.761835505427343,1080,211,29,172,14,30,15,142
0.789082926829268,0.81034830269857,1050,241,41,162,22,38,19,124
0.737088692971046,0.751610115141661,1052,239,33,135,17,22,16,113
0.664709959255681,0.693934098467166,1079,212,38,166,15,34,23,132
0.756214915797915,0.778907390988596,1078,213,44,131,22,20,22,111
0.785734298892194,0.801660390212112,1087,204,37,165,19,28,18,137
0.786308109942314,0.793744360134598,1071,220,28,142,17,24,11,118
0.733019700088209,0.747389094091344,1066,225,38,155,16,32,22,123
0.667446471054718,0.699887618116221,1089,202,30,151,11,25,19,126
0.758610284926075,0.775973263039747,1075,216,37,142,17,28,20,114
0.724001536098311,0.728892907069098,1057,234,31,152,13,29,18,123
0.740947885684728,0.752509453149446,1059,232,37,151,18,37,19,114
0.808496360327571,0.829202958822365,1078,213,35,155,23,32,12,123
0.812512410643368,0.832739092481228,1060,231,32,158,19,34,13,124
0.693850267379679,0.739669610460355,1062,229,33,142,14,30,19,112
0.802600075608014,0.824726618304633,1045,246,38,161,28,33,10,128
0.737930514246304,0.790544286771884,1065,226,37,151,19,29,18,122
0.7461899324861,0.765421008293923,1067,224,32,145,10,28,22,117
0.751505516211398,0.764982884844368,1043,248,33,171,17,38,16,133
0.776326207442597,0.826051604336967,1062,229,28,165,17,30,11,135
0.77630243902439,0.788580801684804,1056,235,41,158,23,29,18,129
0.770656305903399,0.831541555733521,1056,235,43,152,26,34,17,118
0.743713215623328,0.772963207398315,1057,234,45,157,23,31,22,126
0.758733013589129,0.783123804477967,1051,240,40,153,18,32,22,121
0.729396482813749,0.753125340305528,1062,229,40,168,17,36,23,132
0.716306954436451,0.729139054153465,1067,224,40,153,11,26,29,127
0.820939237490071,0.830120445544848,1063,228,32,121,21,22,11,99
0.80119132193016,0.837525681999751,1089,202,29,137,17,31,12,106
0.779659354378455,0.802265138482788,1043,248,45,159,28,31,17,128
0.737795723384895,0.7512420767883,1061,230,35,152,17,29,18,123
0.760255823706584,0.78227897070944,1057,234,42,157,22,29,20,128
0.742029655143445,0.7908024070995,1054,237,38,156,18,29,20,127
0.656119439665765,0.684578960765323,1073,218,39,148,11,27,28,121
0.796243958384533,0.830068062086742,1049,242,39,160,24,34,15,126
0.753139892772041,0.774541615413303,1060,231,32,156,15,38,17,118
0.772554227534307,0.782581557820066,1066,225,36,159,17,31,19,128
0.801774753135842,0.816041262480715,1073,218,42,135,24,29,18,106
0.742237481873241,0.780766905393047,1026,265,57,151,28,35,29,116
0.765596087761036,0.791677675610881,1055,236,30,180,16,36,14,144
0.724086293228509,0.765578084993005,1048,243,34,157,17,28,17,129
0.73868149324861,0.762000878903428,1061,230,32,137,17,25,15,112
0.705338266384778,0.741396157448346,1076,215,44,143,17,26,27,117
0.72972621902478,0.748970545885317,1072,219,40,162,20,39,20,123
0.682849696711068,0.701522279767432,1086,205,53,144,20,29,33,115
0.765745007680491,0.788089532822205,1060,231,31,167,17,27,14,140
0.796068796068796,0.802300985828326,1057,234,33,137,17,28,16,109
0.701109083251439,0.711998085123026,1056,235,34,123,13,19,21,104
0.763830755232029,0.764731883393292,1076,215,35,135,15,31,20,104
0.76576964037028,0.78826159237024,1089,202,39,167,22,37,17,130
0.644336850219203,0.658633548082347,1051,240,33,149,12,26,21,123
0.774186941918571,0.805953639853057,1087,204,39,156,13,28,26,128
0.648716246126605,0.658246333269349,1080,211,36,159,10,29,26,130
0.732835325365206,0.758865442411906,1087,204,36,156,17,31,19,125
0.766203438941629,0.794881558479008,1089,202,42,157,19,22,23,135
0.750509074811864,0.801118373552866,1062,229,36,161,22,40,14,121
0.747453658536585,0.763362636765624,1067,224,41,164,20,25,21,139
0.80622009569378,0.823904340760679,1076,215,37,144,20,21,17,123
0.720934273232724,0.726068350559048,1070,221,32,157,11,26,21,131
0.779862579281184,0.786391708042338,1076,215,44,161,20,34,24,127
0.724093753937917,0.742673004777847,1065,226,38,159,18,32,20,127
0.720086321381142,0.75959311808997,1044,247,36,132,13,24,23,108
0.793037397385223,0.805878600956106,1057,234,26,160,16,27,10,133
0.765521951219512,0.783386217235854,1068,223,41,133,20,25,21,108
0.754348400740153,0.75986968055272,1059,232,30,146,17,19,13,127
0.767472905101771,0.781054941378449,1080,211,30,148,15,27,15,121
0.777713773681516,0.805979030742866,1053,238,31,164,20,29,11,135
0.807768318637884,0.813471987877308,1095,196,26,156,14,22,12,134
0.760803584332996,0.776781185623028,1067,224,33,151,18,33,15,118
0.765773927720413,0.775572359220636,1086,205,32,137,13,20,19,117
0.716230504890299,0.710264945053628,1070,221,30,136,11,27,19,109
0.800739957716702,0.822268905203485,1054,237,44,142,28,27,16,115
0.767644649997591,0.786097526036602,1074,217,33,148,19,31,14,117
0.726560579995085,0.758132008633158,1081,210,39,152,17,33,22,119
0.728286302587861,0.764921200009111,1076,215,34,142,19,27,15,115
0.750820961893685,0.752523607321923,1068,223,47,154,25,28,22,126
0.696156730408699,0.726105066920306,1086,205,21,155,11,22,10,133
0.699682791435369,0.714069080360862,1036,255,30,161,11,37,19,124
0.776976586359009,0.778525158471807,1081,210,28,142,14,24,14,118
0.754151501364877,0.763974644896968,1057,234,35,144,18,28,17,116
0.719949954504095,0.750465610507314,1066,225,35,150,19,28,16,122
0.772339324970904,0.783201987534592,1047,244,37,147,22,27,15,120
0.732029268292683,0.747471871939695,1078,213,41,147,18,28,23,119
0.745829561619035,0.79814895090694,1064,227,37,136,21,25,16,111
0.746117073170732,0.760229163827242,1079,212,41,176,20,26,21,150
0.760063141278611,0.790982226350385,1068,223,24,165,14,33,10,132
0.759699842022117,0.767658366202484,1085,206,25,152,7,29,18,123
0.706507304116866,0.732443219064053,1058,233,36,138,15,30,21,108
0.664296998420221,0.698461907163248,1066,225,25,151,8,29,17,122
0.768753344034243,0.791245749784576,1085,206,45,145,22,21,23,124
0.780306791104051,0.800750940148372,1063,228,32,144,15,31,17,113
0.783903313126692,0.803751217322223,1049,242,42,157,22,33,20,124
0.73074143662379,0.754964207603707,1088,203,33,147,12,22,21,125
0.668243630703695,0.695476720584645,1071,220,39,140,15,22,24,118
0.728253658536585,0.737189158237089,1063,228,41,151,22,37,19,114
0.669001868161196,0.691736353542994,1065,226,42,172,14,24,28,148
0.797076620252242,0.828112673975929,1059,232,44,165,27,32,17,133
0.779639024390244,0.797458214371827,1083,208,41,149,20,30,21,119
0.726381461675579,0.745404639265428,1070,221,33,153,16,33,17,120
0.766542655248257,0.775230770572852,1057,234,34,154,16,32,18,122
0.703308531049651,0.722502279212043,1083,208,34,147,11,24,23,123
0.69322738208063,0.71056776887817,1071,220,44,159,18,33,26,126
0.727617569722833,0.729442539275708,1077,214,37,139,16,26,21,113
0.762328463922089,0.768031819664439,1069,222,36,133,19,28,17,105
0.749108489919078,0.768093353516261,1080,211,23,154,12,25,11,129
0.719669042352748,0.740451474187801,1049,242,39,138,19,28,20,110
0.772759856630824,0.775675959458865,1096,195,31,153,15,33,16,120
0.669276375798115,0.697141020158639,1046,245,26,147,11,24,15,123
0.800375446526209,0.824245876019387,1048,243,44,149,25,31,19,118
0.689783395543491,0.707199787513308,1057,234,28,144,11,30,17,114
0.659274015050908,0.697016839456264,1079,212,36,151,14,21,22,130
0.689650749127728,0.724921492824596,1060,231,47,170,22,36,25,134
0.718664678455916,0.739054128294451,1076,215,38,142,15,27,23,115
0.78030243902439,0.792201797939718,1040,251,41,161,21,45,20,116
0.797946481812761,0.82390434759451,1062,229,43,154,24,33,19,121
0.750489608313349,0.767565069493488,1050,241,40,159,20,36,20,123
0.749589662999825,0.799869787922677,1069,222,46,146,24,31,22,115
0.75417661097852,0.763764523652687,1084,207,34,176,14,27,20,149
0.713882926829268,0.714607233345331,1058,233,41,153,13,31,28,122
0.783845757873555,0.788084628994427,1078,213,34,160,18,27,16,133
0.705418979645784,0.726461170332062,1069,222,30,184,13,35,17,149
0.724835041415134,0.747726562202757,1058,233,34,152,15,33,19,119
0.720880715054518,0.772317813041093,1080,211,34,185,14,37,20,148
0.750678908573645,0.763657600542578,1083,208,37,137,17,28,20,109
0.730669171845643,0.747467817550951,1071,220,33,160,16,32,17,128
0.765392397745339,0.803449498585318,1053,238,33,146,20,34,13,112
0.772118695010656,0.7830547885662,1072,219,29,142,15,28,14,114
0.697294010337489,0.774207091650128,1051,240,26,152,12,28,14,124
0.75443585077343,0.771295550215145,1069,222,35,145,17,26,18,119
0.72543977340489,0.735161634445349,1041,250,43,166,16,33,27,133
0.76086865207712,0.77614874216919,1062,229,38,154,23,33,15,121
0.719135278814614,0.737730144013868,1064,227,28,158,13,31,15,127
0.766414762021791,0.792512087294484,1070,221,39,144,22,34,17,110
0.738512616201859,0.761778599005686,1071,220,36,160,14,38,22,122
0.722402863544456,0.731984320200386,1073,218,29,164,12,25,17,139
0.768203940287332,0.781252603710448,1083,208,34,140,15,25,19,115
0.705952548083672,0.748226680755663,1070,221,34,150,17,31,17,119
0.723813526445105,0.76099940805549,1069,222,37,162,15,32,22,130
0.720659889948335,0.753847360897313,1105,186,38,145,16,26,22,119
0.680993920169178,0.693522953842613,1063,228,30,171,8,34,22,137
0.667188221951527,0.696999986504231,1062,229,38,154,14,26,24,128
0.71505016722408,0.712616538054472,1080,211,26,132,11,23,15,109
0.703125,0.710910966385981,1069,222,32,150,13,27,19,123
0.802777777777778,0.821969731398719,1036,255,36,145,24,26,12,119
0.705345723421263,0.754967380893203,1042,249,40,121,19,28,21,93
0.791706795077582,0.798932264986004,1079,212,45,168,22,30,23,138
0.72339626933576,0.731748898472637,1069,222,35,159,12,39,23,120
0.713961645506882,0.710120041677107,1074,217,42,167,16,39,26,128
0.631887907069103,0.658857864453585,1062,229,32,149,11,33,21,116
0.68595313921747,0.70941611534144,1052,239,35,141,14,22,21,119
0.738508784719691,0.759395976856557,1083,208,44,167,18,33,26,134
0.792311191992721,0.812866545285533,1052,239,35,145,22,30,13,115
0.750161338363781,0.779668128865178,1047,244,32,154,12,29,20,125
0.706809750927398,0.712146735254551,1076,215,33,159,14,35,19,124
0.726119136793294,0.775965568799372,1087,204,45,148,24,30,21,118
0.709228217216693,0.748925420336539,1074,217,46,159,18,30,28,129
0.776736895822702,0.801611531670186,1079,212,44,150,18,24,26,126
0.77476870208829,0.785038950000243,1044,247,30,144,17,26,13,118
0.724105493603339,0.754156334000875,1049,242,47,151,23,27,24,124
0.737556180955181,0.753765556109911,1066,225,38,143,17,23,21,120
0.755966519624477,0.784273591264645,1064,227,28,149,14,29,14,120
0.763072078115683,0.79999938453787,1083,208,43,153,23,35,20,118
0.792035191164771,0.815211660975191,1069,222,34,145,21,31,13,114
0.749200639488409,0.771567404171257,1061,230,40,139,19,29,21,110
0.693528207461328,0.716289122272579,1046,245,35,158,17,29,18,129
0.727373290426388,0.757699085380608,1055,236,48,142,24,31,24,111
0.739994167820952,0.772103215731655,1082,209,44,152,18,27,26,125
0.773623748862602,0.808034017966281,1066,225,35,153,20,31,15,122
0.748351219512195,0.765348717397849,1061,230,41,143,19,30,22,113
0.676177675371224,0.705519353385959,1083,208,31,162,12,32,19,130
0.76588903331737,0.801104156444076,1068,223,47,154,26,30,21,124
0.744649257552483,0.783418871230433,1081,210,31,159,17,28,14,131
0.72146104694028,0.713025333782696,1079,212,39,150,14,23,25,127
0.724799357945425,0.742745415578783,1062,229,45,159,22,29,23,130
0.721565768302494,0.745815680259856,1078,213,48,168,21,26,27,142
0.735286249331193,0.751480297558594,1067,224,45,161,21,23,24,138
0.72062101910828,0.74421408894023,1074,217,35,167,14,23,21,144
0.654812707444286,0.682390048918807,1049,242,37,150,7,28,30,122
0.748820988880064,0.761205301539706,1066,225,32,145,15,23,17,122
0.781672401081347,0.798634711191461,1053,238,39,158,22,35,17,123
0.739460752618648,0.766441931097348,1060,231,37,148,20,32,17,116
0.752122936333463,0.754425787491043,1077,214,37,138,16,24,21,114
0.797913466461854,0.801636413088001,1054,237,31,162,16,29,15,133
0.767362225789192,0.791764350886592,1062,229,45,162,22,26,23,136
0.750529941706412,0.768393408966031,1084,207,33,145,13,25,20,120
0.800045495905369,0.816411871733519,1091,200,35,139,20,30,15,109
0.776229578861158,0.819173999256898,1054,237,37,148,22,31,15,117
0.705207775994293,0.730318495216266,1087,204,45,170,20,38,25,132
0.710589545241444,0.731252792033851,1064,227,27,152,12,35,15,117
0.735834440017707,0.74904423626,1054,237,36,156,18,24,18,132
0.726288486579577,0.745517183754156,1104,187,38,157,14,24,24,133
0.716913102820746,0.749800245077975,1055,236,35,158,16,28,19,130
0.757639024390244,0.778788211659062,1068,223,41,144,21,36,20,108
0.774784054805401,0.799115555979087,1079,212,32,150,16,32,16,118
0.779061194396658,0.8050159919695,1062,229,39,155,23,37,16,118
0.765467625899281,0.802342613238961,1074,217,40,137,21,22,19,115
0.699378522907935,0.744135254383499,1082,209,33,150,16,32,17,118
0.705785999903647,0.753111738119032,1071,220,33,139,13,23,20,116
0.717380060638488,0.745070520584461,1068,223,45,151,19,33,26,118
0.785317073170732,0.814169703706452,1071,220,41,160,25,34,16,126
0.736868292682927,0.77120612004528,1063,228,41,159,23,25,18,134
0.770935822898032,0.800403449647538,1070,221,43,163,24,35,19,128
0.784723225899696,0.79108395989086,1050,241,33,145,19,32,14,113
0.77039728946937,0.782828185851575,1075,216,29,156,14,32,15,124
0.680914467697907,0.690800408074749,1058,233,35,139,13,27,22,112
0.783834586466165,0.775640723168668,1042,249,38,162,21,33,17,129
0.734042311191993,0.758651882534078,1060,231,35,145,19,31,16,114
0.745074977947663,0.758550750577216,1076,215,38,151,14,38,24,113
0.787356036536934,0.808377401723016,1071,220,32,176,16,41,16,135
0.725280379720251,0.749635459832427,1069,222,38,133,18,34,20,99
0.769007014743563,0.776285474390599,1070,221,38,147,18,29,20,118
0.718528689116924,0.752132034250164,1073,218,33,176,13,34,20,142
0.700965548054011,0.737094792117087,1065,226,32,156,15,24,17,132
0.728988780778395,0.736264562360589,1074,217,32,142,14,28,18,114
0.734589853010906,0.744667203969558,1068,223,37,129,18,23,19,106
0.730005995203837,0.750384501043123,1065,226,40,151,17,28,23,123
0.76925630810093,0.785984984205897,1051,240,36,149,23,34,13,115
0.697494434410048,0.72358332689716,1076,215,38,172,15,25,23,147
0.663255449442298,0.690307509515161,1069,222,44,146,19,28,25,118
0.771407368604854,0.811669483089582,1044,247,46,147,29,30,17,117
0.733045595396193,0.735671630944723,1026,265,36,149,16,31,20,118
0.702907673860911,0.736386155378996,1073,218,40,119,17,28,23,91
0.608947924927306,0.632825364580835,1079,212,30,154,10,26,20,128
0.764878569522285,0.771187666232056,1078,213,42,136,21,27,21,109
0.730184147317854,0.758535916164055,1074,217,42,157,17,29,25,128
0.660573618821041,0.656807013849063,1063,228,30,146,7,23,23,123
0.781814548361311,0.78893726996392,1066,225,40,145,20,27,20,118
0.769408956900183,0.789757481922035,1031,260,34,152,18,29,16,123
0.731642639474918,0.746361037219365,1071,220,27,164,11,26,16,138
0.786712749615975,0.833272241156373,1047,244,31,157,17,36,14,121
0.70683575978162,0.736749886019651,1049,242,35,141,18,26,17,115
0.716216216216216,0.748009605408934,1039,252,33,139,15,26,18,113
0.788349320543565,0.806421558573647,1068,223,40,137,22,21,18,116
0.656505914467698,0.686047952157248,1086,205,35,168,12,27,23,141
0.706536472266809,0.753615532243564,1078,213,45,154,21,29,24,125
0.728417891183479,0.757026364363061,1072,219,32,128,13,25,19,103
0.745263997983786,0.77825929736318,1088,203,38,179,21,41,17,138
0.774483902678791,0.774423002671495,1047,244,39,161,18,32,21,129
0.754070691024623,0.791384657273349,1066,225,32,154,20,32,12,122
0.867779660090715,0.904391248488434,1069,222,29,157,23,29,6,128
0.757864340132711,0.780547363187103,1058,233,39,154,20,36,19,118
0.722329231317996,0.732048702359685,1081,210,45,165,22,37,23,128
0.841356066613799,0.830901678090403,1040,251,30,146,18,30,12,116
0.751270561232854,0.773653560198963,1069,222,29,153,14,33,15,120
0.759239024390244,0.797634394815527,1050,241,41,144,20,32,21,112
0.676353596331134,0.694216655446823,1085,206,34,151,14,23,20,128
0.816977865131733,0.841671296411154,1071,220,34,141,22,25,12,116
0.808404487688642,0.824997220831461,1056,235,32,148,20,35,12,113
0.755334830829707,0.776075564185051,1067,224,34,156,17,34,17,122
0.759451084550686,0.784881101827429,1068,223,36,140,21,24,15,116
0.729126255442045,0.739766720792404,1073,218,37,158,17,28,20,130
0.761140819964349,0.773582769778985,1052,239,33,162,15,29,18,133
0.690168288324067,0.713175175942563,1053,238,32,165,13,37,19,128
0.741154633896569,0.762330395578901,1085,206,31,137,15,29,16,108
0.717726829268293,0.755730148667961,1085,206,41,144,14,28,27,116
0.695892682926829,0.693552886073398,1083,208,41,176,13,29,28,147
0.718829103099131,0.743120218040447,1071,220,47,147,21,23,26,124
0.729586330935252,0.768526893850511,1074,217,40,152,19,27,21,125
0.741707370416272,0.778268018936815,1069,222,44,153,25,35,19,118
0.722881276615658,0.736659156331539,1089,202,34,126,14,24,20,102
0.705280146456617,0.722425351386539,1063,228,33,134,16,22,17,112
0.698974093710936,0.750728655471558,1091,200,37,144,15,24,22,120
0.72205698521488,0.735213576541288,1067,224,37,133,20,30,17,103
0.802843494085532,0.827286419455006,1081,210,35,153,19,27,16,126
0.70959167514987,0.740647097433134,1076,215,28,108,10,11,18,97
0.720264073371284,0.733838671974753,1052,239,51,154,21,33,30,121
0.735053658536585,0.762372062386674,1069,222,41,169,22,44,19,125
0.733209756097561,0.754379526465339,1065,226,41,150,16,35,25,115
0.643437215650591,0.652848119125346,1059,232,35,151,11,26,24,125
0.765104038666339,0.776901327983563,1061,230,39,167,19,37,20,130
0.737709320695103,0.767005804775484,1044,247,25,156,12,36,13,120
0.659900449447641,0.685916044105908,1064,227,38,147,15,27,23,120
0.757632545671168,0.759724985741646,1088,203,32,142,13,21,19,121
0.808563748079877,0.826374999540031,1075,216,31,144,18,30,13,114
0.763647724283083,0.784114901346471,1054,237,24,148,12,25,12,123
0.726728010190399,0.748683014217372,1065,226,48,144,19,35,29,109
0.729759645793801,0.76342999576174,1080,211,51,151,23,26,28,125
0.79406555643669,0.791829455838639,1075,216,30,144,14,26,16,118
0.712693964695566,0.731463220004649,1065,226,42,157,17,26,25,131
0.758158908078844,0.786646154662098,1055,236,42,151,22,25,20,126
0.838990904780378,0.856891163704323,1065,226,37,153,23,31,14,122
0.784584980237154,0.796004414307338,1101,190,26,150,14,22,12,128
0.727395121951219,0.741365475462008,1071,220,41,152,21,32,20,120
0.777115559599636,0.781186236175394,1073,218,35,144,19,24,16,120
0.778795927401505,0.779462700374918,1068,223,36,156,18,29,18,127
0.795954419954139,0.807769270533262,1080,211,34,156,17,32,17,124
0.726715309779826,0.745538062927749,1056,235,31,149,12,33,19,116
0.74900153609831,0.790147849281181,1072,219,31,136,18,32,13,104
0.769344524380496,0.808858922229844,1069,222,40,149,20,27,20,122
0.749369189907039,0.759289190587483,1070,221,36,144,18,26,18,118
0.760829268292683,0.794812496226096,1054,237,41,156,17,32,24,124
0.701448840927258,0.715924657893881,1053,238,40,167,16,37,24,130
0.743565147881695,0.782307064085292,1047,244,40,158,22,41,18,117
0.721226539783241,0.740653130697539,1072,219,30,144,14,25,16,119
0.724586886351592,0.744752093353221,1066,225,33,145,12,30,21,115
0.741515100600664,0.745677428843264,1056,235,38,166,11,31,27,135
0.731768764892772,0.745909751303383,1099,192,32,157,12,29,20,128
0.694459973166369,0.734874528440351,1043,248,43,163,23,43,20,120
0.707168458781362,0.72346386893862,1053,238,31,149,12,32,19,117
0.800594766058684,0.813641587560948,1073,218,30,169,20,37,10,132
0.721496437054632,0.72302004201799,1105,186,28,148,7,21,21,127
0.684119079238601,0.715880099644251,1059,232,36,165,14,35,22,130
0.707258064516129,0.751690530731619,1061,230,31,159,16,30,15,129
0.776405072768964,0.798891070475026,1091,200,34,147,21,27,13,120
0.771424145221258,0.791335520297131,1069,222,44,146,22,33,22,113
0.797309341426989,0.799557576818375,1068,223,33,117,16,19,17,98
0.689365332120109,0.723504610012761,1060,231,35,177,16,31,19,146
0.601577654209233,0.641529068411312,1061,230,37,138,10,31,27,107
0.797857666278719,0.79858598138376,1072,219,37,146,19,33,18,113
0.783482680541504,0.793180560414244,1073,218,33,149,16,33,17,116
0.797685900135711,0.812627914695657,1046,245,34,141,18,34,16,107
0.693481629039398,0.71980716872516,1075,216,36,162,14,19,22,143
0.739729911370605,0.767178832406949,1027,264,38,162,20,38,18,124
0.719231129205859,0.754633660174899,1069,222,34,131,16,18,18,113
0.74962465878071,0.779180679403781,1062,229,35,138,17,24,18,114
0.687533440342429,0.710505928297427,1061,230,45,148,17,27,28,121
0.734582334132694,0.748287743841497,1079,212,40,141,20,35,20,106
0.770800238284353,0.784338778545641,1059,232,32,150,19,34,13,116
0.73796962430056,0.75873051431535,1056,235,40,147,20,39,20,108
0.741519174041298,0.764220926847529,1050,241,48,171,26,44,22,127
0.7660097299444,0.770247272317459,1068,223,32,138,16,34,16,104
0.727003098716246,0.760147208836419,1052,239,36,148,17,26,19,122
0.789143421496363,0.799726687606001,1088,203,33,164,15,32,18,132
0.70889656938044,0.730317432222873,1071,220,31,138,15,30,16,108
0.714855934443563,0.736169028750458,1078,213,30,157,9,26,21,131
0.798561151079137,0.811818860019157,1043,248,40,152,26,39,14,113
0.742578435266084,0.777044558829604,1067,224,32,158,13,35,19,123
0.723888006354249,0.740095748983418,1061,230,32,150,16,37,16,113
0.765775609756098,0.761092792019842,1035,256,41,153,20,36,21,117
0.765625,0.783371714974534,1054,237,32,153,17,28,15,125
0.742229427549195,0.734519275133578,1047,244,43,151,14,29,29,122
0.722667203867849,0.777827709893496,1075,216,50,145,24,25,26,120
0.776803895528995,0.800265915605776,1064,227,36,128,22,30,14,98
0.757852772558655,0.799860046369831,1083,208,33,140,17,22,16,118
0.722377622377622,0.760648292315492,1070,221,26,155,13,26,13,129
0.721990243902439,0.748927059502454,1069,222,41,154,19,37,22,117
0.762198801672486,0.792255174069947,1080,211,37,161,17,28,20,133
0.761723987664253,0.800388455722098,1042,249,48,160,27,35,21,125
0.78455460808402,0.801969738261006,1062,229,33,145,17,30,16,115
0.808025110281642,0.83027178864226,1059,232,28,158,16,43,12,115
0.786260236578708,0.803928206397278,1092,199,35,152,20,20,15,132
0.772349863512284,0.797350094359102,1086,205,35,159,18,22,17,137
0.804280253706893,0.815826379920693,1053,238,38,162,26,40,12,122
0.645272398874281,0.657930347788524,1076,215,38,149,11,21,27,128
0.717509331523583,0.725942533400028,1065,226,28,146,13,24,15,122
0.724229058832106,0.748967166747486,1085,206,44,148,19,22,25,126
0.68859999159911,0.721570727950563,1077,214,38,145,16,25,22,120
0.748674511832407,0.76553695522788,1046,245,37,145,22,38,15,107
0.700008621061253,0.749317386712774,1092,199,37,155,18,25,19,130
0.796417197452229,0.816449150523515,1048,243,35,139,17,29,18,110
0.707870791628753,0.721638066141986,1058,233,35,154,13,32,22,122
0.713470154646625,0.725587164952338,1065,226,33,142,11,17,22,125
0.719460873521383,0.740401522677866,1043,248,35,161,18,35,17,126
0.782324170719711,0.840262519765566,1065,226,29,144,17,29,12,115
0.765882926829268,0.782244185252954,1046,245,41,139,19,25,22,114
0.668817204301075,0.716607837410716,1052,239,31,160,15,28,16,132
0.791755201416556,0.809445557436152,1087,204,36,160,22,42,14,118
0.770614168440255,0.784481367484824,1084,207,26,162,15,30,11,132
0.741049982843418,0.758867678797159,1088,203,42,165,19,29,23,136
0.805607746784217,0.813497414469441,1068,223,33,151,14,25,19,126
0.77286409242931,0.794035886192195,1052,239,26,154,16,20,10,134
0.75969756097561,0.777651140614552,1044,247,41,165,23,39,18,126
0.82468564821506,0.85157822894384,1074,217,33,150,19,38,14,112
0.703865512951024,0.729226152354029,1080,211,28,151,9,20,19,131
0.779451774001192,0.787434392011952,1063,228,43,131,24,21,19,110
0.731476128534952,0.770809941426376,1085,206,33,158,17,37,16,121
0.657826275473334,0.676845354575315,1065,226,33,145,11,28,22,117
0.717004094631483,0.72620717846447,1061,230,35,147,12,32,23,115
0.725679422018734,0.743360988364709,1079,212,38,158,16,35,22,123
0.745741494688568,0.766416801327752,1047,244,34,151,14,31,20,120
0.79244451200973,0.791187499295757,1058,233,26,189,13,38,13,151
0.71384542437174,0.73842153942422,1076,215,37,154,13,26,24,128
0.766466226992543,0.789479600133544,1062,229,37,138,23,30,14,108
0.738718725178713,0.762170787021484,1053,238,32,170,14,41,18,129
0.735048643113159,0.757043095227362,1088,203,31,166,14,31,17,135
0.625652841781874,0.654645737162077,1058,233,31,152,11,30,20,122
0.716131907308378,0.729583542646913,1077,214,33,152,14,26,19,126
0.76813542235477,0.800092220288103,1060,231,38,142,20,30,18,112
0.699102829537612,0.721590793600152,1050,241,49,165,23,37,26,128
0.746568884232582,0.773902802791441,1050,241,46,150,26,33,20,117
0.76540160841938,0.767394298368728,1070,221,32,160,12,35,20,125
0.840430946725484,0.852698680006403,1062,229,28,157,20,33,8,124
0.699117174959872,0.74335962050148,1050,241,45,144,23,37,22,107
0.754058536585366,0.769551255063158,1063,228,41,141,18,26,23,115
0.688312973645515,0.704864242288527,1053,238,28,143,12,26,16,117
0.728427782938958,0.731623045165118,1104,187,29,144,9,24,20,120
0.748020585906572,0.760565964635671,1050,241,28,145,11,31,17,114
0.675734597156398,0.677794874261267,1069,222,25,152,9,26,16,126
0.743303463891699,0.757420525715214,1082,209,33,144,15,26,18,118
0.736655104302163,0.768100397890259,1063,228,33,140,14,24,19,116
0.732497985495568,0.752037938573528,1071,220,50,165,18,35,32,130
0.825691244239631,0.834992203859747,1067,224,31,154,19,31,12,123
0.797400425661295,0.799824598440007,1067,224,26,159,13,32,13,127
0.754558386137334,0.773827880089857,1074,217,37,165,15,33,22,132
0.766339690693481,0.765481584703059,1066,225,29,145,19,35,10,110
0.733610986881336,0.757232940104079,1052,239,43,141,22,33,21,108
0.792973454738161,0.812226856361151,1081,210,33,151,19,25,14,126
0.693892682926829,0.731541197822536,1072,219,41,190,16,42,25,148
0.797580543537615,0.810218514194331,1078,213,38,165,18,34,20,131
0.768238887003733,0.796746503743709,1045,246,28,132,14,29,14,103
0.793149623727313,0.819740072178041,1073,218,36,147,21,29,15,118
0.71820313393572,0.733801394289976,1061,230,42,165,16,39,26,126
0.78660070913874,0.804529314851155,1061,230,42,179,23,38,19,141
0.726760975609756,0.755025478432936,1050,241,41,157,21,40,20,117
0.719092682926829,0.742434718454707,1073,218,41,152,18,26,23,126
0.770038954761296,0.790979663881915,1070,221,57,155,28,32,29,123
0.717716333845366,0.724034446010062,1062,229,31,141,12,29,19,112
0.708614951356887,0.727600820209074,1071,220,31,166,11,25,20,141
0.692742772829116,0.716536805524725,1035,256,29,137,13,34,16,103
0.695109190172884,0.704787882151914,1075,216,35,156,11,19,24,137
0.772364217252396,0.806490092464934,1052,239,39,146,24,30,15,116
0.773983239568683,0.787186401832062,1078,213,27,174,11,26,16,148
0.763183780534455,0.77610336060474,1062,229,29,162,11,39,18,123
0.739058752997602,0.757961041546392,1048,243,40,153,20,34,20,119
0.733405368516833,0.736478373724944,1062,229,35,162,14,30,21,132
0.758357558139535,0.775304890287596,1066,225,43,154,21,23,22,131
0.730639396346307,0.761886700296008,1072,219,32,169,15,21,17,148
0.730170591237151,0.750864755988679,1081,210,44,180,20,33,24,147
0.764304060331166,0.79741937286923,1061,230,29,148,17,29,12,119
0.710483481063658,0.711955456710919,1060,231,50,158,20,42,30,116
0.741994098038144,0.749612205040924,1084,207,29,153,10,18,19,135
0.662523434570679,0.688746390239661,1081,210,21,136,5,20,16,116
0.712300430123205,0.737678472065489,1052,239,44,161,19,35,25,126
0.696162740280387,0.711658726314019,1086,205,33,159,11,20,22,139
0.661983717235901,0.677803097814153,1062,229,32,157,15,25,17,132
0.77644890880185,0.783619116238421,1066,225,33,154,16,31,17,123
0.693370960602036,0.734397790423407,1070,221,36,148,14,30,22,118
0.721773007938842,0.733586775956435,1076,215,38,147,14,23,24,124
0.786409404056463,0.795840059667061,1057,234,33,152,16,32,17,120
0.700288805551964,0.729179543105229,1063,228,37,152,18,30,19,122
0.693382895060211,0.706526108846718,1074,217,39,146,14,34,25,112
0.755366197720081,0.782445547675755,1066,225,42,147,22,36,20,111
0.734989937388193,0.755658784435801,1054,237,43,153,19,32,24,121
0.653999389988181,0.693325465095433,1069,222,42,117,14,19,28,98
0.692265696087352,0.705454626412943,1054,237,35,181,16,35,19,146
0.802064518838997,0.850660770407275,1064,227,38,137,24,30,14,107
0.799592654855813,0.807509031733024,1041,250,37,134,25,36,12,98
0.694713347472122,0.709970077811794,1097,194,47,141,19,26,28,115
0.771023181454836,0.784782570561695,1070,221,40,167,22,36,18,131
0.771040783463144,0.805626271054082,1055,236,49,165,24,28,25,137
0.698171462829736,0.730010278102184,1057,234,40,167,19,37,21,130
0.65958388667552,0.691886617687354,1066,225,36,149,12,32,24,117
0.708487804878049,0.727716137741586,1064,227,41,152,15,35,26,117
0.727455924824346,0.75155894687467,1050,241,37,150,17,25,20,125
0.811699948796723,0.822415152255932,1056,235,31,161,21,33,10,128
0.723516192716428,0.752927332423532,1070,221,38,136,20,27,18,109
0.760400580279845,0.776887280701696,1076,215,34,143,17,28,17,115
0.783894449499545,0.799283781822296,1053,238,35,178,21,43,14,135
0.73011137629276,0.758478074529399,1081,210,34,152,17,26,17,126
0.767762284196547,0.791600320646971,1067,224,36,150,19,26,17,124
0.749033897593145,0.789024574938337,1089,202,38,151,19,30,19,121
0.739672429481347,0.773985456253945,1062,229,35,142,19,17,16,125
0.689464925755248,0.721016532558601,1062,229,31,144,12,28,19,116
0.661597853690505,0.667719530763647,1071,220,39,163,19,34,20,129
0.708245243128964,0.727297734456993,1060,231,44,163,17,27,27,136
0.705194290245837,0.717030064666687,1051,240,30,137,13,25,17,112
0.709344435633095,0.7518245879469,1069,222,30,152,15,23,15,129
0.775053658536585,0.795057801713122,1049,242,41,159,23,34,18,125
0.701032194642418,0.718252107606921,1063,228,39,168,14,34,25,134
0.784442446043166,0.795446735570995,1062,229,40,130,20,27,20,103
0.768265387689848,0.788016140704613,1075,216,40,156,22,31,18,125
0.732764850411909,0.779518113463151,1057,234,33,160,19,36,14,124
0.763248847926267,0.784004362186442,1063,228,31,155,14,29,17,126
0.785366698257637,0.781874907417605,1059,232,44,169,25,36,19,133
0.770268425841674,0.800149954075069,1072,219,35,154,18,29,17,125
0.711514534554915,0.743889404774602,1070,221,28,146,13,18,15,128
0.792999882794187,0.801854608793898,1065,226,27,150,13,28,14,122
0.705432489451477,0.725196086773388,1072,219,27,166,11,33,16,133
0.804636290967226,0.829765915925548,1075,216,40,138,23,21,17,117
0.700550258327383,0.73047086113077,1076,215,38,141,17,25,21,116
0.694934902800071,0.722536444459932,1068,223,45,160,19,38,26,122
0.697647412426909,0.716296139903769,1054,237,29,147,14,38,15,109
0.809576888080073,0.852198069797208,1061,230,35,127,25,27,10,100
0.791154791154791,0.800563281192014,1096,195,33,159,16,27,17,132
0.797202001819836,0.794871333465736,1071,220,35,144,19,23,16,121
0.756875296348981,0.785798003489889,1070,221,37,165,19,35,18,130
0.737170688932098,0.761092681719516,1068,223,42,156,22,26,20,130
0.734395345906666,0.757158249835059,1070,221,38,156,17,31,21,125
0.772440878733146,0.79534491861338,1062,229,38,158,21,35,17,123
0.789247381352644,0.808335541408986,1095,196,37,142,21,25,16,117
0.715717426059153,0.742329136832377,1100,191,40,152,15,31,25,121
0.750679456434852,0.765736056208757,1071,220,40,138,17,32,23,106
0.700626959247649,0.730318997475094,1064,227,44,169,18,36,26,133
0.776588818414752,0.811754089448329,1038,253,38,104,25,30,13,74
0.745555716143951,0.767454376864206,1073,218,33,151,15,28,18,123
0.715189354609541,0.722971477174202,1083,208,29,140,7,23,22,117
0.752866803881212,0.760254654459138,1059,232,38,146,17,31,21,115
0.732588766504755,0.774371953138805,1049,242,47,159,26,38,21,121
0.730979133226324,0.759839583047833,1063,228,45,158,20,28,25,130
0.702251438652497,0.740671425614723,1064,227,38,144,16,26,22,118
0.768583912965936,0.795240035804921,1044,247,45,175,24,39,21,136
0.755815490351573,0.779114097582827,1046,245,30,170,15,31,15,139
0.731189071844024,0.745114428490764,1042,249,39,148,17,28,22,120
0.744743249225321,0.767941442904729,1065,226,36,151,16,28,20,123
0.741945492454329,0.753055594544919,1082,209,32,141,13,21,19,120
0.749109263657957,0.75882809467611,1088,203,28,143,13,24,15,119
0.701823481235246,0.703166465866429,1061,230,33,142,13,33,20,109
0.736392729134664,0.778615882982417,1079,212,31,153,16,27,15,126
0.730214664425191,0.759963026583207,1075,216,37,166,19,29,18,137
0.684047052603754,0.719606969922789,1068,223,30,140,14,23,16,117
0.699364575059571,0.719560526781315,1081,210,32,154,13,30,19,124
0.680713655647499,0.705569690387445,1085,206,38,151,16,27,22,124
0.715067945643485,0.720941007620859,1037,254,40,170,17,39,23,131
0.796303604314654,0.830140085274616,1071,220,24,132,16,25,8,107
0.739985493003884,0.746659083594053,1076,215,34,155,16,26,18,129
0.769689737470167,0.806431712357983,1090,201,34,147,13,25,21,122
0.765357713828937,0.777357099823134,1069,222,40,152,19,33,21,119
0.702957555337171,0.723961879245738,1069,222,34,144,14,25,20,119
0.785027376105573,0.813561201945583,1060,231,34,139,18,31,16,108
0.728362824608831,0.765977281990252,1080,211,39,149,18,25,21,124
0.784939624329159,0.811324747749169,1067,224,43,162,26,39,17,123
0.78538197197991,0.80145860042228,1074,217,30,154,13,29,17,125
0.68472320891852,0.694182677527484,1091,200,29,161,11,24,18,137
0.775794626034243,0.812321608072475,1075,216,39,172,24,30,15,142
0.737079184447606,0.763429566297207,1080,211,37,136,16,26,21,110
0.781139307427967,0.804037691456811,1061,230,30,146,16,36,14,110
0.75497215592681,0.763421968374379,1052,239,34,136,17,31,17,105
0.716614940299151,0.733118898778193,1071,220,37,139,13,20,24,119
0.719368646334939,0.740246150988565,1084,207,45,153,22,30,23,123
0.644018371364001,0.685248132391711,1050,241,44,159,15,32,29,127
0.680478456251652,0.750235435643387,1088,203,30,160,15,27,15,133
0.777027027027027,0.775268484681234,1052,239,37,150,21,31,16,119
0.799847978108848,0.806706514558686,1063,228,26,131,15,30,11,101
0.718171757414785,0.723316287272027,1081,210,36,163,17,36,19,127
0.762297056414703,0.767444516027519,1069,222,33,151,16,25,17,126
0.77122757434259,0.789475781083798,1054,237,39,162,22,31,17,131
0.748203062046736,0.774808479319721,1049,242,50,158,25,42,25,116
0.771239024390244,0.815510111528242,1057,234,41,155,23,34,18,121
0.745235267503676,0.785121532951161,1066,225,28,159,16,32,12,127
0.692452412571934,0.705442262057464,1047,244,36,151,16,32,20,119
0.680657962109575,0.703446424574597,1063,228,31,153,12,27,19,126
0.782292500667201,0.804429241024745,1079,212,42,182,22,28,20,154
0.720914694598905,0.74919983906749,1066,225,37,147,14,24,23,123
0.717803587180241,0.733511593597497,1053,238,38,169,18,38,20,131
0.690504648074369,0.710987553219694,1075,216,36,141,15,29,21,112
0.813815528196982,0.814906235022652,1054,237,32,155,19,36,13,119
0.770257709411679,0.791646959371206,1069,222,44,154,22,37,22,117
0.751863414634147,0.774081907271171,1064,227,41,152,21,33,20,119
0.662890995260664,0.707494422473718,1084,207,25,140,8,24,17,116
0.723110465116279,0.764291796063581,1067,224,43,155,21,30,22,125
0.776133953615653,0.791137127928375,1057,234,47,155,27,36,20,119
0.759410405485987,0.79158478185349,1058,233,43,162,25,32,18,130
0.793195869508024,0.816898831619103,1054,237,24,128,13,26,11,102
0.726301876817341,0.735305358600208,1078,213,30,149,12,26,18,123
0.78910243902439,0.801659890103465,1060,231,41,140,21,33,20,107
0.722287948996024,0.755241998291782,1063,228,49,157,21,32,28,125
0.725353887512076,0.739345689998724,1078,213,38,130,14,25,24,105
0.76747311827957,0.791709352143153,1089,202,31,157,18,26,13,131
0.632404458598726,0.64280693842737,1073,218,35,148,10,22,25,126
0.767014218009479,0.766147352859272,1087,204,25,154,12,23,13,131
0.823082926829268,0.838537288394347,1066,225,41,161,22,29,19,132
0.677028377298161,0.702667020508088,1061,230,40,161,17,27,23,134
0.759240814519699,0.785022010354804,1049,242,36,135,18,27,18,108
0.786277521761393,0.800446004605746,1071,220,31,153,14,33,17,120
0.743338683788122,0.763430244323013,1020,271,45,155,23,33,22,122
0.773546359350445,0.78355982820908,1046,245,46,151,22,30,24,121
0.744745222929936,0.78570854909647,1081,210,35,136,16,26,19,110
0.692116759332804,0.714031574761513,1056,235,32,160,11,35,21,125
0.750057188608029,0.791473625466382,1063,228,42,169,22,38,20,131
0.714040971057811,0.728014733911074,1043,248,44,159,16,35,28,124
0.742396083133493,0.772171882007971,1061,230,40,147,22,25,18,122
0.684929481346679,0.705244007292771,1067,224,35,123,12,26,23,97
0.777867471570967,0.792416244612404,1077,214,34,172,17,40,17,132
0.700667244784892,0.722442827111903,1042,249,33,139,15,25,18,114
0.779968964179491,0.812756818231317,1071,220,37,141,22,32,15,109
0.693152866242038,0.709612858366618,1059,232,35,130,13,18,22,112
0.719930050822449,0.750818241408108,1083,208,29,148,14,24,15,124
0.741957903097696,0.751782654408947,1069,222,32,143,16,24,16,119
0.691414289914731,0.704248941131402,1039,252,38,163,16,38,22,125
0.767984488481383,0.796463103477363,1066,225,49,154,23,27,26,127
0.732302422557585,0.787117915758409,1085,206,32,132,17,27,15,105
0.752187594292857,0.771190799889734,1034,257,37,127,18,30,19,97
0.769726062467998,0.791337775010817,1071,220,31,144,16,19,15,125
0.738383119962067,0.740978422099255,1082,209,37,147,16,24,21,123
0.764483220810167,0.794634600703241,1092,199,32,137,18,28,14,109
0.787667201712145,0.796916063993313,1060,231,45,140,24,33,21,107
0.7176649437519,0.730197925546303,1053,238,26,175,11,29,15,146
0.727958163565338,0.764318689226112,1056,235,38,155,20,39,18,116
0.756629039397964,0.770016092432822,1058,233,36,162,16,39,20,123
0.795018271936825,0.818598578587034,1100,191,38,142,21,21,17,121
0.79615307753797,0.800727759849968,1057,234,40,156,23,37,17,119
0.753850699607305,0.779485490465736,1092,199,42,176,19,32,23,144
0.774690667859273,0.786661869963223,1057,234,43,153,19,34,24,119
0.636954992967651,0.668836073924085,1043,248,27,152,10,25,17,127
0.655885291766587,0.663814556107914,1063,228,40,151,16,29,24,122
0.772074802699302,0.812801789094961,1054,237,42,145,24,42,18,103
0.744223950589043,0.763050973314631,1065,226,42,131,18,29,24,102
0.772167849792078,0.785356280685558,1064,227,38,173,20,39,18,134
0.764440277598172,0.766925643330764,1105,186,37,143,18,21,19,122
0.659186373755618,0.676663072604063,1078,213,38,177,14,28,24,149
0.755670601083715,0.791912438660479,1085,206,38,157,21,20,17,137
0.758826902596871,0.757838353371684,1049,242,39,143,20,30,19,113
0.695530027297543,0.698319321484034,1062,229,35,160,13,33,22,127
0.679559174505124,0.702044065078316,1069,222,34,150,14,25,20,125
0.719390172778304,0.732558631951793,1062,229,44,157,20,38,24,119
0.710400302432058,0.727641657616253,1052,239,38,151,17,25,21,126
0.767550045495905,0.774827242183926,1072,219,35,143,23,27,12,116
0.708644384119443,0.748600432461547,1098,193,28,153,11,24,17,129
0.674845898530109,0.687891011103496,1080,211,37,132,11,19,26,113
0.761214740673339,0.793171456727935,1054,237,35,146,19,35,16,111
0.722352118305356,0.777197563004011,1047,244,40,142,19,30,21,112
0.675623014297061,0.687374917378983,1060,231,32,136,14,28,18,108
0.708686267009126,0.724527695581958,1096,195,29,150,9,22,20,128
0.72524894333405,0.739647611996619,1076,215,22,169,10,35,12,134
0.74802092811647,0.765971817439895,1070,221,35,141,12,25,23,116
0.731150501953207,0.74341224955659,1061,230,38,159,16,32,22,127
0.761527666399358,0.822932283571748,1059,232,44,165,18,33,26,132
0.732226648959717,0.761282804759747,1086,205,36,157,16,25,20,132
0.742316147082334,0.758288045995635,1081,210,40,165,20,38,20,127
0.732315183709606,0.781438005976092,1041,250,36,152,21,36,15,116
0.761066843736166,0.772699191141953,1094,197,36,142,17,26,19,116
0.723843902439025,0.742253243521202,1064,227,41,133,17,22,24,111
0.706327282294133,0.728922050211958,1060,231,24,146,11,22,13,124
0.73052727896603,0.768357646298443,1055,236,42,150,19,27,23,123
0.74158860839249,0.75579125038173,1038,253,38,161,14,32,24,129
0.766662875341219,0.780144226424501,1043,248,35,172,18,45,17,127
0.760303231518371,0.790295833079336,1053,238,36,141,18,25,18,116
0.738554348618503,0.763332269036812,1063,228,44,160,18,32,26,128
0.694955309092611,0.722899854941368,1045,246,34,134,18,28,16,106
0.708922171018945,0.740310530055517,1046,245,31,140,13,40,18,100
0.764024568054239,0.781333605535163,1067,224,44,150,20,28,24,122
0.789194722474977,0.79484870655222,1072,219,35,153,20,32,15,121
0.742400211472376,0.781996519310034,1076,215,30,170,16,31,14,139
0.734062980030722,0.7361145496886,1077,214,31,156,13,25,18,131
0.654446442845723,0.687824057183863,1076,215,40,150,14,28,26,122
0.74089058776807,0.761519052286866,1063,228,32,152,15,33,17,119
0.749241219829455,0.770501227789018,1061,230,33,151,15,36,18,115
0.778640940405646,0.804093571775746,1065,226,33,149,18,23,15,126
0.811765670255205,0.821324867851551,1067,224,29,144,17,26,12,118
0.681464413722478,0.706752209018478,1065,226,31,143,15,25,16,118
0.706974420463629,0.740120566801464,1055,236,40,160,15,33,25,127
0.761521951219512,0.778063728978562,1069,222,41,161,19,34,22,127
0.715144288673701,0.742223381084923,1065,226,33,147,15,33,18,114
0.763383873835931,0.786729438435979,1058,233,34,166,18,27,16,139
0.732117367168914,0.769177525363104,1068,223,30,169,17,36,13,133
0.714996022275259,0.734765630693887,1067,224,34,155,16,30,18,125
0.815673456977805,0.856632881927315,1079,212,26,150,15,21,11,129
0.712375403622069,0.747066359525392,1069,222,34,155,18,32,16,123
0.736221779548473,0.764724149755193,1070,221,36,143,18,27,18,116
0.723372570001784,0.74434759616252,1064,227,45,156,22,35,23,121
0.791799363057325,0.826417739549499,1067,224,35,142,18,37,17,105
0.739766317485898,0.75598174550543,1075,216,50,159,25,34,25,125
0.72726574500768,0.733680311849905,1071,220,31,140,15,29,16,111
0.747501982553529,0.761604450725151,1055,236,30,153,15,35,15,118
0.763128101363396,0.775415068732996,1083,208,33,142,17,31,16,111
0.738767153607791,0.762652140933666,1058,233,36,151,17,32,19,119
0.707512892639475,0.700916920185935,1064,227,27,158,12,24,15,134
0.702517073170732,0.740960012967099,1067,224,41,170,20,29,21,141
0.740848780487805,0.771965182207935,1050,241,41,144,22,33,19,111
0.722849582587955,0.738443573462247,1051,240,43,168,20,34,23,134
0.703784601167724,0.732634974830089,1072,219,38,150,15,24,23,126
0.75507203763599,0.769378357647617,1074,217,38,135,18,29,20,106
0.681252107722696,0.707000032148725,1065,226,33,162,13,28,20,134
0.724000573441468,0.769547488932535,1088,203,39,157,14,25,25,132
0.739741035856574,0.765736270188594,1068,223,36,150,19,28,17,122
0.778164833246028,0.797876172392098,1082,209,46,136,22,25,24,111
0.77095594792224,0.787490023795919,1073,218,45,152,24,31,21,121
0.70184816290394,0.72274111087619,1032,259,36,141,16,35,20,106
0.71342197812786,0.725854340282869,1064,227,33,148,12,27,21,121
0.737887212073074,0.771122315963983,1067,224,32,151,18,33,14,118
0.7559835076428,0.778891341633832,1070,221,48,169,24,39,24,130
0.801478222853708,0.794122248049535,1075,216,29,169,16,32,13,137
0.72933227344992,0.764510852758061,1081,210,33,137,16,28,17,109
0.780245316031202,0.799350343473622,1066,225,44,155,26,36,18,119
0.755487850327967,0.773335830088774,1050,241,43,153,19,29,24,124
0.754805607746784,0.784433292374162,1074,217,33,141,17,25,16,116
0.805922359015091,0.828660530912608,1043,248,32,162,18,31,14,131
0.757963705332126,0.790031661138481,1081,210,37,145,19,22,18,123
0.714828137490008,0.741857101241523,1067,224,40,172,19,26,21,146
0.756976446492576,0.784482481454615,1106,185,31,157,17,29,14,128
0.750358400917506,0.786055134976538,1064,227,39,133,21,31,18,102
0.679810559919351,0.706762106482122,1078,213,38,141,15,22,23,119
0.772372611464968,0.785655888258304,1060,231,35,145,18,27,17,118
0.722949341494071,0.742353986690313,1085,206,29,155,11,28,18,127
0.704310807186913,0.734847608719667,1076,215,48,155,21,30,27,125
0.733900820674,0.756682874572338,1067,224,46,167,23,38,23,129
0.681421327538221,0.7090808973419,1087,204,42,132,17,30,25,102
0.766648831817371,0.783989391285924,1043,248,45,159,27,37,18,122
0.69964314036479,0.71835986273139,1088,203,30,155,12,21,18,134
0.751733049559136,0.794486588858211,1101,190,26,157,15,20,11,137
0.788746399670827,0.804844249667679,1091,200,23,142,12,21,11,121
0.735687203791469,0.737184775582876,1062,229,25,145,9,25,16,120
0.753474988933156,0.772677870569779,1083,208,36,155,15,23,21,132
0.746114195083267,0.777779826427679,1070,221,30,167,14,25,16,142
0.769024598789792,0.764145613009923,1075,216,24,151,14,26,10,125
0.698760513501549,0.726642184342124,1068,223,36,156,18,35,18,121
0.770187578634336,0.78736772744542,1066,225,42,165,22,35,20,130
0.730263414634146,0.777246229961773,1059,232,41,152,22,31,19,121
0.728899952584163,0.727659908615363,1092,199,37,163,18,30,19,133
0.766175266175266,0.798455015504668,1081,210,37,160,18,30,19,130
0.743825682424574,0.777781875735801,1082,209,47,164,24,33,23,131
0.719904837430611,0.746823917515177,1049,242,30,134,13,24,17,110
0.764043455219926,0.782801835936417,1074,217,33,158,14,18,19,140
0.739400533483083,0.782416896297098,1060,231,34,127,16,25,18,102
0.752567945643485,0.75399455897623,1047,244,40,142,17,32,23,110
0.788205186533212,0.803325167998427,1079,212,35,169,17,30,18,139
0.763081009296149,0.758933989032956,1063,228,36,175,20,35,16,140
0.796624942243878,0.802319153915637,1046,245,38,170,23,45,15,125
0.813745704467354,0.834367830744515,1064,227,30,152,20,28,10,124
0.74364763169544,0.763223540720581,1074,217,36,141,18,34,18,107
0.748930496952649,0.793755142145048,1062,229,27,159,13,32,14,127
0.736122125297383,0.761237591150967,1060,231,30,141,9,25,21,116
0.73309542690986,0.775059909468184,1058,233,30,160,17,38,13,122
0.684576921419027,0.695002074913322,1065,226,37,144,17,34,20,110
0.749959039895142,0.779455034707431,1061,230,39,134,20,29,19,105
0.809420664683823,0.832029091313196,1081,210,37,138,24,28,13,110
0.778044871794872,0.813630509491905,1036,255,43,155,28,38,15,117
0.793719556877452,0.80993796402579,1072,219,37,150,20,23,17,127
0.740689253847149,0.75954486784967,1081,210,37,154,20,25,17,129
0.688358144240497,0.700231698746157,1072,219,33,130,15,27,18,103
0.690015360983103,0.709499102090036,1085,206,31,140,13,26,18,114
0.74198846875838,0.764942713556523,1068,223,48,158,21,26,27,132
0.752777777777778,0.780607140822602,1079,212,40,167,21,34,19,133
0.718902169101372,0.728878315394446,1056,235,36,148,15,25,21,123
0.724200639488409,0.762820732192949,1052,239,40,149,21,30,19,119
0.751175548589342,0.780169490738055,1066,225,44,137,22,23,22,114
0.762526829268293,0.789194579297596,1050,241,41,129,20,29,21,100
0.699578710587518,0.731829466311849,1075,216,42,152,18,25,24,127
0.811163676579012,0.840886674299044,1054,237,39,153,24,32,15,121
0.748769935527655,0.768435361334528,1072,219,28,148,14,32,14,116
0.70357761242922,0.735346755755572,1097,194,34,149,13,27,21,122
0.762579617834395,0.784852851373671,1061,230,35,146,19,27,16,119
0.77879405216953,0.781284532902772,1046,245,38,165,22,35,16,130
0.744423908934347,0.77093975567609,1059,232,38,143,22,25,16,118
0.769612914349756,0.77377564399662,1064,227,37,152,18,29,19,123
0.728392217101895,0.745431460960657,1061,230,31,165,11,31,20,134
0.686544380460683,0.702403637831342,1075,216,32,148,12,24,20,124
0.79141342299237,0.803936781628355,1062,229,37,171,21,37,16,134
0.687464159908249,0.710780433274832,1056,235,39,154,17,33,22,121
0.770720583764062,0.766942725338385,1080,211,26,147,8,29,18,118
0.774268862128287,0.791886473611982,1061,230,39,165,23,31,16,134
0.794662058371736,0.815281304293088,1063,228,31,144,21,30,10,114
0.736303123399898,0.742060032410033,1072,219,31,157,18,27,13,130
0.676893896069236,0.714401704588642,1076,215,42,160,17,35,25,125
0.77886690647482,0.788529850800124,1077,214,40,153,22,31,18,122
0.746971803018268,0.759004861138209,1062,229,32,143,12,25,20,118
0.737946074544013,0.753018920907219,1061,230,30,137,14,29,16,108
0.808267970611596,0.827365254519535,1090,201,32,136,20,23,12,113
0.710240941896916,0.741121029847634,1099,192,44,165,12,33,32,132
0.738883268295033,0.774202546869383,1056,235,33,141,17,34,16,107
0.752047502047502,0.762000737928562,1060,231,37,148,18,32,19,116
0.749320695102686,0.759076972838617,1040,251,25,152,13,37,12,115
0.779141463414634,0.810500242878652,1075,216,41,150,23,28,18,122
0.793330773169483,0.814606682031472,1058,233,31,157,21,30,10,127
0.677906375274796,0.694141134553091,1084,207,37,161,12,26,25,135
0.753911297363366,0.762754211737092,1064,227,46,168,18,37,28,131
0.739514213156386,0.755426139480304,1034,257,39,147,21,29,18,118
0.777343039126479,0.794584638533678,1050,241,35,139,20,38,15,101
0.707251515498113,0.734759015055581,1080,211,42,174,16,36,26,138
0.688620071684588,0.712310940928825,1100,191,31,149,11,23,20,126
0.790146341463415,0.812397878246199,1088,203,41,152,24,29,17,123
0.745053658536585,0.754547316740813,1074,217,41,151,19,23,22,128
0.781233998975934,0.814417103136272,1042,249,31,140,20,21,11,119
0.734225778231392,0.751433976588012,1066,225,44,146,18,30,26,116
0.739456882429538,0.77259263130507,1074,217,38,164,16,35,22,129
0.776116204531902,0.794316167172124,1049,242,43,146,24,39,19,107
0.740202461460915,0.777074206558428,1027,264,38,157,21,37,17,120
0.778972571092536,0.808221080508303,1048,243,38,161,24,36,14,125
0.763887300316444,0.779603614942917,1042,249,42,165,19,38,23,127
0.737589214908802,0.776585536993016,1070,221,30,147,11,27,19,120
0.706060047513722,0.733337828909003,1068,223,39,161,12,32,27,129
0.729995379510228,0.756661753248269,1059,232,38,169,20,28,18,141
0.785192946957653,0.801680525900557,1069,222,33,160,16,31,17,129
0.740360975609756,0.758129174872536,1063,228,41,136,18,19,23,117
0.775726676043132,0.793818565142012,1061,230,27,172,17,32,10,140
0.754860123281176,0.769661712813944,1048,243,37,151,18,28,19,123
0.743615107913669,0.784150648930171,1065,226,40,148,20,21,20,127
0.770318725099602,0.791146694451629,1086,205,36,139,17,31,19,108
0.725454657163922,0.745225483677119,1057,234,39,154,17,39,22,115
0.74171974522293,0.767862005068752,1072,219,35,151,19,28,16,123
0.805475261357614,0.8546075165701,1073,218,33,169,22,39,11,130
0.667780337941628,0.664775899089253,1067,224,31,144,9,26,22,118
0.773374982451214,0.791143243916188,1066,225,34,158,15,28,19,130
0.79228125826064,0.808371085491173,1077,214,30,150,15,27,15,123
0.760846902303415,0.785069780678756,1051,240,32,153,17,26,15,127
0.709183075480544,0.725553804174185,1094,197,27,130,11,20,16,110
0.793599749482102,0.807667441339027,1059,232,33,146,20,29,13,117
0.715558194774347,0.782350107608856,1109,182,28,148,14,15,14,133
0.760419512195122,0.766436731973672,1087,204,41,152,18,23,23,129
0.727739960320175,0.734762707241213,1081,210,47,150,20,23,27,127
0.693160690571049,0.707273728296003,1057,234,36,136,14,32,22,104
0.708292373228475,0.733650640270634,1045,246,39,126,19,28,20,98
0.762749003984064,0.795392812714858,1069,222,36,140,21,33,15,107
0.695604234048809,0.729598229930553,1057,234,38,155,16,34,22,121
0.702524467593565,0.763826315950459,1081,210,38,133,18,27,20,106
0.679488979362628,0.721928234766181,1088,203,34,132,15,24,19,108
0.767232326626622,0.791544415282598,1051,240,38,152,22,34,16,118
0.710624679979519,0.721177917053149,1094,197,31,154,13,22,18,132
0.741411267727057,0.769567385437482,1051,240,37,158,17,32,20,126
0.741522797698096,0.789748164702069,1063,228,36,171,17,37,19,134
0.748034063804413,0.778632593620299,1065,226,43,166,20,29,23,137
0.720648455942574,0.73750117948932,1073,218,33,149,14,18,19,131
0.805615507593925,0.823924901578226,1056,235,40,151,27,27,13,124
0.772715414430531,0.804909410358374,1048,243,43,158,23,38,20,120
0.811953931691819,0.818434104807043,1060,231,32,158,21,39,11,119
0.709661644197727,0.731254168383091,1084,207,30,166,11,30,19,136
0.737210231814548,0.743648312205064,1043,248,40,161,19,31,21,130
0.726333285156814,0.753435032725185,1048,243,33,138,15,25,18,113
0.699424390243903,0.724094901370056,1079,212,41,164,19,33,22,131
0.741603178504137,0.755103622579171,1069,222,39,150,18,26,21,124
0.765907653383934,0.786401931345061,1072,219,51,161,24,30,27,131
0.807585113940652,0.825892737050424,1082,209,29,145,16,22,13,123
0.759964483030781,0.790268276126921,1064,227,24,153,9,24,15,129
0.749550621200106,0.788401634337848,1062,229,30,150,14,29,16,121
0.696239564698867,0.716818359465548,1049,242,43,153,16,28,27,125
0.763971190441779,0.785609659500952,1069,222,33,171,19,32,14,139
0.731014634146341,0.765591294738135,1064,227,41,167,18,32,23,135
0.772092326139089,0.7932150265564,1078,213,40,151,23,25,17,126
0.775230414746544,0.773003157387775,1058,233,31,154,14,31,17,123
0.807677434030937,0.818945965934744,1060,231,35,156,16,28,19,128
0.683369003031924,0.698121564086465,1058,233,45,148,20,23,25,125
0.703721594489016,0.723614744735086,1061,230,38,163,15,24,23,139
0.696199584497457,0.731000729813761,1057,234,22,128,9,16,13,112
0.70103777853184,0.722091537718178,1079,212,28,159,9,29,19,130
0.756118417883124,0.781704915867567,1084,207,33,149,13,31,20,118
0.730994511345949,0.756949076777897,1054,237,39,162,19,32,20,130
0.761227265951103,0.772538132014023,1063,228,43,147,20,32,23,115
0.680912970386655,0.700379423203232,1068,223,37,148,13,33,24,115
0.715616469517743,0.715154328228529,1074,217,35,147,14,25,21,122
0.728833865814697,0.747145342897493,1073,218,39,166,17,25,22,141
0.728501228501229,0.762519926198521,1066,225,33,157,21,36,12,121
0.730205371248025,0.736218287265676,1068,223,25,147,14,31,11,116
0.730555555555556,0.757646698304662,1063,228,36,139,20,32,16,107
0.742938343923749,0.768539465724099,1088,203,32,148,16,27,16,121
0.710295291300878,0.734490309102017,1041,250,38,155,16,24,22,131
0.738588529334386,0.744373684086587,1074,217,24,127,11,18,13,109
0.751605672658304,0.787599938045766,1063,228,37,158,21,32,16,126
0.606481481481482,0.649998348527568,1060,231,27,143,8,29,19,114
0.658103517186251,0.67688487205975,1055,236,40,162,13,29,27,133
0.777854868061874,0.792182827453261,1063,228,35,143,15,29,20,114
0.740620249315901,0.740427735907712,1078,213,26,142,14,25,12,117
0.769230769230769,0.786577057075113,1056,235,39,153,22,31,17,122
0.736917539549118,0.755551421700796,1062,229,37,168,20,35,17,133
0.755941463414634,0.765834714820985,1084,207,41,148,15,30,26,118
0.795624496373892,0.810077686410686,1056,235,50,170,27,36,23,134
0.72222474977252,0.731431913256367,1076,215,35,133,17,24,18,109
0.747603833865815,0.786939423299539,1052,239,39,147,20,29,19,118
0.711167096902303,0.727043746887846,1063,228,32,151,12,26,20,125
0.827183803457689,0.828398053070611,1066,225,35,156,24,40,11,116
0.73938673010838,0.766139291236713,1072,219,30,142,16,24,14,118
0.788891762575973,0.80288624993269,1074,217,37,144,19,25,18,119
0.751751592356688,0.801397994908747,1094,197,35,162,19,28,16,134
0.74396482813749,0.761675669849326,1072,219,40,152,18,25,22,127
0.749756784434204,0.783828094994119,1065,226,31,148,14,32,17,116
0.736750894454383,0.755850496076182,1057,234,43,142,17,24,26,118
0.7716,0.788887710264033,1057,234,41,137,22,24,19,113
0.732414068745004,0.759761466151008,1072,219,40,156,18,32,22,124
0.745099883697065,0.785760579018653,1060,231,47,165,22,35,25,130
0.723493975903615,0.734907248471728,1066,225,46,142,22,29,24,113
0.727560374905932,0.752353797555469,1055,236,47,161,25,27,22,134
0.754843464832234,0.777780178294984,1065,226,34,164,15,29,19,135
0.701588750058496,0.710737859807301,1089,202,34,166,14,31,20,135
0.825167413402708,0.835895579116518,1052,239,33,136,24,38,9,98
0.770547285253168,0.802143201433135,1075,216,33,140,18,28,15,112
0.865847414234511,0.867163209253288,1069,222,31,136,15,22,16,114
0.758142636529552,0.777546902742342,1039,252,34,145,18,39,16,106
0.732613988490482,0.751465874938296,1071,220,36,148,15,21,21,127
0.791344938930226,0.822103991654561,1073,218,34,155,17,20,17,135
0.779550795125417,0.804076131052669,1047,244,29,151,19,31,10,120
0.741095056075944,0.765491677870589,1060,231,38,165,19,30,19,135
0.746662669864109,0.755482896484786,1075,216,40,136,19,18,21,118
0.739236744817259,0.77151214676901,1073,218,34,154,15,39,19,115
0.720419617478441,0.733906553866146,1075,216,33,167,12,28,21,139
0.725985663082437,0.756952700236593,1060,231,31,143,17,35,14,108
0.74614587849882,0.756437379269349,1079,212,33,173,16,31,17,142
0.744254950137303,0.769190389945967,1069,222,33,145,16,32,17,113
0.731545460764863,0.740842320606093,1070,221,47,172,22,27,25,145
0.701061173533084,0.719224581402703,1056,235,45,148,18,26,27,122
0.677434146341463,0.693993126546761,1053,238,41,161,17,33,24,128
0.725340182523635,0.733781133458613,1068,223,29,142,9,29,20,113
0.731551878354204,0.761558291034019,1057,234,43,162,24,35,19,127
0.786939345762875,0.819106305331056,1055,236,33,167,17,36,16,131
0.733491555148881,0.764162716924533,1045,246,42,159,20,37,22,122
0.694785649133475,0.692119571185568,1079,212,26,149,10,26,16,123
0.736447346849555,0.746928922894192,1062,229,29,146,15,30,14,116
0.699154110494317,0.721495266058175,1077,214,30,163,14,29,16,134
0.710948987671078,0.719313663003844,1100,191,28,151,13,28,15,123
0.731515616999488,0.74675656377874,1035,256,31,150,16,24,15,126
0.763681970203709,0.785347619023947,1071,220,26,138,14,25,12,113
0.756972597311549,0.77666447080595,1046,245,53,158,31,29,22,129
0.746959392374901,0.779077280458704,1042,249,32,122,13,25,19,97
0.752233676975945,0.764465197832803,1070,221,30,148,16,30,14,118
0.730886933712225,0.737662769910719,1062,229,29,157,14,28,15,129
0.813584239929432,0.829644423607929,1057,234,38,153,21,34,17,119
0.764196108550947,0.769675053506465,1082,209,31,153,10,22,21,131
0.70790243902439,0.739690406307632,1087,204,41,148,16,21,25,127
0.75766233005157,0.770268775047373,1027,264,27,140,15,33,12,107
0.796735701549856,0.803007018306537,1068,223,23,166,10,26,13,140
0.674878048780488,0.691198878484901,1073,218,41,150,14,25,27,125
0.757127058245269,0.787180336956938,1057,234,39,166,21,40,18,126
0.789475301056771,0.808716166288996,1077,214,39,142,20,26,19,116
0.808018653321201,0.823114984751657,1053,238,35,151,24,33,11,118
0.757910906298003,0.777672859324519,1070,221,31,157,16,30,15,127
0.689510524225576,0.719062689204954,1078,213,32,179,11,29,21,150
0.741973886328725,0.758530694770059,1058,233,31,140,15,28,16,112
0.76489756097561,0.777149929397769,1067,224,41,159,22,38,19,121
0.75621665896585,0.781042458844652,1073,218,38,144,15,34,23,110
0.816310282074613,0.824225233786593,1072,219,35,136,19,27,16,109
0.748078296299408,0.764318413484902,1036,255,38,143,23,36,15,107
0.774564183835182,0.787122018446056,1053,238,29,158,15,36,14,122
0.755186533212011,0.776694965292718,1087,204,35,167,17,24,18,143
0.773714740673339,0.794757878431018,1074,217,35,152,19,29,16,123
0.697800833995234,0.716368259501787,1077,214,32,153,13,25,19,128
0.735307317073171,0.753073395808032,1057,234,41,161,20,36,21,125
0.651703402124573,0.681086717317546,1099,192,34,148,12,24,22,124
0.705197132616488,0.724284662101995,1064,227,31,135,15,32,16,103
0.732272942799259,0.753775874356867,1059,232,37,157,18,36,19,121
0.742277070063694,0.760286254602853,1052,239,35,161,16,34,19,127
0.698155092891935,0.730941002094906,1072,219,37,156,14,23,23,133
0.773907597437009,0.796071092015183,1077,214,33,158,18,32,15,126
0.707642474185862,0.749676017984433,1045,246,32,149,17,38,15,111
0.723316671567186,0.744474329573017,1056,235,38,164,18,35,20,129
0.769412396787694,0.772120823243379,1058,233,28,162,11,31,17,131
0.774822930500221,0.795023162025203,1041,250,36,138,19,25,17,113
0.781894192763758,0.788779457039971,1047,244,26,139,11,23,15,116
0.720252233910191,0.728198213728318,1059,232,28,149,11,32,17,117
0.774576422329231,0.798653318471766,1089,202,45,163,24,33,21,130
0.798827535669641,0.820141952705669,1069,222,37,137,23,26,14,111
0.797011084718923,0.818135939578787,1071,220,28,152,18,33,10,119
0.732746671147141,0.757505467609371,1075,216,38,166,19,34,19,132
0.708909144369303,0.72886467083378,1054,237,38,164,21,34,17,130
0.78057915921288,0.807814012217836,1044,247,43,157,23,32,20,125
0.750252026714832,0.779767082900715,1090,201,38,149,19,24,19,125
0.748240371845949,0.763540762781887,1073,218,36,138,16,21,20,117
0.688365282215122,0.720610571867353,1064,227,39,144,18,23,21,121
0.797298681084624,0.809992275813419,1071,220,39,137,17,27,22,110
0.739254094732182,0.747954823227015,1062,229,36,162,16,30,20,132
0.727471446527133,0.739791096179417,1056,235,29,155,14,33,15,122
0.753386454183267,0.770947040829355,1060,231,36,132,17,20,19,112
0.799697432417147,0.822423051582659,1070,221,28,167,15,35,13,132
0.809053685168335,0.824987928197533,1081,210,35,148,21,30,14,118
0.74164111395808,0.761913710990393,1073,218,38,164,17,27,21,137
0.731674660271783,0.7677415497683,1053,238,40,150,19,31,21,119
0.827578521464819,0.824139035004233,1095,196,23,145,14,24,9,121
0.690382912793271,0.719268336228786,1031,260,36,161,17,40,19,121
0.710163891091726,0.750252326322689,1059,232,30,150,15,40,15,110
0.750621200105736,0.80364086561331,1075,216,30,170,15,36,15,134
0.764513193812557,0.778194807781708,1082,209,35,130,15,26,20,104
0.757838457578735,0.774609237713217,1100,191,34,147,15,23,19,124
0.736376715360779,0.781484171198081,1066,225,36,162,19,30,17,132
0.75690031771247,0.769532410913894,1087,204,32,152,16,27,16,125
0.788712661908538,0.811756978579353,1067,224,30,166,16,40,14,126
0.714987714987715,0.737306229284702,1054,237,37,159,15,27,22,132
0.781681205392546,0.798524739731045,1079,212,30,158,15,31,15,127
0.780516378525933,0.792159302432038,1057,234,35,170,19,31,16,139
0.785000873057447,0.8111911398849,1072,219,46,149,26,30,20,119
0.729526478325518,0.759378876725141,1060,231,42,148,16,28,26,120
0.75218824940048,0.755891305970489,1075,216,40,154,21,29,19,125
0.732307173483644,0.758852212065544,1060,231,33,149,14,26,19,123
0.786887261598995,0.780579085674095,1085,206,29,166,14,36,15,130
0.739347160457826,0.776125465664866,1079,212,44,170,22,35,22,135
0.741978609625668,0.778492602131698,1074,217,33,153,15,27,18,126
0.749609211178467,0.779086949743243,1070,221,42,148,20,26,22,122
0.721741269956988,0.738884178745192,1082,209,44,161,20,30,24,131
0.814517867149446,0.817364900535755,1052,239,37,165,23,39,14,126
0.726936585365853,0.726657912084952,1065,226,41,162,18,29,23,133
0.726461228882961,0.747923147681099,1059,232,34,162,17,32,17,130
0.748303404628465,0.762810542419122,1072,219,42,153,19,25,23,128
0.810702875399361,0.834048663512667,1095,196,39,149,23,28,16,121
0.70650674598043,0.73302531635025,1054,237,37,154,15,37,22,117
0.747616247322216,0.772759275143052,1059,232,38,170,20,37,18,133
0.777639050420743,0.803129053675329,1037,254,47,161,26,33,21,128
0.754507005022469,0.782324536028394,1057,234,30,131,15,23,15,108
0.746940791058438,0.771766149408079,1077,214,33,150,15,34,18,116
0.730652866242038,0.76280885193982,1084,207,35,131,17,30,18,101
0.697258871701547,0.722725253250694,1070,221,35,159,16,33,19,126
0.734744255697506,0.743964801457756,1087,204,34,133,12,25,22,108
0.760315955766193,0.778716711021464,1080,211,25,144,12,21,13,123
0.708846761453396,0.724177092359885,1086,205,25,151,9,23,16,128
0.747596153846154,0.785151851678895,1071,220,43,153,23,33,20,120
0.718067414614774,0.725806892064582,1058,233,32,144,13,25,19,119
0.758758199165176,0.763382868290371,1061,230,43,163,19,36,24,127
0.797702766057196,0.829133586091789,1054,237,27,150,14,30,13,120
0.71391810881122,0.742335265216418,1078,213,28,149,11,24,17,125
0.767209756097561,0.793603580737527,1071,220,41,141,24,28,17,113
0.833622392445922,0.846147195184091,1065,226,33,155,23,32,10,123
0.752698786071324,0.7712689861357,1076,215,38,141,15,29,23,112
0.75847414234511,0.786069917940811,1059,232,31,147,14,22,17,125
0.718153997486201,0.719687377246809,1083,208,29,148,14,18,15,130
0.731831395348837,0.755976457748203,1080,211,43,125,19,21,24,104
0.775927841717315,0.780338355813909,1050,241,37,152,20,35,17,117
0.715239024390244,0.742714789864286,1047,244,41,152,18,27,23,125
0.669640932798828,0.694467801021344,1088,203,37,153,16,23,21,130
0.666985206513106,0.660693287808714,1057,234,32,136,11,26,21,110
0.825540673384124,0.849785056771457,1055,236,39,140,19,28,20,112
0.736641697877653,0.753413950553036,1074,217,45,154,23,36,22,118
0.813149480415667,0.819983149219576,1050,241,40,153,26,29,14,124
0.739797629695886,0.755662891632053,1088,203,43,150,14,24,29,126
0.715722406898878,0.74121283809397,1069,222,33,162,13,31,20,131
0.779454685099846,0.806937080592964,1072,219,31,152,15,25,16,127
0.719823477829883,0.759584870495628,1077,214,42,155,20,26,22,129
0.735980633039456,0.746281873020149,1080,211,33,150,13,29,20,121
0.791206367874995,0.820389607357235,1063,228,38,167,22,35,16,132
0.744297853309481,0.799685839378288,1036,255,43,164,28,32,15,132
0.751010332075184,0.783598161152251,1058,233,42,146,20,23,22,123
0.801645228115816,0.807334325127609,1068,223,33,153,17,28,16,125
0.717109340416113,0.754682383980876,1055,236,36,148,14,36,22,112
0.696559769658459,0.714331447209559,1083,208,32,153,13,33,19,120
0.764707835325365,0.792493413133008,1064,227,36,148,19,27,17,121
0.757360231044442,0.776347650487463,1070,221,37,156,18,35,19,121
0.69324108797793,0.709442641598679,1067,224,37,155,15,30,22,125
0.749430455635492,0.782361271775451,1079,212,40,143,20,28,20,115
0.756384676775738,0.775353585290004,1071,220,38,155,16,35,22,120
0.768194003177124,0.777626144857261,1069,222,32,154,19,34,13,120
0.681562252180809,0.719709212313909,1051,240,30,154,11,27,19,127
0.70940557782663,0.73791843126589,1070,221,37,147,16,26,21,121
0.760375363468147,0.793135688932195,1063,228,30,151,16,33,14,118
0.718721395191984,0.750759945326661,1074,217,33,152,17,28,16,124
0.71707832234148,0.741162637774662,1062,229,37,144,16,32,21,112
0.787932857520486,0.808943536517064,1075,216,30,143,14,33,16,110
0.693539707052272,0.728276332282395,1072,219,34,156,14,34,20,122
0.703810762634292,0.730333217832122,1058,233,33,147,15,28,18,119
0.735777402700556,0.758741801993747,1069,222,32,132,14,28,18,104
0.750766581257613,0.77751982343933,1049,242,38,152,21,27,17,125
0.716666666666667,0.734060896882626,1050,241,36,157,17,29,19,128
0.752547961630695,0.785655898438836,1100,191,40,155,19,32,21,123
0.786720734005079,0.814252151498361,1058,233,39,157,26,26,13,131
0.759350337412787,0.782071221085666,1078,213,42,149,21,29,21,120
0.76515310622926,0.779458866716098,1071,220,38,139,21,26,17,113
0.713824390243903,0.747509580660294,1062,229,41,147,21,25,20,122
0.737240883902305,0.770436724626408,1068,223,47,163,19,33,28,130
0.719163556158806,0.720336177599999,1034,257,28,135,13,28,15,107
0.712562590668726,0.73312317478524,1070,221,34,165,13,30,21,135
0.757660066483596,0.776311208098767,1057,234,33,151,18,23,15,128
0.734130146082337,0.747487313837217,1071,220,36,154,17,33,19,121
0.772801758593125,0.793010804417422,1063,228,40,147,24,34,16,113
0.705970731707317,0.709129884037382,1049,242,41,156,17,31,24,125
0.79398481215028,0.811553916851767,1069,222,40,157,21,33,19,124
0.813498402555911,0.818406677826456,1060,231,39,158,25,31,14,127
0.776218694096601,0.810487396229965,1053,238,43,140,22,31,21,109
0.725984949092519,0.765719239370342,1055,236,36,129,19,27,17,102
0.728428749777064,0.754025185104443,1051,240,45,154,18,30,27,124
0.741207785325432,0.773344134475824,1074,217,33,149,16,33,17,116
0.724481658692185,0.760122143379227,1083,208,37,154,17,27,20,127
0.753895528995131,0.77559497850741,1075,216,36,144,18,29,18,115
0.680722166016284,0.690985977212735,1061,230,33,151,10,35,23,116
0.729995379510228,0.751429873054394,1061,230,38,161,20,30,18,131
0.655705996131528,0.705895128187231,1074,217,22,158,9,33,13,125
0.703451043338684,0.717848437612144,1071,220,45,153,15,33,30,120
0.723687086726051,0.747972352251045,1086,205,29,136,15,33,14,103
0.759501368197021,0.77017904488186,1074,217,26,160,13,27,13,133
0.742026786144433,0.758119034531122,1093,198,33,143,15,26,18,117
0.719084722980636,0.738136463345568,1090,201,38,156,15,22,23,134
0.762596634056236,0.798698148964879,1065,226,47,150,20,32,27,118
0.718456985466479,0.756255908039792,1078,213,27,155,11,24,16,131
0.726917073170732,0.751225916433988,1070,221,41,157,20,26,21,131
0.790218380345769,0.807350713461629,1052,239,35,156,21,33,14,123
0.75720670129627,0.773623990025413,1075,216,34,153,13,31,21,122
0.722311611692143,0.749206178161471,1057,234,48,166,19,37,29,129
0.733221259537049,0.764640850229819,1064,227,37,128,17,31,20,97
0.772166888003541,0.797783982531084,1077,214,36,139,16,34,20,105
0.737642722936841,0.754852986494822,1072,219,33,139,18,34,15,105
0.744153776160146,0.763198041529749,1059,232,35,162,19,34,16,128
0.769942452412572,0.812530984201391,1091,200,36,139,20,31,16,108
0.710411670663469,0.731784285433974,1055,236,40,142,16,28,24,114
0.717724449132677,0.759862971461806,1079,212,27,149,13,21,14,128
0.701184198494224,0.726320865087444,1036,255,53,164,26,41,27,123
0.710424305919329,0.761432369441278,1041,250,46,159,24,38,22,121
0.810160427807487,0.832022649285515,1072,219,33,119,21,24,12,95
0.715362766403599,0.734949579421758,1064,227,42,139,15,22,27,117
0.718354430379747,0.766490853206031,1072,219,27,142,15,24,12,118
0.726088965430336,0.74541483891336,1078,213,38,149,13,27,25,122
0.776918465227818,0.797067678449359,1065,226,40,135,18,34,22,101
0.656741463414634,0.687890960012829,1087,204,41,158,18,23,23,135
0.751408872901679,0.787304387159965,1060,231,40,150,15,24,25,126
0.777580487804878,0.823166594365118,1057,234,41,139,23,24,18,115
0.80178961477363,0.821852758884132,1070,221,32,141,19,25,13,116
0.724709411323584,0.721977408174527,1067,224,21,159,8,39,13,120
0.765513639714918,0.77363141670113,1075,216,39,144,21,25,18,119
0.728719290263876,0.757760936264885,1074,217,35,142,17,21,18,121
0.751157122962235,0.789444925917344,1082,209,39,157,18,34,21,123
0.702408955349267,0.719383387239158,1074,217,38,153,16,35,22,118
0.720791628753412,0.727706461571124,1064,227,35,142,13,23,22,119
0.729913853727145,0.762874038757859,1072,219,27,155,13,25,14,130
0.739464925755248,0.758792066008049,1077,214,31,143,11,22,20,121
0.773873976342129,0.791326348987262,1060,231,35,151,17,32,18,119
0.809633757961783,0.822009347029259,1079,212,35,156,21,31,14,125
0.720592122653978,0.729730656144047,1096,195,30,143,9,26,21,117
0.718974955817061,0.752220413218198,1045,246,37,131,18,31,19,100
0.795509829229547,0.794830211365703,1053,238,32,156,16,31,16,125
0.728452855245684,0.736544988433798,1074,217,36,143,15,24,21,119
0.749363416599516,0.765175548014197,1053,238,50,160,26,34,24,126
0.77436415846226,0.810904086886969,1069,222,27,151,18,22,9,129
0.716906474820144,0.751528020211435,1084,207,40,160,17,35,23,125
0.762979300984052,0.770476816491395,1058,233,28,140,13,29,15,111
0.731149285497112,0.751744976826446,1086,205,26,152,9,28,17,124
0.745211555959964,0.758338167956062,1070,221,35,132,16,21,19,111
0.776531504453795,0.80592983181333,1085,206,29,162,14,30,15,132
0.747120730738682,0.766436621198724,1055,236,32,168,15,44,17,124
0.696921520450932,0.738977708532038,1071,220,33,148,9,23,24,125
0.681877978554408,0.69943380101623,1063,228,32,155,14,39,18,116
0.766025641025641,0.789460803559557,1069,222,39,155,21,37,18,118
0.753837334456456,0.778374554368392,1077,214,34,147,18,21,16,126
0.757713590084108,0.778946919718446,1061,230,36,149,16,29,20,120
0.764007322830852,0.766178534471653,1085,206,33,152,12,24,21,128
0.681073222310336,0.700014939024633,1061,230,30,155,14,31,16,124
0.75990210534939,0.758247978715127,1058,233,39,157,18,30,21,127
0.660621856090982,0.705875711083539,1069,222,44,133,20,22,24,111
0.766615463389657,0.775563174713213,1053,238,31,140,17,27,14,113
0.721470632081097,0.723081376724829,1062,229,43,157,20,26,23,131
0.746184250532077,0.768334897892482,1074,217,26,148,10,28,16,120
0.719537534789737,0.739791939239806,1061,230,42,175,19,30,23,145
0.769271729335627,0.808447468098926,1068,223,39,129,22,23,17,106
0.725531449806,0.732896807509997,1075,216,29,145,8,22,21,123
0.692635051396078,0.724978913777587,1075,216,44,165,19,37,25,128
0.640749531176746,0.723580696383869,1078,213,27,142,12,23,15,119
0.775404586973789,0.811950308889244,1050,241,32,153,21,32,11,121
0.743794678316124,0.76828187736834,1052,239,32,151,16,38,16,113
0.70892625025655,0.726638276220632,1067,224,47,141,18,27,29,114
0.80046167593328,0.823933418515906,1069,222,32,159,21,28,11,131
0.784512611727268,0.809237182971408,1070,221,34,161,15,39,19,122
0.747785458269329,0.758068028339256,1095,196,31,173,12,32,19,141
0.761810551558753,0.774635067535325,1057,234,40,159,19,40,21,119
0.70743149324861,0.724961536481979,1081,210,32,168,10,17,22,151
0.667131474103586,0.701688403387646,1089,202,36,142,15,23,21,119
0.663058875608677,0.703362387612628,1075,216,36,138,14,24,22,114
0.754180556314553,0.796621185224411,1066,225,29,155,15,27,14,128
0.727927474657126,0.752967475744891,1053,238,43,160,19,33,24,127
0.655169200954085,0.682056726981666,1080,211,43,152,17,29,26,123
0.758488981731793,0.812084362593297,1096,195,39,147,21,25,18,122
0.76473092125266,0.755975248589992,1053,238,26,131,12,28,14,103
0.76700868354223,0.7871582183703,1063,228,39,142,24,29,15,113
0.742793138760881,0.770648067322303,1066,225,31,150,18,35,13,115
0.734351482957061,0.779031507954896,1072,219,36,147,16,28,20,119
0.672345790766843,0.697697463016059,1061,230,37,142,15,28,22,114
0.801348136399683,0.819085827400587,1078,213,30,163,17,27,13,136
0.713602640073228,0.733502974295753,1059,232,33,142,18,41,15,101
0.686381932021467,0.704287462000927,1076,215,43,161,19,35,24,126
0.775296288014311,0.797804998671272,1067,224,43,142,27,29,16,113
0.687701811034676,0.723201292989355,1063,228,34,138,15,25,19,113
0.748749946118367,0.775787688294547,1050,241,37,142,19,24,18,118
0.738898999090082,0.782501993274829,1065,226,35,146,20,32,15,114
0.694585186265218,0.725382622150369,1059,232,44,140,18,24,26,116
0.767589364472634,0.787751673342902,1066,225,38,141,20,24,18,117
0.765464662523486,0.800821990105075,1045,246,33,164,20,40,13,124
0.712975609756098,0.76156492965045,1063,228,41,153,23,36,18,117
0.727622841965471,0.72912744104961,1076,215,36,128,14,25,22,103
0.777412571934484,0.796533969912205,1051,240,36,158,18,38,18,120
0.713430414813735,0.740349576883033,1068,223,44,152,23,32,21,120
0.716373980531439,0.735697596062961,1072,219,24,149,8,34,16,115
0.764775066157013,0.772235253222869,1066,225,38,166,14,32,24,134
0.777792146213199,0.791341736910579,1065,226,37,139,20,33,17,106
0.705764611689351,0.716392523037584,1076,215,42,151,19,30,23,121
0.794431643625192,0.817068743795605,1074,217,31,145,19,29,12,116
0.754752360015518,0.781340894275826,1070,221,37,179,19,35,18,144
0.769273729150119,0.773332020433635,1064,227,32,147,16,29,16,118
0.744665169170293,0.758101428972369,1054,237,34,165,13,28,21,137
0.746771023445178,0.770575282306892,1044,247,34,158,15,28,19,130
0.774071143928739,0.781784166138483,1075,216,27,153,14,27,13,126
0.677100093858943,0.722123725654081,1058,233,48,135,23,23,25,112
0.741399588356366,0.796594719762483,1062,229,38,158,22,28,16,130
0.714383561643836,0.739570249189112,1086,205,50,159,19,25,31,134
0.733106338397067,0.747732790910214,1074,217,46,169,18,30,28,139
0.680221169036335,0.70885655512054,1080,211,25,154,11,41,14,113
0.742164674634794,0.765813259486992,1053,238,36,139,17,36,19,103
0.742464087772876,0.743124927183688,1071,220,28,163,10,28,18,135
0.718365168325136,0.739381456075872,1078,213,42,149,19,33,23,116
0.689338084705497,0.701171544402608,1074,217,39,156,12,27,27,129
0.810713115425575,0.835473185780934,1083,208,39,151,24,21,15,130
0.727286092325787,0.775950402273462,1090,201,38,158,19,27,19,131
0.675821584590945,0.693861424401008,1070,221,32,143,11,26,21,117
0.77660373066424,0.819398836586739,1098,193,35,151,17,31,18,120
0.658482799176713,0.666479173991322,1066,225,38,142,11,26,27,116
0.787579617834395,0.820334066090956,1066,225,35,143,18,34,17,109
0.748233486943164,0.783006051485583,1054,237,31,156,17,39,14,117
0.750315955766193,0.771908624292719,1074,217,25,154,13,20,12,134
0.753191694368165,0.800149629851742,1080,211,33,139,19,31,14,108
0.71438102863243,0.744254478344924,1079,212,42,144,19,24,23,120
0.731801570966523,0.760380999879323,1058,233,38,153,21,33,17,120
0.708736452550885,0.739993265415015,1092,199,30,151,14,29,16,122
0.724328254280331,0.753113032758747,1078,213,39,130,22,27,17,103
0.730881037567084,0.757288672090743,1043,248,43,143,20,33,23,110
0.677067246946511,0.697307715824686,1047,244,34,137,12,23,22,114
0.749313918243631,0.759787989402792,1048,243,39,154,21,27,18,127
0.788600801758697,0.822981915813353,1049,242,37,143,21,31,16,112
0.764741242690857,0.775791603913536,1058,233,29,138,16,30,13,108
0.696441372247824,0.709790474129777,1082,209,31,148,12,27,19,121
0.682226446034586,0.697023838220151,1079,212,43,146,15,27,28,119
0.827354413102821,0.827093446696416,1078,213,35,136,19,25,16,111
0.750765119186172,0.774162355030346,1063,228,37,164,18,33,19,131
0.77004207880212,0.782606233137603,1063,228,29,166,14,31,15,135
0.781642402183804,0.802254647871314,1064,227,35,159,18,32,17,127
0.772371211602928,0.796938258826573,1040,251,47,161,26,31,21,130
0.670298848292296,0.699338082913738,1076,215,32,151,13,27,19,124
0.737947489145572,0.752291247974688,1083,208,39,150,20,34,19,116
0.717097487513821,0.743240965736152,1080,211,42,152,19,20,23,132
0.712497950707689,0.726957598086626,1072,219,29,168,12,38,17,130
0.748885350318471,0.761207853044676,1100,191,35,149,15,28,20,121
0.716177640507277,0.740362085722505,1075,216,34,141,17,31,17,110
0.776689708141321,0.778388140187495,1084,207,31,135,17,24,14,111
0.757682188244639,0.779392957100859,1066,225,32,143,17,31,15,112
0.848317116759333,0.861733477728924,1062,229,32,139,23,30,9,109
0.78141109023462,0.798355719135008,1069,222,33,141,20,25,13,116
0.749180999180999,0.781984937232131,1063,228,33,155,17,29,16,126
0.734500357037846,0.746399779058034,1047,244,38,145,19,31,19,114
0.70612770048637,0.732681800658171,1055,236,28,166,13,30,15,136
0.669368131868132,0.685542348740695,1055,236,56,174,18,43,38,131
0.829658605974395,0.840687751281271,1061,230,37,151,25,29,12,122
0.809456800918083,0.838813313392969,1050,241,29,152,18,28,11,124
0.723899129544291,0.709470199055788,1060,231,31,170,14,33,17,137
0.692081368954077,0.731311899557422,1078,213,46,148,18,28,28,120
0.729557091653866,0.754683002665305,1068,223,31,148,14,22,17,126
0.738224878264719,0.790813586647604,1063,228,36,149,19,32,17,117
0.794352626525854,0.77408936974023,1092,199,23,139,10,25,13,114
0.678207461328481,0.691782782016511,1075,216,35,157,12,19,23,138
0.707381710646042,0.73521248761363,1080,211,35,132,16,26,19,106
0.662688941925219,0.678745114718985,1064,227,34,149,11,25,23,124
0.804003639672429,0.821194026586521,1078,213,35,156,21,29,14,127
0.717895086321381,0.740697865203544,1061,230,36,145,15,24,21,121
0.767490182622288,0.79133557780691,1067,224,42,157,23,34,19,123
0.741382922996333,0.763520580781581,1071,220,46,168,21,26,25,142
0.665551869942407,0.687208396525454,1066,225,44,161,15,31,29,130
0.709138739563079,0.741113545146329,1090,201,42,127,20,27,22,100
0.747880314573605,0.768809632907558,1066,225,39,153,17,28,22,125
0.834963264495632,0.837529035633797,1086,205,32,147,21,28,11,119
0.672862626714371,0.688430430506395,1034,257,43,148,16,28,27,120
0.801936787525258,0.824998226283024,1067,224,42,174,30,43,12,131
0.724900398406375,0.751248260815207,1069,222,36,148,18,36,18,112
0.806819512195122,0.819033854340093,1067,224,41,156,26,35,15,121
0.674951928514874,0.711288777544479,1048,243,28,136,5,39,23,97
0.742650545282124,0.772222413613519,1080,211,37,172,17,31,20,141
0.830172756155679,0.83868875539401,1065,226,32,154,21,32,11,122
0.722370766488414,0.722336764767073,1066,225,33,167,10,27,23,140
0.721636074577251,0.75868676706167,1061,230,33,152,16,27,17,125
0.707789320978988,0.745102529335415,1061,230,34,138,17,25,17,113
0.730626230225268,0.753615606803097,1062,229,44,141,18,32,26,109
0.73010752688172,0.761740978774147,1076,215,31,155,15,24,16,131
0.6786924983597,0.696233468568686,1065,226,44,149,18,32,26,117
0.795300305395317,0.831420183373479,1054,237,28,148,19,23,9,125
0.782490624595888,0.817877798123595,1047,244,37,145,25,35,12,110
0.789736551145678,0.813508183748856,1051,240,42,163,24,37,18,126
0.739719013680675,0.753043987014162,1042,249,39,156,21,31,18,125
0.715180421062774,0.728827123810461,1064,227,33,150,15,28,18,122
0.746835443037975,0.766991388311156,1052,239,27,153,15,25,12,128
0.775429553264605,0.769388819238326,1053,238,30,130,14,36,16,94
0.766379512423816,0.771751070543358,1072,219,27,126,15,29,12,97
0.746724214254095,0.78283902368827,1087,204,36,169,18,27,18,142
0.661990170958121,0.669910505581074,1057,234,38,150,11,41,27,109
0.728990857946554,0.777152832096122,1086,205,27,139,10,19,17,120
0.731042870173305,0.760563632229579,1087,204,26,128,13,26,13,102
0.657802547770701,0.706846026527823,1068,223,35,141,13,24,22,117
0.753119217552207,0.781387975247334,1070,221,30,147,17,28,13,119
0.732696897374702,0.731556209167702,1073,218,34,122,16,29,18,93
0.74514000356697,0.756777592047637,1070,221,45,141,23,23,22,118
0.663485465445085,0.677139351282708,1069,222,28,136,10,35,18,101
0.765513193202147,0.791676956632438,1032,259,43,170,25,45,18,125
0.735285082329811,0.762709909054971,1070,221,39,155,17,31,22,124
0.791353383458647,0.798181469281587,1050,241,38,132,26,24,12,108
0.647414634146341,0.675797224660125,1082,209,41,154,15,26,26,128
0.731095059746745,0.763238527929288,1055,236,45,126,23,24,22,102
0.734380487804878,0.754518241114794,1084,207,41,158,16,24,25,134
0.723759644812277,0.723421439830304,1051,240,37,173,18,31,19,142
0.731774580335732,0.749282309010883,1080,211,40,125,16,25,24,100
0.757930401111994,0.772085355351551,1068,223,32,146,14,27,18,119
0.784273170731707,0.819384885629549,1054,237,41,159,25,41,16,118
0.763035553371017,0.770305824213775,1070,221,39,151,18,29,21,122
0.779924931756142,0.822821527586486,1067,224,35,163,18,32,17,131
0.74184107308602,0.787112071094493,1038,253,54,154,29,43,25,111
0.744164668265388,0.765160191891709,1072,219,40,180,18,32,22,148
0.719540396010984,0.717715313284497,1067,224,33,143,12,25,21,118
0.784072900158479,0.82786683596559,1055,236,29,167,14,33,15,134
0.681807405491616,0.702189578270309,1074,217,37,156,13,26,24,130
0.700755713934628,0.72542857467191,1075,216,39,127,18,32,21,95
0.697583947583948,0.710938767641207,1057,234,33,164,14,31,19,133
0.71037782607038,0.726156191704422,1067,224,42,145,14,28,28,117
0.694057104913679,0.726246580249315,1051,240,36,142,17,33,19,109
0.696795531663426,0.721022671933949,1069,222,42,172,17,24,25,148
0.782264188649081,0.779954556650981,1071,220,40,172,18,34,22,138
0.731606905710491,0.764020162898835,1094,197,36,172,18,36,18,136
0.754232029388404,0.801600611573442,1082,209,32,167,16,32,16,135
0.718018284661931,0.733728596331042,1055,236,24,141,11,37,13,104
0.787161055132301,0.815499669432222,1064,227,39,176,24,39,15,137
0.692882744495648,0.726970409356704,1057,234,31,151,12,30,19,121
0.649955895324904,0.681649318559322,1076,215,38,157,15,27,23,130
0.707799905168326,0.726325760441402,1072,219,37,149,14,26,23,123
0.709959255681102,0.720390874611417,1044,247,38,166,18,32,20,134
0.741368085017012,0.75045991367745,1076,215,38,153,20,23,18,130
0.705929805401112,0.722702752874748,1027,264,32,176,15,42,17,134
0.69734395750332,0.725100779259145,1057,234,36,141,19,22,17,119
0.746144222020018,0.750045663096103,1070,221,35,140,12,22,23,118
0.735951151707705,0.749409551167152,1066,225,32,164,12,35,20,129
0.687352790578597,0.71947209336265,1058,233,31,158,12,25,19,133
0.727296122612376,0.739433224817112,1080,211,42,160,18,34,24,126
0.718593839600229,0.737125309051154,1059,232,39,156,18,36,21,120
0.700612055303569,0.726931211943667,1040,251,29,126,13,38,16,88
0.717986703280821,0.739063383500997,1048,243,33,168,13,33,20,135
0.800436854646545,0.815131181056324,1063,228,32,157,19,34,13,123
0.722836661546339,0.744836894919209,1080,211,31,129,15,21,16,108
0.700499713279266,0.734025460945956,1064,227,39,144,17,25,22,119
0.779521951219512,0.826001418543234,1062,229,41,157,24,33,17,124
0.751556483984599,0.759469085088932,1048,243,39,172,19,38,20,134
0.705475298733726,0.727156884399045,1068,223,45,152,18,31,27,121
0.681785852838484,0.7067259666136,1080,211,37,156,14,25,23,131
0.774526829268293,0.803877175392843,1056,235,41,159,21,34,20,125
0.766042545710267,0.772971920987588,1074,217,27,143,13,24,14,119
0.718529177780898,0.729955842961939,1095,196,34,163,10,30,24,133
0.678563523683046,0.694301808948685,1064,227,36,159,15,29,21,130
0.72527206320811,0.741969254640661,1074,217,43,160,20,32,23,128
0.729989523310634,0.750317070108417,1054,237,46,157,19,27,27,130
0.769395224738318,0.799317723868083,1062,229,47,163,25,40,22,123
0.710061665944019,0.753704160722265,1062,229,33,164,13,31,20,133
0.70848826914564,0.719608781276394,1086,205,36,160,10,26,26,134
0.793041321540549,0.822863750330002,1051,240,34,166,21,36,13,130
0.75407290201594,0.750725876175689,1058,233,27,154,10,33,17,121
0.770949166004766,0.813371090676277,1064,227,32,148,15,22,17,126
0.735012306610408,0.742071304895464,1089,202,27,138,11,26,16,112
0.744369881710646,0.759672222790313,1075,216,35,172,14,33,21,139
0.779936305732484,0.818993774458819,1068,223,35,159,21,29,14,130
0.684242191500256,0.711913052652449,1081,210,31,178,9,24,22,154
0.752463797264682,0.773833895947147,1077,214,48,162,24,36,24,126
0.707133637807784,0.732233313497092,1049,242,32,152,14,22,18,130
0.702501286910946,0.736212662275663,1070,221,34,137,13,23,21,114
0.768392088712347,0.779416863937265,1081,210,19,137,10,24,9,113
0.731272401433691,0.758645905028395,1072,219,31,158,12,30,19,128
0.740391223896379,0.770475458229273,1088,203,30,137,15,24,15,113
0.739412232673499,0.77275394725928,1048,243,34,142,18,25,16,117
0.757925545908971,0.801042366666787,1080,211,24,132,13,23,11,109
0.741641373994315,0.761994815520388,1063,228,33,156,14,31,19,125
0.705881575469204,0.730005918776704,1068,223,30,146,11,25,19,121
0.80470243902439,0.831113700481587,1051,240,41,154,19,31,22,123
0.780300272975432,0.794932648563482,1071,220,35,143,19,23,16,120
0.681492682926829,0.715252967307912,1049,242,41,142,20,26,21,116
0.747021580167648,0.768159044251301,1077,214,45,182,22,33,23,149
0.774495787105875,0.783471969659133,1062,229,42,162,23,32,19,130
0.707642474185862,0.725025175031605,1058,233,32,150,14,37,18,113
0.757282579962992,0.769788283564056,1069,222,30,147,14,34,16,113
0.725227479526843,0.751443556918908,1081,210,35,163,16,29,19,134
0.750851329798698,0.785336573000546,1086,205,37,152,21,22,16,130
0.728678514694202,0.760547014091775,1058,233,32,155,15,37,17,118
0.722843657054184,0.757104074310941,1079,212,37,148,14,24,23,124
0.696524064171123,0.720962126064491,1067,224,33,157,13,22,20,135
0.737670609645132,0.755961488379045,1091,200,35,150,16,20,19,130
0.799391912435391,0.85048062000109,1071,220,26,140,18,43,8,97
0.803317346123102,0.807499617370448,1074,217,40,168,24,34,16,134
0.752060166799047,0.772380017784439,1084,207,32,158,17,33,15,125
0.75479666807057,0.775628349510133,1063,228,34,155,18,32,16,123
0.748702114869665,0.795217346028289,1079,212,29,147,14,28,15,119
0.755212470214456,0.762199607804333,1064,227,32,154,15,28,17,126
0.772501581277672,0.793930035239366,1068,223,51,158,26,35,25,123
0.75701427996782,0.746657571313045,1085,206,48,174,17,31,31,143
0.878330850711685,0.890001654090825,1055,236,19,154,13,28,6,126
0.792767537122376,0.796629324860714,1075,216,31,152,16,33,15,119
0.710673300545198,0.724982239141681,1047,244,42,172,19,39,23,133
0.740684713375796,0.753334752316761,1077,214,35,158,15,29,20,129
0.751361923486524,0.778179350983651,1071,220,39,169,20,30,19,139
0.744724671195259,0.770866655225155,1069,222,33,146,15,29,18,117
0.713380839271575,0.759759189756418,1048,243,28,146,15,20,13,126
0.752047366091191,0.779973857406982,1091,200,36,136,17,27,19,109
0.785066166645114,0.798457299802458,1067,224,37,149,23,29,14,120
0.731161003066325,0.752509772447684,1073,218,38,141,20,27,18,114
0.712359550561797,0.748615411368326,1062,229,45,154,21,34,24,120
0.74950357426529,0.791795956003826,1070,221,32,154,17,31,15,123
0.624937946783161,0.638490054416395,1070,221,32,149,7,13,25,136
0.782097868217054,0.791498750158428,1077,214,43,155,23,30,20,125
0.700671003281763,0.724351572827797,1063,228,27,145,12,35,15,110
0.785897435897436,0.818673892481965,1092,199,30,134,9,22,21,112
0.763168671063408,0.776987537308168,1069,222,37,120,16,20,21,100
0.762818977902442,0.775953654352133,1045,246,47,156,25,42,22,114
0.738005632360471,0.751870086419947,1083,208,31,147,13,30,18,117
0.729725542275343,0.74286330558397,1065,226,36,120,16,30,20,90
0.779624205718825,0.800229803707518,1086,205,32,157,17,28,15,129
0.702156097560976,0.711325712476313,1045,246,41,148,14,22,27,126
0.68418544359297,0.709580349556632,1045,246,42,191,17,37,25,154
0.755908495125747,0.780890064053154,1033,258,39,169,23,39,16,130
0.766965541490858,0.785923667786783,1051,240,27,166,12,31,15,135
0.742790928371075,0.757110970446505,1062,229,47,136,26,28,21,108
0.773988102935471,0.794020059763849,1074,217,37,144,20,30,17,114
0.730887974125257,0.738467212047016,1049,242,38,154,15,38,23,116
0.7288602312376,0.749383384699249,1028,263,47,145,19,36,28,109
0.667216383422779,0.697629641341891,1045,246,43,155,16,37,27,118
0.756626506024096,0.792722972851732,1074,217,46,150,23,31,23,119
0.748863357090194,0.764836609919565,1049,242,39,145,22,26,17,119
0.763668381037567,0.802007200194228,1070,221,43,137,22,21,21,116
0.738142292490119,0.749686968337955,1076,215,26,137,13,27,13,110
0.776242281681858,0.822343708509426,1053,238,38,169,23,37,15,132
0.721710001260134,0.731451611480106,1056,235,38,157,16,26,22,131
0.747108320095314,0.756392946245112,1080,211,32,141,14,26,18,115
0.707433510065089,0.734239062553906,1053,238,37,143,19,38,18,105
0.724835027644017,0.76858177708656,1075,216,45,147,21,24,24,123
0.68744486915613,0.690751291713372,1066,225,38,161,15,36,23,125
0.661802802008988,0.708325969466503,1080,211,30,161,12,33,18,128
0.735121902478018,0.756921417601212,1071,220,40,152,21,31,19,121
0.703885804916733,0.718182810646229,1063,228,30,147,16,29,14,118
0.696416247658484,0.715903805620949,1052,239,49,172,19,41,30,131
0.729588014981273,0.769417342786691,1024,267,45,153,22,34,23,119
0.73029991179065,0.757581964916651,1075,216,38,159,19,25,19,134
0.707540504124355,0.737259678176581,1066,225,49,154,22,31,27,123
0.77673606620975,0.805030390090998,1079,212,37,144,22,29,15,115
0.732878676169411,0.777335418884234,1052,239,39,157,17,32,22,125
0.684606020362993,0.679614811491127,1063,228,36,164,14,30,22,134
0.722430987136869,0.765686908499597,1083,208,33,160,18,29,15,131
0.789644137224782,0.793325027096741,1069,222,31,165,17,36,14,129
0.757286076326774,0.79113763068908,1056,235,43,144,22,30,21,114
0.785253167606109,0.82481639564004,1051,240,33,156,20,41,13,115
0.790863830337515,0.813415240329999,1084,207,37,156,21,28,16,128
0.699778663125277,0.731856956902317,1064,227,36,139,17,25,19,114
0.706349206349206,0.748061151162264,1062,229,31,165,15,42,16,123
0.73565027023329,0.766087529460334,1060,231,47,171,23,28,24,143
0.759785365853659,0.763709662357769,1077,214,41,137,15,29,26,108
0.743606206527555,0.759591219945671,1047,244,45,141,17,29,28,112
0.771592725819344,0.801005590395453,1080,211,40,143,20,31,20,112
0.79696768481629,0.823015100365152,1068,223,36,151,17,36,19,115
0.765067406819984,0.788291912381757,1079,212,30,152,14,28,16,124
0.684996313590563,0.691405166020477,1087,204,39,143,13,16,26,127
0.78190792168428,0.808802068635457,1072,219,39,143,19,27,20,116
0.721646994581426,0.750423199925744,1056,235,38,133,18,30,20,103
0.745014634146341,0.766333258008344,1073,218,41,161,16,38,25,123
0.708287073750991,0.74518810284681,1062,229,30,164,14,44,16,120
0.77315269783331,0.793519863695882,1066,225,34,162,22,30,12,132
0.711789584985461,0.737352216655293,1081,210,30,138,12,17,18,121
0.764289867961962,0.778781994038075,1061,230,47,172,26,41,21,131
0.703832936822627,0.736546006663251,1058,233,30,148,12,28,18,120
0.730149304377333,0.758747920414798,1082,209,28,159,13,27,15,132
0.721863011336696,0.739389428980849,1054,237,37,137,18,33,19,104
0.755786887365835,0.774952859292246,1054,237,37,154,21,31,16,123
0.764464925755248,0.775556751618057,1073,218,31,155,15,25,16,130
0.764956097560976,0.769890113736107,1066,225,41,168,23,35,18,133
0.762298747763864,0.793717572287093,1088,203,43,149,20,22,23,127
0.66503899568995,0.689316086329736,1090,201,47,159,17,23,30,136
0.708467619337184,0.712823406915823,1075,216,26,133,11,26,15,107
0.646777251184834,0.646680256581516,1088,203,25,138,8,31,17,107
0.711988171064604,0.745672105001783,1041,250,35,153,15,35,20,118
0.708687472332891,0.709882195121735,1060,231,36,172,12,20,24,152
0.801056770705333,0.81913027772458,1055,236,39,170,24,40,15,130
0.801819836214741,0.810068841730387,1075,216,35,163,18,30,17,133
0.687877624167947,0.702990268901961,1072,219,31,149,11,25,20,124
0.71348406651921,0.73039241953817,1079,212,39,130,15,23,24,107
0.807449954504095,0.834408167062585,1068,223,35,159,22,31,13,128
0.710183698947744,0.73550463506661,1091,200,45,144,16,26,29,118
0.696372982714836,0.728507184216487,1057,234,39,147,18,27,21,120
0.738160620513562,0.742079344454164,1097,194,33,150,13,28,20,122
0.7704,0.80002075025427,1088,203,41,163,23,24,18,139
0.701280227596017,0.736389718935071,1072,219,37,138,17,29,20,109
0.793804499686853,0.810223613881422,1080,211,33,167,15,28,18,139
0.703916888951285,0.742026937810017,1047,244,34,140,15,32,19,108
0.731485170429393,0.750410421810151,1070,221,36,159,16,38,20,121
0.798561930914872,0.805544281144242,1074,217,33,160,18,23,15,137
0.754368463057084,0.775336054846075,1071,220,38,148,18,26,20,122
0.739204855714706,0.778899055656261,1041,250,38,192,20,40,18,152
0.793561071516343,0.813329846870766,1062,229,39,153,22,34,17,119
0.740840291280644,0.769950224915902,1068,223,42,149,21,29,21,120
0.794769305307096,0.803346846165136,1076,215,43,140,26,26,17,114
0.737352790578597,0.747843182741098,1070,221,31,165,15,33,16,132
0.774430455635492,0.810240833899766,1074,217,40,158,22,23,18,135
0.733632832607984,0.774071905389785,1053,238,34,148,17,29,17,119
0.781756141947225,0.801580148979388,1089,202,35,147,21,35,14,112
0.716576738609113,0.722719302828453,1044,247,40,149,19,34,21,115
0.717180487804878,0.731512874110719,1076,215,41,154,13,25,28,129
0.760552669755253,0.789371021810679,1075,216,34,161,17,28,17,133
0.76741884402217,0.792692113072826,1056,235,28,153,15,33,13,120
0.696863381205803,0.738979428954183,1053,238,44,158,19,34,25,124
0.680522355024347,0.69487964225683,1070,221,36,132,11,23,25,109
0.761370903277378,0.777650571348556,1068,223,40,141,17,25,23,116
0.696675090083766,0.718230909961996,1061,230,34,132,15,27,19,105
0.710261790567546,0.74340428930629,1061,230,40,160,17,35,23,125
0.745186625490869,0.766735864821909,1065,226,42,146,22,27,20,119
0.771066264162194,0.786624872583421,1068,223,43,143,19,28,24,115
0.793548030101815,0.806304515893248,1065,226,36,149,19,34,17,115
0.711425821250102,0.736179022528875,1084,207,39,162,16,25,23,137
0.743460037577685,0.782501093521391,1058,233,33,163,15,28,18,135
0.708484986351228,0.740245266051224,1080,211,35,142,15,24,20,118
0.718051118210863,0.717575073005108,1058,233,39,153,15,34,24,119
0.74764775066157,0.770281585621694,1075,216,38,149,19,27,19,122
0.772402081225611,0.790606291093283,1079,212,33,146,18,18,15,128
0.763067995694698,0.780119963656888,1071,220,34,181,17,34,17,147
0.774135429828256,0.797539699809686,1094,197,34,134,13,27,21,107
0.702868094105208,0.718022491292853,1079,212,30,158,12,28,18,130
0.742110063849194,0.756083342931376,1084,207,26,152,12,28,14,124
0.737117552334944,0.777936393278577,1048,243,49,165,21,37,28,128
0.719179706021811,0.767933191338063,1074,217,37,175,18,32,19,143
0.663910373066424,0.696064376864875,1081,210,35,156,15,32,20,124
0.772679708826206,0.800635167734932,1073,218,35,141,15,22,20,119
0.730130738826391,0.76372490646785,1070,221,26,128,14,24,12,104
0.656515992598467,0.662165250505365,1084,207,30,162,4,32,26,130
0.777689454160042,0.801327617689475,1085,206,33,149,16,28,17,121
0.745008853474989,0.758361703979817,1043,248,36,139,14,23,22,116
0.606153341712662,0.616899695029436,1071,220,29,138,7,31,22,107
0.723255063542494,0.733346726753936,1081,210,32,145,13,24,19,121
0.693204954190702,0.701365364103842,1069,222,28,155,13,33,15,122
0.761635233334733,0.773050431762307,1054,237,38,129,19,25,19,104
0.764154493138557,0.781394380653232,1063,228,36,164,18,26,18,138
0.670261616362192,0.662680315601278,1063,228,32,154,13,35,19,119
0.757813749000799,0.752821490705688,1070,221,40,150,17,29,23,121
0.704545454545454,0.733012773397073,1067,224,37,143,13,29,24,114
0.785611919927207,0.798975099201144,1065,226,35,170,18,34,17,136
0.721414634146342,0.759419721987321,1047,244,41,121,20,24,21,97
0.728917073170732,0.745942927336304,1066,225,41,141,22,18,19,123
0.767490182622288,0.784692674462476,1055,236,42,142,23,26,19,116
0.755873170731707,0.786788207318428,1075,216,41,171,24,34,17,137
0.805996822875298,0.833082448346322,1073,218,32,159,18,30,14,129
0.711154686258936,0.706681945078906,1084,207,32,163,12,34,20,129
0.78925815767921,0.811017643382648,1067,224,37,162,21,35,16,127
0.748494483788602,0.770321356505748,1077,214,33,135,16,27,17,108
0.748689690673405,0.758227816167976,1044,247,34,134,17,38,17,96
0.767858915806195,0.778300361752184,1079,212,32,145,18,29,14,116
0.784139784946237,0.797425435052757,1054,237,31,164,15,29,16,135
0.777122465712582,0.793295277083992,1061,230,43,151,23,31,20,120
0.820882620564149,0.830735544367796,1081,210,35,146,21,21,14,125
0.725627083447183,0.737390618052021,1064,227,29,148,14,30,15,118
0.756261180679785,0.778688900082374,1062,229,43,148,19,32,24,116
0.741747622631183,0.76676016576309,1037,254,47,167,22,40,25,127
0.735212223314147,0.76887096463164,1054,237,34,155,17,35,17,120
0.815620759043474,0.816309674681189,1074,217,34,143,18,24,16,119
0.799909008189263,0.829754564513276,1071,220,35,139,16,24,19,115
0.712763052883606,0.73135020693348,1058,233,38,174,18,39,20,135
0.760168334849864,0.786902135917258,1040,251,35,139,20,38,15,101
0.739299365732768,0.764659085401286,1049,242,38,152,18,27,20,125
0.7636,0.787961515245917,1073,218,41,116,19,25,22,91
0.798019311177206,0.79329571684591,1051,240,37,148,22,31,15,117
0.835189452124936,0.855365375636841,1078,213,31,159,20,36,11,123
0.752844950213371,0.768424333745255,1067,224,37,147,20,31,17,116
0.720540061974325,0.727548346319444,1069,222,36,152,16,24,20,128
0.767192794720885,0.799587211351582,1056,235,45,159,25,29,20,130
0.720831739439314,0.743838512686847,1063,228,29,155,12,28,17,127
0.735422808741635,0.757138839647621,1065,226,34,137,14,29,20,108
0.754105935229134,0.774352707278199,1065,226,38,160,19,38,19,122
0.728127498001599,0.768158955118738,1072,219,40,152,15,29,25,123
0.754469972702457,0.778778186678534,1086,205,35,146,16,26,19,120
0.731240271975096,0.716528467694739,1069,222,39,169,15,31,24,138
0.691819926061117,0.707666491837461,1064,227,34,147,11,25,23,122
0.724377608825283,0.745923861942931,1050,241,43,146,17,29,26,117
0.722349086576648,0.740270636241688,1078,213,32,145,13,27,19,118
0.744248319580305,0.773066926954371,1076,215,29,156,11,32,18,124
0.784985603653694,0.785508433164383,1061,230,32,150,21,29,11,121
0.760071371927042,0.780666237207729,1062,229,30,154,15,37,15,117
0.678997613365155,0.696078458378579,1066,225,34,163,10,32,24,131
0.796960977863653,0.828277178069043,1078,213,38,161,18,28,20,133
0.742297476759628,0.762338027826625,1073,218,36,160,20,35,16,125
0.723360920729342,0.738339943367497,1065,226,37,168,18,32,19,136
0.73876898481215,0.75225433375673,1078,213,40,147,16,27,24,120
0.742840095465394,0.764932209458877,1070,221,34,166,17,34,17,132
0.759156970638888,0.767773892572374,1041,250,38,155,23,36,15,119
0.757182445424726,0.756597340896736,1069,222,28,142,13,27,15,115
0.740815435655666,0.767678273280253,1069,222,46,175,22,30,24,145
0.736141644036381,0.774465615974696,1051,240,37,156,15,32,22,124
0.711303619073681,0.746898587065475,1066,225,47,157,21,30,26,127
0.709334144116753,0.737411485452831,1066,225,26,149,13,23,13,126
0.708921341816079,0.746652884759327,1067,224,56,159,25,28,31,131
0.760077343039127,0.779483377624128,1066,225,35,143,20,24,15,119
0.790466692168971,0.794706820667809,1039,252,29,157,18,28,11,129
0.730593999008731,0.741589224311672,1055,236,42,148,18,33,24,115
0.80073084493694,0.805648378374962,1051,240,44,160,26,31,18,129
0.744401085850017,0.762067532509827,1081,210,28,139,12,28,16,111
0.712511264028836,0.730434966886332,1096,195,39,145,13,20,26,125
0.727766710934042,0.739225107175634,1049,242,36,160,18,31,18,129
0.739641434262948,0.751471129782701,1058,233,36,132,15,29,21,103
0.715980522355024,0.744129484095057,1063,228,36,152,17,23,19,129
0.823122204682978,0.83722328866264,1085,206,24,169,14,27,10,142
0.68842240608229,0.691025601399132,1076,215,43,149,16,25,27,124
0.773176096214142,0.779676479837625,1066,225,34,149,17,30,17,119
0.766296746731529,0.815207236108329,1045,246,26,156,15,27,11,129
0.695730247406225,0.715179915924725,1072,219,38,138,16,22,22,116
0.746911815166419,0.769472691402963,1070,221,42,163,19,29,23,134
0.715487388272731,0.737402971397505,1057,234,34,163,17,25,17,138
0.76441795690997,0.790708411124659,1057,234,39,130,20,25,19,105
0.778709813280921,0.802155574691962,1048,243,34,148,19,38,15,110
0.743189964157706,0.782375813237503,1051,240,31,143,17,44,14,99
0.733311199645861,0.759250558095642,1071,220,36,162,18,33,18,129
0.74593007739525,0.775681483369514,1050,241,42,173,21,41,21,132
0.666666666666667,0.665943435127662,1073,218,28,153,8,23,20,130
0.754148885727833,0.764433031546323,1090,201,37,150,16,30,21,120
0.77654526183938,0.821191388018506,1082,209,33,124,20,30,13,94
0.751876817340735,0.771772349209992,1057,234,30,153,18,31,12,122
0.77595065528197,0.794743546905192,1093,198,32,152,18,30,14,122
0.717677931387609,0.733202066485366,1078,213,31,135,16,22,15,113
0.713446066387243,0.722596577969499,1081,210,33,149,14,30,19,119
0.762936591654946,0.769562501147911,1096,195,27,157,12,21,15,136
0.732960186656076,0.758790625677824,1085,206,32,148,12,22,20,126
0.697065514103731,0.707818605407754,1035,256,35,161,16,31,19,130
0.781438127090301,0.789459160535628,1057,234,26,166,15,42,11,124
0.735392672756155,0.76194867192668,1075,216,32,148,13,28,19,120
0.751863446630888,0.758971320107665,1068,223,43,141,21,35,22,106
0.739016653449643,0.75014676820492,1077,214,30,143,13,19,17,124
0.702338129496403,0.719972238273374,1054,237,40,149,19,28,21,121
0.790525477707006,0.810810197279144,1067,224,35,151,21,29,14,122
0.765694667380061,0.788664989674955,1056,235,45,122,27,26,18,96
0.76520572450805,0.807252910958309,1063,228,43,147,24,28,19,119
0.738406771117738,0.777708191393189,1073,218,38,151,21,23,17,128
0.718852518772326,0.762669756219736,1088,203,44,133,23,25,21,108
0.714360975609756,0.739294724615081,1052,239,41,150,21,37,20,113
0.741094022149923,0.774420013053314,1043,248,49,155,26,39,23,116
0.776139884904825,0.810576653244074,1071,220,36,145,21,37,15,108
0.771131042870173,0.782210248015539,1106,185,26,156,14,23,12,133
0.71226318484383,0.755676084044824,1062,229,31,130,17,24,14,106
0.729024583663759,0.74095786842478,1064,227,30,157,13,22,17,135
0.728784660107335,0.746800007788713,1056,235,43,165,23,37,20,128
0.798886328725038,0.793350030107069,1057,234,31,125,17,22,14,103
0.726622020152372,0.749473737999706,1058,233,39,175,17,34,22,141
0.715537307642571,0.74098719649744,1072,219,37,147,20,26,17,121
0.713193598521443,0.743060527054222,1050,241,38,136,17,31,21,105
0.74937001875293,0.767820227964813,1075,216,27,125,11,22,16,103
0.736870867260506,0.753187263004462,1108,183,29,152,10,23,19,129
0.733017777135424,0.745809118413199,1074,217,33,142,16,30,17,112
0.787652485020906,0.792252084111195,1055,236,37,160,21,26,16,134
0.776934170342721,0.802543068274658,1058,233,28,148,14,35,14,113
0.796077932360593,0.817290444368405,1078,213,28,152,20,29,8,123
0.772332151435434,0.802139401887584,1063,228,42,139,24,25,18,114
0.751944949954504,0.7605818590773,1062,229,35,158,16,29,19,129
0.760770521178848,0.78577362511932,1054,237,42,158,22,30,20,128
0.744779344858963,0.790875628293734,1062,229,35,134,18,29,17,105
0.811102193686463,0.81498525384933,1082,209,45,149,28,25,17,124
0.721041856232939,0.750768507997799,1067,224,35,148,17,31,18,117
0.711769352290679,0.726634093207831,1067,224,25,134,9,24,16,110
0.7572,0.7761281666485,1057,234,41,157,20,23,21,134
0.730701449563145,0.746344077382929,1051,240,32,152,14,29,18,123
0.757118080647492,0.781508850781647,1073,218,33,150,16,28,17,122
0.793305070860981,0.816048859553727,1071,220,39,165,24,40,15,125
0.722439836149513,0.759211891807132,1049,242,31,157,12,28,19,129
0.773553507424475,0.795305850801529,1077,214,31,151,15,26,16,125
0.690730203888099,0.719265789331045,1062,229,37,144,14,28,23,116
0.735823373173971,0.753815776104374,1037,254,36,163,18,40,18,123
0.705411686586985,0.705613062675363,1053,238,36,149,14,43,22,106
0.744411523823288,0.779292354180801,1066,225,33,158,14,25,19,133
0.738645686826067,0.756943259188304,1071,220,27,140,9,24,18,116
0.754500201126307,0.777641714883268,1056,235,48,149,24,24,24,125
0.690860592447003,0.698502763314456,1083,208,34,140,12,21,22,119
0.746055864476917,0.757837739632953,1085,206,37,158,15,26,22,132
0.7436,0.765872023257751,1054,237,41,147,21,30,20,117
0.758965903702746,0.788166384842435,1062,229,37,167,21,37,16,130
0.656666666666667,0.673464935013523,1065,226,25,142,7,32,18,110
0.76909307875895,0.783184497772205,1056,235,34,145,19,29,15,116
0.702377115229654,0.719867257150778,1046,245,50,151,22,28,28,123
0.758101719470815,0.769014358397081,1044,247,42,143,24,32,18,111
0.597859239772771,0.618154670943096,1059,232,42,158,12,28,30,130
0.691449052739375,0.704162394049106,1067,224,31,179,11,39,20,140
0.753219512195122,0.7913114883475,1063,228,41,148,21,34,20,114
0.763717015468608,0.774558329010429,1069,222,35,160,18,28,17,132
0.68215470577964,0.722444611802795,1048,243,46,143,20,27,26,116
0.765580487804878,0.792987937034685,1064,227,41,137,25,28,16,109
0.705335697129132,0.741629011707696,1066,225,42,139,17,24,25,115
0.773191446842526,0.794001974354113,1061,230,40,162,19,34,21,128
0.718448589626933,0.750184855848844,1048,243,35,155,16,37,19,118
0.7100747679254,0.739080281480651,1086,205,38,152,17,22,21,130
0.737919664268585,0.769213685329942,1052,239,40,133,23,32,17,101
0.688406320759262,0.721157147380988,1093,198,33,152,10,25,23,127
0.734844761202589,0.765239818350987,1078,213,39,166,17,36,22,130
0.722991606714628,0.75268598231473,1082,209,40,137,18,23,22,114
0.779549741858618,0.790025079950556,1061,230,32,155,14,32,18,123
0.791724583002383,0.813902920682455,1068,223,32,145,18,25,14,120
0.762565196775723,0.795231816598847,1069,222,37,140,22,26,15,114
0.788321766216733,0.82328985168856,1064,227,29,151,17,28,12,123
0.742447679708826,0.750114659815801,1021,270,35,142,21,31,14,111
0.677094898228919,0.675960189400684,1059,232,30,151,11,31,19,120
0.781063414634146,0.802485742478822,1078,213,41,127,23,22,18,105
0.722011952191235,0.764626199609424,1074,217,36,156,17,24,19,132
0.737558420628525,0.767743978307034,1063,228,50,143,26,27,24,116
0.737353175160279,0.776655139439319,1061,230,34,124,18,24,16,100
0.744905956112852,0.761433771271372,1073,218,44,154,20,29,24,125
0.7752161055505,0.793708146235067,1103,188,35,146,17,21,18,125
0.695003621945175,0.712962689541983,1087,204,42,130,16,22,26,108
0.768143067927209,0.818353487005904,1060,231,29,157,17,26,12,131
0.764764378305021,0.778841754663266,1088,203,34,135,12,35,22,100
0.810228948779834,0.834095097320482,1053,238,48,159,31,32,17,127
0.746303457688808,0.804393043199262,1068,223,35,159,17,28,18,131
0.679684546561936,0.710198177903789,1072,219,38,133,14,40,24,93
0.771327760742639,0.812554636029431,1047,244,38,155,21,38,17,117
0.717164309411559,0.728260865989772,1059,232,46,136,19,28,27,108
0.722799382282746,0.743598639393101,1066,225,34,145,14,26,20,119
0.768409851018547,0.791301641149637,1080,211,26,157,14,30,12,127
0.793904876099121,0.826087001556239,1065,226,40,152,24,27,16,125
0.783895131086142,0.79759670511475,1058,233,45,136,24,33,21,103
0.813457442451053,0.826141476605492,1083,208,39,144,21,20,18,124
0.7004863703201,0.714444924874681,1067,224,28,150,10,23,18,127
0.784824307339199,0.783150073896083,1075,216,29,157,12,27,17,130
0.730096124832967,0.760842627746763,1080,211,37,155,15,34,22,121
0.723992917220009,0.741646155244063,1066,225,36,157,14,33,22,124
0.760702911737944,0.796003569112207,1070,221,35,159,21,34,14,125
0.743822674418605,0.763975374733611,1068,223,43,133,24,21,19,112
0.706517522306996,0.722501044527921,1059,232,37,150,11,27,26,123
0.722444932971249,0.747470068422559,1063,228,37,161,18,29,19,132
0.753840009830425,0.771548617315959,1058,233,39,163,21,35,18,128
0.709866220735786,0.733719055875195,1050,241,26,154,11,36,15,118
0.704944178628389,0.720719915266563,1067,224,37,140,14,30,23,110
0.711650053816276,0.753962131340889,1096,195,34,147,14,25,20,122
0.690790243902439,0.705002559771356,1053,238,41,165,17,30,24,135
0.763933735785484,0.766232795156702,1066,225,34,152,16,29,18,123
0.707597271914132,0.730038433921067,1061,230,43,147,18,27,25,120
0.724223093725179,0.736484384361226,1055,236,32,171,14,34,18,137
0.726550713392819,0.746321167190862,1056,235,37,142,17,32,20,110
0.780286738351254,0.819707591169978,1071,220,31,151,18,31,13,120
0.736827956989247,0.769826320902416,1058,233,31,158,15,36,16,122
0.699229268292683,0.731752658255045,1085,206,41,162,17,29,24,133
0.775568698817107,0.776351684280757,1067,224,35,142,16,27,19,115
0.663637397634213,0.69120117099605,1079,212,35,146,15,26,20,120
0.736570795394325,0.748921845484697,1106,185,33,147,15,23,18,124
0.700707176532216,0.709987136642697,1064,227,46,159,15,27,31,132
0.77710550319246,0.784768878329362,1064,227,26,135,11,23,15,112
0.725086016220202,0.75690350997817,1074,217,39,143,16,29,23,114
0.70934423347398,0.731763216159043,1051,240,27,143,13,33,14,110
0.761555197421435,0.790809002351476,1057,234,50,158,29,27,21,131
0.668444760550024,0.683332773155689,1071,220,37,158,13,34,24,124
0.68322632423756,0.712665961427887,1063,228,45,155,16,23,29,132
0.743561187916027,0.778038298869853,1091,200,31,155,17,27,14,128
0.726940895690018,0.755016795214198,1068,223,34,162,16,30,18,132
0.819587628865979,0.83076164400873,1056,235,30,147,21,32,9,115
0.726911306628778,0.744060318563009,1083,208,29,140,13,27,16,113
0.739707835325365,0.75462194115762,1068,223,36,143,18,25,18,118
0.754616759332804,0.784971932415715,1063,228,32,148,15,28,17,120
0.781631028207461,0.812450009447109,1059,232,35,133,21,21,14,112
0.758986175115207,0.776737853942694,1034,257,31,159,18,33,13,126
0.705678048780488,0.746608366277151,1084,207,41,149,16,23,25,126
0.716107317073171,0.747393417343999,1049,242,41,146,17,32,24,114
0.763790528496411,0.787868780633349,1068,223,33,160,20,35,13,125
0.720235263018768,0.73675444390368,1082,209,30,156,15,27,15,129
0.784153736400927,0.805818967044135,1059,232,45,158,30,38,15,120
0.760626486915147,0.758975615017571,1080,211,30,151,13,23,17,128
0.677662754246555,0.685235956137643,1073,218,44,163,14,26,30,137
0.71451355661882,0.740019741254911,1072,219,37,143,16,25,21,118
0.732416116804717,0.754455402254835,1073,218,34,142,15,21,19,121
0.719839434164655,0.736081326016157,1043,248,48,163,25,37,23,126
0.760209306135824,0.78192290006525,1068,223,39,158,18,30,21,128
0.823402780694754,0.8399573274687,1070,221,38,165,26,37,12,128
0.66319779896669,0.682523928808758,1043,248,38,138,14,29,24,109
0.746182010887893,0.742410225612307,1061,230,33,173,17,34,16,139
0.786517801223684,0.796985716233761,1053,238,33,147,20,27,13,120
0.720667299177736,0.760702899904524,1064,227,51,161,22,37,29,124
0.749080986313765,0.762997082483145,1078,213,28,149,13,28,15,121
0.73780487804878,0.772214502041728,1079,212,41,143,21,34,20,109
0.728494623655914,0.757095103722441,1068,223,31,127,12,21,19,106
0.721945341382376,0.735270522597141,1057,234,34,152,14,31,20,121
0.699462365591398,0.757171318724497,1050,241,31,170,15,36,16,134
0.699603174603175,0.712322526599719,1062,229,31,157,12,27,19,130
0.728945268198429,0.781068321730304,1060,231,38,163,21,38,17,125
0.690070518653321,0.709159750803031,1068,223,35,158,15,43,20,115
0.763976173561397,0.780490414123134,1036,255,29,155,16,30,13,125
0.744849583002383,0.771273180039717,1063,228,32,122,12,26,20,96
0.760108194318721,0.784944309216557,1060,231,37,147,20,32,17,115
0.712228862328464,0.727551569039364,1070,221,36,163,15,25,21,138
0.746712951585156,0.783405564411376,1061,230,39,130,19,22,20,108
0.740747402078337,0.755431821104451,1073,218,40,155,22,32,18,123
0.712460063897764,0.747504740701118,1065,226,39,156,18,31,21,125
0.788697059064471,0.80439989135716,1075,216,39,152,20,28,19,124
0.798860115095175,0.808167132467556,1080,211,36,132,17,26,19,106
0.793417922283902,0.806836255449022,1063,228,30,141,16,29,14,112
0.789813993230142,0.807383846945978,1062,229,49,157,31,34,18,123
0.736277521761393,0.772777526680274,1065,226,31,139,17,22,14,117
0.764705882352941,0.785048670735501,1057,234,34,142,20,36,14,106
0.699439038919778,0.719978473223087,1066,225,32,159,12,34,20,125
0.794964586100044,0.80837443668548,1046,245,36,164,20,39,16,125
0.745656274821287,0.764752901906484,1061,230,32,159,11,23,21,136
0.711635944700461,0.720898254855622,1060,231,31,136,16,22,15,114
0.783423261390887,0.813970706848229,1047,244,40,142,22,27,18,115
0.751580982711556,0.769276936845688,1078,213,35,153,13,29,22,124
0.680871172344269,0.702933645704812,1065,226,38,146,15,26,23,120
0.687562053216839,0.712900659859454,1058,233,32,172,16,33,16,139
0.706916777335104,0.748183833987982,1046,245,36,159,17,30,19,129
0.736558575208972,0.761353461282107,1062,229,38,162,17,28,21,134
0.697620079973021,0.739931441773964,1057,234,33,144,15,33,18,111
0.766629802572295,0.783112776023629,1080,211,39,139,22,29,17,110
0.724437268940989,0.722699288020786,1064,227,34,162,14,36,20,126
0.811280975219824,0.82897927511178,1074,217,40,139,22,27,18,112
0.73844877557021,0.76780553135754,1020,271,38,157,21,27,17,130
0.751199040767386,0.774902447407791,1051,240,40,162,21,35,19,127
0.732476870474658,0.741235131690738,1077,214,48,151,21,29,27,122
0.727116153586742,0.74501657403595,1076,215,33,145,18,26,15,119
0.683288294451666,0.702216437998601,1035,256,47,155,16,32,31,123
0.774679061531651,0.787624112751483,1058,233,36,138,21,25,15,113
0.737927009093143,0.741441461783249,1042,249,39,159,22,35,17,124
0.767080477606793,0.789747579082465,1072,219,37,155,18,26,19,129
0.7534639746635,0.767938576596272,1089,202,28,150,15,21,13,129
0.660279057859703,0.686816595999775,1073,218,31,168,14,40,17,128
0.736306135357369,0.763267542138222,1031,260,51,156,24,40,27,116
0.749108734402852,0.772010846017483,1077,214,33,156,19,29,14,127
0.70734412470024,0.71731885475886,1062,229,40,131,16,28,24,103
0.769607843137255,0.790620271081397,1057,234,33,151,16,27,17,124
0.720528995130589,0.747103095531624,1096,195,36,153,19,23,17,130
0.73294930875576,0.761198787255583,1084,207,31,146,12,30,19,116
0.690875367345956,0.718097253661757,1080,211,33,133,12,20,21,113
0.711968542639469,0.722320258524389,1061,230,39,151,17,29,22,122
0.816719618745036,0.832113047720422,1049,242,32,147,22,33,10,114
0.72258783663278,0.740449717832854,1064,227,45,136,17,22,28,114
0.73220487804878,0.772968226711833,1059,232,41,143,22,32,19,111
0.723678048780488,0.743594792756219,1067,224,41,152,21,27,20,125
0.750691244239631,0.770539869930799,1061,230,31,153,14,29,17,124
0.697830898627711,0.700204097789524,1080,211,36,167,11,21,25,146
0.77339626933576,0.798228204720203,1074,217,35,157,22,29,13,128
0.765561015561015,0.789433393400163,1082,209,37,153,18,33,19,120
0.79212526603831,0.827226350665451,1107,184,26,147,12,22,14,125
0.75487990270599,0.775643040080837,1051,240,26,157,14,23,12,134
0.721352963414122,0.746431090406543,1047,244,38,146,18,33,20,113
0.750446783161239,0.774851062039996,1033,258,32,154,17,35,15,119
0.699054481680582,0.706700555494346,1062,229,42,154,14,27,28,127
0.793083753610069,0.814262073920234,1065,226,37,168,21,39,16,129
0.701057779799818,0.718870852857961,1064,227,35,159,14,35,21,124
0.733820274457725,0.739597267620405,1075,216,36,158,14,23,22,135
0.778339837163367,0.798279534260788,1051,240,33,158,20,30,13,128
0.666618404608772,0.685814949042509,1057,234,53,170,19,25,34,145
0.721504337683167,0.730913623118701,1052,239,44,167,20,37,24,130
0.713017900241352,0.731322067530246,1066,225,48,153,21,31,27,122
0.761780575539568,0.799292173178699,1052,239,40,166,22,41,18,125
0.719209756097561,0.743708735679794,1044,247,41,157,18,30,23,127
0.734525195051511,0.760918222603774,1076,215,37,146,20,33,17,113
0.734792626728111,0.750088157038176,1066,225,31,136,13,25,18,111
0.633007098752468,0.644283682716184,1056,235,38,158,12,34,26,124
0.709263418971407,0.760138338114447,1059,232,34,166,17,39,17,127
0.771046843558426,0.811976783823617,1047,244,34,135,20,33,14,102
0.649357581303138,0.682561268575818,1060,231,42,141,16,28,26,113
0.745923261390887,0.772989459885861,1059,232,40,139,21,30,19,109
0.744171882219515,0.766126310371256,1047,244,38,144,20,27,18,117
0.774761624732222,0.797821682905902,1060,231,38,157,25,29,13,128
0.764830718824464,0.761217262663483,1084,207,32,160,14,29,18,131
0.753783979564604,0.777719733108521,1058,233,42,176,21,31,21,145
0.76336323420988,0.805647478654616,1073,218,39,141,21,19,18,122
0.797676282051282,0.819066340330334,1074,217,43,161,26,30,17,131
0.723188499504289,0.75396910733986,1072,219,37,157,19,37,18,120
0.747973285168228,0.774797755037179,1044,247,38,167,19,43,19,124
0.758276218802535,0.779275656123261,1076,215,37,149,15,25,22,124
0.750398406374502,0.757811336311638,1056,235,36,147,18,36,18,111
0.760432667690732,0.798102593164966,1096,195,31,143,15,13,16,130
0.73338214853058,0.7584825071309,1085,206,32,151,10,27,22,124
0.763074484944532,0.767293599208292,1060,231,29,139,13,23,16,116
0.709074047309342,0.754245051773626,1053,238,33,154,17,37,16,117
0.731440402247856,0.76991285202109,1061,230,49,155,25,37,24,118
0.70262186940966,0.722165564876649,1091,200,43,152,19,41,24,111
0.761670761670762,0.774062151671609,1071,220,37,139,18,19,19,120
0.787146838625062,0.792713796931461,1052,239,29,157,15,33,14,124
0.715489903040023,0.733696832134049,1060,231,44,142,15,30,29,112
0.771597167584579,0.762352195507418,1087,204,20,148,7,26,13,122
0.704443352520005,0.714504411136516,1072,219,34,153,15,19,19,134
0.724769134707023,0.761831410835025,1065,226,49,145,24,27,25,118
0.746062633019155,0.790459200181795,1054,237,26,142,14,40,12,102
0.73196958877641,0.756124677004834,1053,238,38,160,15,33,23,127
0.755088363780778,0.757108492341089,1061,230,32,151,13,34,19,117
0.684409756097561,0.722215233646866,1062,229,41,139,21,31,20,108
0.708061687445194,0.705671710447597,1078,213,42,148,15,28,27,120
0.751931909309616,0.777090207044475,1094,197,44,159,17,30,27,129
0.740727517116814,0.76796490182683,1072,219,38,157,19,30,19,127
0.78272165219679,0.815868630229492,1075,216,24,164,14,27,10,137
0.769943903891978,0.776092494819595,1075,216,32,144,15,26,17,118
0.770655689503087,0.791853156555773,1084,207,38,132,22,17,16,115
0.781996891670517,0.789094215043652,1083,208,38,133,16,29,22,104
0.76897964578377,0.795283501378932,1087,204,30,142,14,23,16,119
0.740208122561064,0.754383117144276,1057,234,33,130,16,29,17,101
0.778416012097282,0.79986653035064,1076,215,38,130,20,32,18,98
0.675550435227855,0.698963654492921,1081,210,31,165,10,27,21,138
0.797800144877807,0.819111524803245,1063,228,42,167,28,35,14,132
0.753480753480753,0.76568319160745,1097,194,37,132,15,24,22,108
0.789792741869419,0.818986271965643,1073,218,39,152,24,30,15,122
0.697930500221337,0.720707178455483,1054,237,36,145,16,34,20,111
0.799073170731707,0.82100101183317,1061,230,41,137,30,37,11,100
0.720845401388054,0.761646151505635,1077,214,29,144,11,30,18,114
0.753772835583797,0.784774105850748,1058,233,32,166,16,33,16,133
0.765972498014297,0.764532779666041,1051,240,32,141,13,27,19,114
0.844753392916253,0.877898759565861,1056,235,19,153,14,31,5,122
0.743219666931007,0.760458511217266,1072,219,30,152,13,15,17,137
0.786806860336272,0.795749970310246,1080,211,33,141,20,26,13,115
0.721087115823958,0.741321705146078,1057,234,37,154,16,36,21,118
0.735331122040489,0.733545036685704,1061,230,42,171,21,39,21,132
0.75707171314741,0.784467194171772,1089,202,36,159,19,31,17,128
0.759532374100719,0.788693539594895,1073,218,40,159,18,34,22,125
0.801057361882104,0.823374916604821,1075,216,30,156,16,28,14,128
0.690597521982414,0.707556919608426,1057,234,40,130,17,24,23,106
0.72884440400364,0.768756833132837,1068,223,35,150,16,24,19,126
0.708578562511147,0.728313860534296,1052,239,45,149,21,31,24,118
0.7321044546851,0.74241607102029,1056,235,31,148,14,26,17,122
0.806771633384537,0.81357729395462,1061,230,31,156,16,29,15,127
0.745463629096723,0.783722825583924,1070,221,40,152,25,32,15,120
0.676695044086348,0.673889986279273,1053,238,26,153,8,23,18,130
0.764919718194478,0.788919719162527,1059,232,39,151,22,27,17,124
0.779573195707381,0.805849076419982,1027,264,39,131,22,35,17,96
0.761488604988535,0.791563226393391,1091,200,34,155,17,33,17,122
0.733530482256597,0.758053001827213,1048,243,35,162,16,35,19,127
0.764571557303187,0.799754432990922,1071,220,39,155,21,29,18,126
0.770396193005755,0.805079413255998,1061,230,36,142,21,29,15,113
0.732183034356947,0.75647720853603,1090,201,26,148,11,29,15,119
0.790682926829268,0.80703577979112,1053,238,41,154,27,38,14,116
0.722891154135595,0.781092591360369,1059,232,47,156,23,32,24,124
0.762545495905368,0.776577805064589,1068,223,35,147,16,39,19,108
0.78440886023865,0.802735656337457,1050,241,23,170,11,48,12,122
0.722970706618962,0.731926619382241,1041,250,43,130,21,28,22,102
0.764049315966249,0.797264126594492,1061,230,39,150,24,32,15,118
0.70197628458498,0.72372884963927,1054,237,26,150,12,38,14,112
0.704536585365854,0.73449015837583,1073,218,41,140,16,23,25,117
0.671443794742882,0.702056008897225,1067,224,29,152,11,36,18,116
0.696863819320215,0.731250903051165,1073,218,43,155,13,25,30,130
0.734323722456634,0.765708373769335,1076,215,27,154,15,28,12,126
0.686829173671279,0.731149116594051,1047,244,37,153,17,33,20,120
0.759312211674101,0.784888422991874,1061,230,42,167,25,31,17,136
0.796371701546861,0.846726417361389,1053,238,35,160,20,30,15,130
0.765252310673822,0.790656590936959,1044,247,43,156,21,25,22,131
0.708701091901729,0.725868069160748,1034,257,35,158,14,34,21,124
0.726637852593267,0.736585724508644,1059,232,35,160,16,27,19,133
0.738603531300161,0.766839753809975,1069,222,45,145,23,36,22,109
0.713709677419355,0.729188147297614,1084,207,31,135,15,19,16,116
0.795758042096902,0.792283106922382,1073,218,32,136,17,25,15,111
0.757563694267516,0.780222719047323,1073,218,35,157,16,35,19,122
0.736369555172848,0.749310577695833,1059,232,38,170,20,35,18,135
0.727733190654539,0.758870835303115,1084,207,45,166,18,28,27,138
0.670671167593328,0.695137870803084,1055,236,32,153,10,23,22,130
0.76783735607265,0.796529264180692,1052,239,33,144,21,26,12,118
0.818896321070234,0.810558062304162,1078,213,26,159,14,31,12,128
0.737444859178826,0.762188369940029,1039,252,28,137,14,37,14,100
0.737514907573047,0.767086315621662,1061,230,43,125,19,25,24,100
0.730329130262113,0.757589708658599,1074,217,32,169,14,28,18,141
0.773727312970341,0.811706260209637,1051,240,36,162,22,32,14,130
0.732181259600614,0.755091233760771,1053,238,31,146,14,30,17,116
0.724879614767255,0.747550059628489,1053,238,45,177,14,36,31,141
0.763803587716631,0.760443278596546,1060,231,26,156,15,31,11,125
0.709271922767498,0.734334253649112,1068,223,48,150,22,32,26,118
0.758678955453149,0.763384124096693,1068,223,31,147,15,28,16,119
0.708678343949045,0.747380802173148,1083,208,35,130,17,29,18,101
0.757056748015289,0.802966867211986,1086,205,38,161,17,31,21,130
0.724850495617269,0.755535660603092,1090,201,39,169,19,33,20,136
0.77263028578818,0.793455769807378,1058,233,37,168,22,31,15,137
0.694475642285554,0.706859065024827,1071,220,34,163,14,32,20,131
0.717063177372456,0.735499529846771,1087,204,30,157,9,27,21,130
0.726317724239339,0.71729202876355,1081,210,28,136,11,21,17,115
0.705632846963013,0.734170266856971,1096,195,28,140,9,22,19,118
0.760834440017707,0.783026998104394,1062,229,36,156,20,32,16,124
0.728274925643347,0.751263882053407,1075,216,37,151,17,30,20,121
0.796745655608215,0.804613431165938,1070,221,25,160,12,24,13,136
0.665143369175627,0.685601340134467,1071,220,31,149,13,22,18,127
0.784895359417652,0.840544580031438,1067,224,35,159,21,35,14,124
0.730260398795227,0.749330586272157,1054,237,42,138,21,27,21,111
0.740117767537122,0.776057408338919,1068,223,31,138,16,31,15,107
0.766518250934599,0.789419861428902,1056,235,38,154,19,26,19,128
0.807002084988086,0.819630960914833,1075,216,32,143,18,29,14,114
0.717840939418201,0.740147644979173,1045,246,42,152,20,28,22,124
0.749641577060932,0.750351850608883,1075,216,31,151,11,22,20,129
0.766759776536313,0.783098186513078,1055,236,38,159,19,31,19,128
0.726116838487972,0.735185998879039,1058,233,30,139,15,22,15,117
0.807912391475927,0.806328073911398,1066,225,24,151,11,23,13,128
0.809112709832134,0.825412891886892,1071,220,40,138,24,35,16,103
0.751968425259792,0.775460964085475,1047,244,40,146,23,36,17,110
0.721694796061885,0.730794303394767,1073,218,27,159,9,23,18,136
0.695319651202004,0.722557674588083,1071,220,33,182,12,24,21,158
0.654775906246062,0.677412169777233,1063,228,38,135,14,31,24,104
0.685910652920962,0.713680178645198,1086,205,30,139,11,32,19,107
0.743141492265696,0.784050996092358,1062,229,35,148,17,27,18,121
0.680717394356311,0.697168298166944,1037,254,34,135,14,27,20,108
0.715205843293493,0.736591996376763,1052,239,36,156,21,34,15,122
0.794829251900701,0.806405381207373,1066,225,38,154,21,25,17,129
0.731671051126615,0.784033778525542,1062,229,42,147,20,29,22,118
0.761433604706848,0.773308756864393,1069,222,47,159,25,28,22,131
0.72723642172524,0.764815299326314,1065,226,39,143,20,30,19,113
0.722848395703633,0.746630032739689,1070,221,47,147,22,22,25,125
0.723583444001771,0.749949395211866,1075,216,36,154,15,28,21,126
0.666233077997784,0.700533162757369,1067,224,33,140,14,25,19,115
0.699933598937583,0.711485359046334,1058,233,36,164,16,37,20,127
0.717990243902439,0.730054461444371,1062,229,41,159,19,22,22,137
0.785801239486498,0.820728792206887,1067,224,36,137,20,29,16,108
0.772383681952266,0.818714552575751,1077,214,48,159,22,31,26,128
0.750818926296633,0.756116629223554,1054,237,35,128,17,25,18,103
0.754924781240571,0.764455468384771,1079,212,37,157,16,33,21,124
0.676857426284463,0.699897521810136,1082,209,47,143,18,35,29,108
0.72609040444092,0.739511677907772,1075,216,30,147,13,31,17,116
0.792809756097561,0.809894129345865,1079,212,41,185,25,30,16,155
0.725474683544304,0.752275408026298,1062,229,27,160,11,35,16,125
0.734710379300206,0.783913108828602,1043,248,38,169,19,32,19,137
0.727158034528552,0.770749406375624,1078,213,36,162,21,36,15,126
0.764233807266983,0.797479698961409,1052,239,25,154,15,21,10,133
0.678419654714476,0.70690696903536,1057,234,36,157,13,33,23,124
0.787455321683876,0.789843715716754,1083,208,32,144,13,29,19,115
0.729221232757115,0.755372220078666,1051,240,46,170,21,28,25,142
0.778409756097561,0.789168274810495,1078,213,41,159,18,22,23,137
0.781939260264676,0.811680559131837,1079,212,28,159,12,31,16,128
0.724438276500132,0.750148043418504,1072,219,30,124,12,24,18,100
0.758282816729574,0.768282945274041,1046,245,42,154,22,33,20,121
0.677662957074722,0.719586077792671,1062,229,33,127,13,22,20,105
0.725525293649679,0.756178402082646,1049,242,34,159,12,31,22,128
0.768607825295723,0.80914265014386,1051,240,35,158,21,39,14,119
0.72136346452724,0.754101720634459,1053,238,38,153,19,34,19,119
0.771259406817176,0.799173655073499,1096,195,36,144,14,28,22,116
0.798509783961091,0.833154068749862,1081,210,28,159,15,31,13,128
0.775785015676915,0.794023886069557,1077,214,34,174,19,35,15,139
0.70750894435105,0.727991782561173,1079,212,37,145,16,27,21,118
0.832219662058372,0.841630397301486,1095,196,31,126,18,31,13,95
0.702224121748458,0.732986717161071,1043,248,48,158,24,35,24,123
0.653759571461435,0.67831904510926,1042,249,49,148,16,28,33,120
0.765450236966825,0.767499421623369,1062,229,25,149,12,22,13,127
0.754474891455722,0.772620390128582,1066,225,39,143,18,26,21,117
0.674902896719547,0.680655376561382,1058,233,34,151,11,31,23,120
0.684087807097361,0.706734047755533,1063,228,35,152,14,27,21,125
0.741030708422013,0.747596199115113,1087,204,26,142,7,20,19,122
0.743931707317073,0.771416072714213,1065,226,41,147,21,27,20,120
0.79698488045007,0.811945063720308,1079,212,27,149,14,32,13,117
0.665187358751914,0.704017731421873,1063,228,44,161,15,35,29,126
0.681348707579649,0.706748476187239,1091,200,29,152,12,27,17,125
0.726932923707117,0.746463447462379,1071,220,31,150,16,25,15,125
0.722555043522785,0.746501555502256,1065,226,31,145,15,32,16,113
0.713037199879305,0.731010642733324,1095,196,37,141,16,26,21,115
0.763998115835177,0.784378191307219,1069,222,39,141,16,30,23,111
0.750409473218238,0.780687781544002,1064,227,36,157,18,31,18,126
0.801273293622602,0.820162035681812,1095,196,29,150,16,31,13,119
0.682956097560976,0.70074031860354,1060,231,41,156,20,34,21,122
0.755154271446406,0.770093648710197,1066,225,45,169,17,31,28,138
0.799506444243286,0.8057724605999,1059,232,37,159,23,38,14,121
0.776219024780176,0.83967153627782,1051,240,40,104,25,26,15,78
0.76911812894241,0.789996573361581,1093,198,39,171,19,21,20,150
0.776919151417949,0.8100213058537,1063,228,44,131,23,31,21,100
0.736779914829894,0.762650038340331,1062,229,34,139,17,31,17,108
0.76900487804878,0.796686128829555,1050,241,41,153,24,29,17,124
0.706942236354001,0.727172304849279,1070,221,33,161,15,28,18,133
0.796453038125497,0.824255388551181,1063,228,32,166,17,32,15,134
0.81196542311192,0.831084963503814,1077,214,35,152,21,29,14,123
0.757348384240815,0.766473467298283,1090,201,36,150,13,31,23,119
0.812807157558701,0.822761245939104,1067,224,38,141,25,29,13,112
0.714065958388668,0.73341926746289,1052,239,36,161,17,30,19,131
0.684965853658537,0.696824323522984,1069,222,41,164,15,29,26,135
0.748413957176844,0.769448738169635,1056,235,30,129,19,28,11,101
0.73367265240764,0.75124025787822,1065,226,42,151,20,32,22,119
0.771070241939258,0.80300052029029,1059,232,34,133,17,23,17,110
0.741399424146148,0.779067964846937,1068,223,32,156,14,32,18,124
0.704929222497585,0.727886068391249,1083,208,38,127,12,17,26,110
0.726929220938806,0.765336664578604,1082,209,39,167,17,34,22,133
0.759907258783663,0.797779939280622,1070,221,45,151,22,31,23,120
0.695137721453511,0.73417056347274,1073,218,37,162,14,36,23,126
0.758923252581414,0.782842707657938,1067,224,32,128,17,27,15,101
0.736863656485171,0.762749854039433,1076,215,36,145,16,25,20,120
0.790011134552274,0.795434439452108,1045,246,27,152,15,29,12,123
0.705725419664269,0.730389620635829,1077,214,40,177,19,42,21,135
0.708905823475887,0.71950773955899,1086,205,35,126,13,22,22,104
0.706972299444003,0.735493695125693,1065,226,32,165,9,32,23,133
0.76668815471394,0.798581283163628,1064,227,50,147,25,28,25,119
0.703426416744084,0.708022094982854,1055,236,29,143,13,33,16,110
0.774237943585077,0.807607383260637,1062,229,35,154,17,27,18,127
0.777239887428067,0.816725225044595,1098,193,38,148,21,27,17,121
0.760430216312569,0.764664517517527,1086,205,33,155,14,23,19,132
0.810394265232975,0.840297949611779,1080,211,31,166,17,35,14,131
0.814928057553957,0.833210416877543,1058,233,40,155,27,36,13,119
0.73361310951239,0.759151361655445,1064,227,40,151,19,29,21,122
0.786450839328537,0.809827874185641,1066,225,40,149,24,31,16,118
0.78509757124807,0.812391022837046,1079,212,34,154,16,32,18,122
0.760659054776702,0.769480863541427,1077,214,33,169,15,35,18,134
0.732007213508935,0.756184092997332,1077,214,29,144,13,20,16,124
0.702,0.720318522691825,1069,222,41,137,20,26,21,111
0.778675804991595,0.804087367287427,1087,204,37,161,19,35,18,126
0.742044655414908,0.738649500401911,1078,213,27,160,12,29,15,131
0.708935259497057,0.747910871635354,1038,253,45,151,21,36,24,115
0.794093558799441,0.796934645644106,1075,216,33,141,18,23,15,118
0.778184987608687,0.784498061756725,1067,224,38,132,19,26,19,106
0.726728617106315,0.732730642644777,1078,213,40,157,16,29,24,128
0.781231826592651,0.827168479920514,1071,220,30,146,15,25,15,121
0.649714539753849,0.693935998458849,1091,200,34,164,14,30,20,134
0.769778830963665,0.790930143298479,1071,220,25,140,11,32,14,108
0.685395288336465,0.703493835765364,1072,219,33,144,12,25,21,119
0.750768001966085,0.762192632102804,1051,240,39,138,20,28,19,110
0.738291279327136,0.757749145042438,1076,215,36,133,14,25,22,108
0.758370731707317,0.790140127873464,1064,227,41,160,26,38,15,122
0.757194244604317,0.791711860729984,1060,231,40,151,17,26,23,125
0.750079617834395,0.786624569909879,1057,234,35,145,20,36,15,109
0.75174505440912,0.772545462421672,1070,221,53,149,21,30,32,119
0.771626935364955,0.786656432308573,1060,231,39,145,19,32,20,113
0.766035881051855,0.791228460468813,1080,211,39,148,20,30,19,118
0.740196078431373,0.742212569248554,1082,209,33,140,15,21,18,119
0.726785714285714,0.760926738710456,1069,222,35,152,17,32,18,120
0.77163330300273,0.797196498101596,1058,233,35,133,18,27,17,106
0.751564958609838,0.788730756623473,1067,224,47,159,22,32,25,127
0.758519108280255,0.764341446452719,1041,250,35,143,13,32,22,111
0.74699148565299,0.777461915066074,1059,232,48,137,21,28,27,109
0.778692682926829,0.794043749474913,1078,213,41,176,18,30,23,146
0.760318685946933,0.775146087046918,1073,218,34,153,16,26,18,127
0.689308553157474,0.699524244210564,1060,231,40,153,17,44,23,109
0.748331334932054,0.789877406825098,1096,195,40,144,23,25,17,119
0.724192578829444,0.73844773897296,1077,214,29,145,14,28,15,117
0.761830535571543,0.785333143926987,1035,256,40,147,20,31,20,116
0.69225856875977,0.713156692209352,1058,233,42,153,17,26,25,127
0.801438689685702,0.821822238173849,1048,243,36,167,22,27,14,140
0.710998635122839,0.716011372447611,1069,222,35,153,15,33,20,120
0.784061366901553,0.795219506897498,1074,217,47,147,24,36,23,111
0.722230438068947,0.733777117301324,1066,225,49,172,19,41,30,131
0.769479564833872,0.79616780715136,1060,231,38,155,22,32,16,123
0.732444395868627,0.767465092871396,1068,223,29,138,16,19,13,119
0.703892682926829,0.719432997437767,1081,210,41,163,15,23,26,140
0.749374431301183,0.757590267155863,1056,235,35,124,18,25,17,99
0.704583551597695,0.722023640075029,1041,250,46,161,20,28,26,133
0.772753430721558,0.807491451263,1073,218,36,146,21,36,15,110
0.709167241775938,0.736613324907876,1043,248,49,161,25,32,24,129
0.738717339667458,0.748325781125911,1081,210,28,147,11,26,17,121
0.704124682559187,0.730926424441151,1053,238,39,150,17,30,22,120
0.711373976342129,0.722068273195545,1056,235,35,128,14,27,21,101
0.767094703049759,0.789740897808377,1074,217,45,166,21,33,24,133
0.724715650591447,0.772981882667335,1060,231,35,165,16,34,19,131
0.64998802763905,0.678622398846335,1051,240,47,151,18,32,29,119
0.786682332367889,0.80964294840382,1075,216,29,129,14,25,15,104
0.759008189262966,0.766649146034757,1082,209,35,139,17,21,18,118
0.730825026908138,0.745312063609217,1057,234,34,145,14,24,20,121
0.745730901401004,0.766445507620036,1095,196,30,147,13,17,17,130
0.679161076326774,0.707039037407096,1059,232,43,144,16,27,27,117
0.792750820440694,0.815416695051814,1067,224,27,150,14,28,13,122
0.771287762416795,0.795407598691421,1057,234,31,143,14,23,17,120
0.794405281969817,0.815928775722331,1065,226,32,159,16,31,16,128
0.77434968228753,0.804152400940782,1072,219,32,138,20,28,12,110
0.681009957325747,0.749446780395072,1076,215,37,155,15,31,22,124
0.694363085782367,0.693773886614821,1073,218,32,153,15,29,17,124
0.743099507735584,0.73402361580875,1079,212,27,158,8,20,19,138
0.661981500216794,0.682227460628548,1080,211,33,153,11,22,22,131
0.717102462754637,0.752852047876743,1062,229,26,138,9,25,17,113
0.708456174832702,0.728322462379404,1059,232,34,138,14,29,20,109
0.696212465878071,0.722636865084816,1093,198,35,139,15,23,20,116
0.782533729902151,0.798853423006106,1061,230,37,158,20,35,17,123
0.682263414634146,0.723960268485507,1080,211,41,152,16,27,25,125
0.781902381652455,0.800597036234435,1071,220,38,141,22,28,16,113
0.758341816536591,0.779336599331931,1073,218,28,128,13,27,15,101
0.688189448441247,0.70596458225373,1070,221,40,129,21,24,19,105
0.749907480835316,0.756416443612329,1062,229,30,134,13,25,17,109
0.760236945019554,0.777652457840095,1034,257,49,124,28,29,21,95
0.700320512820513,0.721330626786386,1063,228,43,165,18,37,25,128
0.721328793434608,0.762355686134596,1064,227,46,143,22,24,24,119
0.702828897858658,0.734355455146782,1054,237,47,156,22,35,25,121
0.775191646841131,0.781374515578989,1065,226,30,138,15,24,15,114
0.759287131422317,0.762463097604597,1062,229,47,163,21,37,26,126
0.662443423398711,0.709554264907098,1059,232,23,134,11,25,12,109
0.752926723514959,0.771586910696072,1074,217,33,153,16,28,17,125
0.74361661126367,0.770260036532078,1062,229,33,148,15,33,18,115
0.703361869092206,0.720108770342807,1052,239,45,156,19,34,26,122
0.734093863309845,0.75838351338785,1036,255,47,151,22,36,25,115
0.723076923076923,0.748984147465203,1042,249,30,140,16,27,14,113
0.771464275213173,0.800386716618218,1068,223,38,153,23,31,15,122
0.700066401062417,0.725891833865674,1071,220,36,158,16,22,20,136
0.798893182677364,0.803805447193022,1068,223,38,136,22,23,16,113
0.78492501973165,0.79937372890163,1062,229,24,151,14,30,10,121
0.762139286764397,0.777436652886042,1038,253,38,161,22,33,16,128
0.767642341619888,0.791952734182557,1080,211,44,143,23,32,21,111
0.784030937215651,0.804968047251992,1088,203,35,153,19,29,16,124
0.743338683788122,0.782261431959877,1064,227,45,138,26,20,19,118
0.745970731707317,0.754180864622879,1068,223,41,146,23,24,18,122
0.720628596724214,0.735643222793446,1024,267,36,168,21,35,15,133
0.724543294830835,0.742954127813487,1055,236,39,145,19,22,20,123
0.785253456221198,0.804338018377145,1066,225,31,148,20,25,11,123
0.739540923768075,0.754958691324461,1057,234,34,150,13,27,21,123
0.724097992418925,0.762733516984166,1091,200,34,144,16,28,18,116
0.766207710464202,0.778320707514103,1071,220,20,150,9,27,11,123
0.804966739475774,0.835834040600571,1069,222,32,146,18,34,14,112
0.718415105343734,0.747851047932742,1054,237,44,164,20,24,24,140
0.703776498666292,0.718797402406307,1070,221,34,147,13,27,21,120
0.753873170731707,0.77068826745206,1046,245,41,151,22,34,19,117
0.776383355467021,0.78804445311555,1068,223,36,148,18,25,18,123
0.740401982610157,0.762129363919042,1074,217,38,138,20,25,18,113
0.722686604780107,0.735886949331479,1055,236,38,135,15,26,23,109
0.716116231438812,0.716608236640561,1064,227,31,168,12,30,19,138
0.725560975609756,0.745806561144023,1057,234,41,170,19,33,22,137
0.77960637936885,0.790502322676632,1080,211,28,151,15,31,13,120
0.751108059931589,0.765567570345056,1046,245,33,195,14,43,19,152
0.675589465063149,0.714816453727914,1075,216,37,163,14,33,23,130
0.624010464058235,0.640838082350132,1067,224,35,143,15,29,20,114
0.720973782771536,0.76078005740757,1065,226,45,164,24,43,21,121
0.678094535922012,0.707981729310212,1079,212,39,148,16,26,23,122
0.698058105952843,0.709552405483021,1073,218,37,161,12,20,25,141
0.745569400317712,0.766463104141269,1049,242,32,144,16,26,16,118
0.710206097197376,0.729393232060051,1064,227,43,159,18,40,25,119
0.685956291219449,0.710527620867273,1035,256,37,150,18,31,19,119
0.732898105478751,0.759833216533659,1054,237,31,147,14,24,17,123
0.781882705576292,0.783534843663894,1076,215,28,144,13,28,15,116
0.711364381092816,0.7409264597469,1071,220,39,136,18,27,21,109
0.727077541699762,0.752760705396596,1097,194,32,158,12,27,20,131
0.741061818522158,0.763864654296088,1085,206,34,136,11,23,23,113
0.783966981335402,0.793833903868351,1054,237,37,139,21,29,16,110
0.736321951219512,0.770567505512027,1066,225,41,149,22,32,19,117
0.811071143085532,0.829508992851656,1055,236,40,145,25,26,15,119
0.73348749819338,0.776597185561338,1071,220,33,157,18,36,15,121
0.760994665434536,0.795506493481826,1058,233,38,149,22,30,16,119
0.743161735504369,0.776521994333457,1038,253,32,131,14,35,18,96
0.728078443295835,0.758337181504886,1087,204,26,144,11,28,15,116
0.707556486968252,0.746677096549699,1070,221,33,165,14,28,19,137
0.751106684373616,0.769318956714917,1044,247,36,175,19,37,17,138
0.74922297887201,0.785641570388782,1071,220,46,154,24,19,22,135
0.705937215650591,0.747515589127783,1067,224,35,137,16,30,19,107
0.736601455868972,0.789283539047472,1060,231,35,148,19,30,16,118
0.74777556440903,0.788100026960345,1065,226,36,144,20,23,16,121
0.808378960175956,0.837158013574542,1084,207,34,151,15,25,19,126
0.704498676859747,0.732081942426772,1068,223,38,164,14,27,24,137
0.736980162850429,0.749928727017113,1070,221,29,153,11,33,18,120
0.682869584888587,0.70445671257192,1085,206,28,153,10,25,18,128
0.814532446885388,0.804486356815281,1088,203,33,153,20,30,13,123
0.733073170731707,0.761722952539519,1073,218,41,126,19,27,22,99
0.749265308088837,0.769152368411941,1077,214,33,150,16,30,17,120
0.800284349408553,0.828535924715207,1086,205,35,150,20,26,15,124
0.803038239916186,0.832253546304725,1065,226,46,174,29,28,17,146
0.759650522955433,0.783197960595275,1083,208,38,155,20,29,18,126
0.780805355715428,0.80771690232148,1050,241,40,168,25,43,15,125
0.716871479774705,0.747791722699283,1074,217,31,154,12,32,19,122
0.688978616924477,0.714795082345289,1039,252,35,165,13,37,22,128
0.673169083312853,0.696883634297043,1055,236,39,150,17,29,22,121
0.730730457428487,0.750870649032464,1092,199,38,149,13,25,25,124
0.696409756097561,0.715649751601164,1068,223,41,141,15,40,26,101
0.779640044994376,0.790511701958525,1061,230,21,142,11,34,10,108
0.723069326010502,0.739336428374188,1045,246,33,152,15,37,18,115
0.749750199840128,0.772881503700094,1072,219,40,163,18,37,22,126
0.719207730825027,0.727969737906836,1065,226,34,154,12,35,22,119
0.706916060896996,0.731677704331664,1056,235,23,151,11,28,12,123
0.713747169629523,0.747762184488705,1067,224,33,126,14,27,19,99
0.739962094623052,0.745794783356294,1049,242,34,174,19,44,15,130
0.742544683721154,0.775237861298636,1061,230,33,140,15,32,18,108
0.780265787370104,0.776023604548663,1074,217,40,169,19,26,21,143
0.706028761061947,0.735870609776691,1079,212,48,159,23,29,25,130
0.807569721115538,0.821615559640838,1085,206,36,161,19,32,17,129
0.677617014547755,0.687876966607753,1060,231,51,149,19,29,32,120
0.746597277822258,0.765820999771971,1038,253,42,157,23,43,19,114
0.671462131988448,0.683425782511228,1063,228,37,122,17,32,20,90
0.71683859444485,0.746529728619152,1061,230,44,147,15,27,29,120
0.769575506857484,0.790201038539424,1077,214,43,159,23,30,20,129
0.6952636968766,0.746935479594201,1075,216,31,144,14,33,17,111
0.723684210526316,0.731559025106531,1056,235,37,155,15,36,22,119
0.704366506794564,0.718854172014907,1084,207,40,153,15,33,25,120
0.731938085437056,0.758639257375745,1069,222,38,160,19,35,19,125
0.7694375603814,0.790489673110159,1073,218,38,148,21,34,17,114
0.769219512195122,0.78774189540775,1063,228,41,170,23,31,18,139
0.784373946138652,0.822095827834601,1075,216,33,155,19,27,14,128
0.729531490015361,0.753959956591594,1074,217,31,153,13,27,18,126
0.780515587529976,0.794673518046425,1062,229,40,164,23,37,17,127
0.700007625147737,0.7348346466169,1061,230,42,139,18,26,24,113
0.705916327130676,0.753690374783599,1061,230,38,152,17,32,21,120
0.806901793858316,0.83058387417134,1069,222,26,144,17,28,9,116
0.747452636968766,0.771807910101617,1074,217,31,163,13,31,18,132
0.773618821041501,0.811699020257808,1080,211,30,156,18,36,12,120
0.762796661303298,0.780823221077311,1060,231,48,133,24,28,24,105
0.729684682223072,0.762859326302871,1052,239,29,156,14,33,15,123
0.655057547587428,0.674894673846336,1067,224,36,158,11,27,25,131
0.728031671357164,0.751011620828867,1068,223,38,148,17,27,21,121
0.773920701236995,0.790973628111277,1091,200,39,165,22,33,17,132
0.731195596518177,0.746837094939851,1071,220,31,154,17,35,14,119
0.762252964426877,0.799914300761214,1070,221,26,152,13,25,13,127
0.689957307386815,0.70550537422753,1057,234,32,157,16,37,16,120
0.714436388957156,0.73362102558356,1061,230,39,165,16,31,23,134
0.786585878103079,0.816948393038813,1057,234,38,135,23,23,15,112
0.735156960873521,0.749236842524455,1051,240,35,146,12,27,23,119
0.751325488167594,0.766672827777488,1072,219,37,128,14,21,23,107
0.76044233807267,0.765262917710097,1082,209,25,149,12,25,13,124
0.741450303099622,0.752657234568778,1057,234,42,169,16,33,26,136
0.779659498207885,0.795387036203055,1044,247,31,152,17,36,14,116
0.739612291501191,0.768304697204725,1027,264,32,169,15,41,17,128
0.77470243902439,0.821303895666664,1066,225,41,174,21,30,20,144
0.714723109691161,0.759494579202979,1078,213,39,147,15,24,24,123
0.749471959998276,0.760655895782907,1067,224,37,179,17,36,20,143
0.779838709677419,0.80131081124673,1089,202,31,152,15,30,16,122
0.762600556635785,0.789284178234487,1077,214,42,149,20,30,22,119
0.693846834882691,0.711539705540909,1063,228,36,143,11,23,25,120
0.740135857782917,0.755812990185268,1053,238,33,151,18,35,15,116
0.711726324998177,0.747356519078898,1088,203,44,152,21,22,23,130
0.792021968492557,0.806180915239546,1072,219,33,133,20,31,13,102
0.738474755485065,0.739717323801766,1083,208,30,152,13,31,17,121
0.772636014025563,0.777292299486368,1062,229,28,127,16,27,12,100
0.688479415670651,0.696612570753659,1075,216,36,164,12,35,24,129
0.78116574147502,0.788431475560462,1095,196,30,141,9,27,21,114
0.707370517928287,0.721833260172664,1069,222,36,168,13,28,23,140
0.681001944412673,0.695335360389679,1077,214,42,159,13,29,29,130
0.742047070994439,0.77343193282033,1082,209,37,152,18,25,19,127
0.742082160709035,0.75741871725034,1048,243,38,160,15,39,23,121
0.763019584332534,0.785153142904237,1059,232,40,166,21,37,19,129
0.730217434471803,0.748282630588388,1068,223,32,144,18,26,14,118
0.698683821354629,0.71556813119704,1083,208,49,160,19,23,30,137
0.74096941916946,0.747186746333654,1065,226,47,176,19,33,28,143
0.806132715616079,0.832884846810133,1068,223,34,139,21,34,13,105
0.75476618705036,0.805245182817609,1067,224,40,138,21,28,19,110
0.762697632505939,0.774839630877756,1060,231,39,145,17,27,22,118
0.695432674783116,0.743988085749728,1084,207,44,172,18,27,26,145
0.756889605157131,0.788529289055477,1044,247,50,179,28,42,22,137
0.728232566434814,0.766927576675115,1060,231,45,136,22,38,23,98
0.779896669046919,0.810317989740494,1053,238,38,149,19,31,19,118
0.826069144684253,0.829071483846624,1083,208,40,156,27,37,13,119
0.741617379435851,0.776606080555271,1064,227,35,165,21,36,14,129
0.792959508644222,0.794809962461063,1064,227,35,142,22,24,13,118
0.703733005157056,0.709643491193412,1064,227,27,136,13,24,14,112
0.733477202301903,0.749403555445704,1079,212,36,145,12,28,24,117
0.726676907322069,0.744747088577244,1062,229,31,141,14,26,17,115
0.767642341619888,0.791493708869334,1040,251,44,149,25,35,19,114
0.741767018923569,0.771261619087065,1084,207,39,152,19,38,20,114
0.759008410801239,0.790381642807373,1067,224,36,151,18,27,18,124
0.740456295568117,0.743997413738621,1070,221,39,150,20,26,19,124
0.740850769118612,0.756537413532097,1075,216,44,142,19,23,25,119
0.721656050955414,0.750438253511804,1092,199,35,133,14,27,21,106
0.810234146341463,0.83406468587264,1059,232,41,151,26,27,15,124
0.750296912114014,0.748173390649461,1077,214,28,156,13,29,15,127
0.683066840976133,0.702274648093863,1048,243,48,169,21,31,27,138
0.65295921367665,0.670617706099684,1085,206,38,152,9,31,29,121
0.750435227854583,0.759669288201136,1089,202,31,150,13,27,18,123
0.776663414634146,0.821314731652323,1058,233,41,142,22,30,19,112
0.730942018812298,0.753276852090441,1073,218,34,141,17,26,17,115
0.738752312979117,0.752305964175424,1060,231,30,156,10,25,20,131
0.729632587859425,0.769404892171383,1051,240,39,168,21,36,18,132
0.70980487804878,0.736298375218351,1072,219,41,154,19,23,22,131
0.766909958086429,0.794048071496311,1073,218,33,156,17,24,16,132
0.701305583658525,0.708323345941686,1065,226,33,167,11,37,22,130
0.777419531121919,0.795743597022488,1064,227,29,142,14,32,15,110
0.706388999205719,0.720578171738802,1075,216,32,158,15,35,17,123
0.700903056166214,0.71594255431105,1062,229,37,145,17,28,20,117
0.740208002382843,0.760207928432421,1074,217,32,145,17,25,15,120
0.735674253688665,0.746796330140005,1073,218,42,160,17,30,25,130
0.693139837175891,0.730282734057078,1073,218,47,152,20,29,27,123
0.688790465106255,0.708191310213638,1064,227,37,161,14,34,23,127
0.780110324227971,0.779540856237859,1049,242,33,154,17,30,16,124
0.749540806195393,0.761176528566838,1064,227,32,151,17,27,15,124
0.827278545826933,0.840199718836082,1091,200,31,160,18,32,13,128
0.681374900079936,0.716430384811639,1067,224,40,142,17,26,23,116
0.761152182131306,0.790500017852346,1069,222,38,149,22,35,16,114
0.673230717348364,0.684688685896831,1083,208,33,144,9,35,24,109
0.729894757744242,0.748571678639624,1077,214,32,153,14,33,18,120
0.674807987711214,0.688959596801119,1068,223,31,157,10,36,21,121
0.725983954299156,0.77060574258391,1072,219,38,159,18,30,20,129
0.757445762063501,0.791455000436651,1092,199,29,145,16,26,13,119
0.729746341463415,0.755116310270042,1079,212,41,150,19,33,22,117
0.724837277468856,0.753905116504716,1089,202,37,146,17,28,20,118
0.764842717420037,0.791058232328374,1096,195,30,162,15,33,15,129
0.750542721389367,0.77727254678745,1071,220,39,157,19,38,20,119
0.689436581233947,0.702338166042722,1073,218,29,147,13,33,16,114
0.782901726427623,0.802394761211519,1073,218,36,154,19,30,17,124
0.750533657664813,0.763843402415785,1048,243,32,152,19,32,13,120
0.734419512195122,0.749520120140792,1067,224,41,148,21,31,20,117
0.743351640410464,0.762554508361446,1099,192,33,140,17,13,16,127
0.731545373312152,0.725870043315258,1065,226,32,130,13,24,19,106
0.775629268292683,0.804330783084938,1068,223,41,147,22,29,19,118
0.757324738114424,0.788057246255238,1064,227,50,163,28,31,22,132
0.772860218072909,0.799130764418002,1075,216,34,156,16,22,18,134
0.715327578574591,0.751948336893749,1078,213,36,165,16,33,20,132
0.737919737919738,0.774489566271286,1063,228,33,149,18,29,15,120
0.708456213647907,0.742385736149385,1058,233,39,163,21,34,18,129
0.768688871266191,0.827778264291396,1095,196,30,141,17,14,13,127
0.71189490926333,0.742708687953495,1073,218,37,153,19,31,18,122
0.696825167413403,0.709220653649784,1071,220,33,164,13,23,20,141
0.731400060347429,0.746123479033361,1060,231,37,152,18,28,19,124
0.767721377459749,0.795907065469249,1073,218,43,159,20,29,23,130
0.760249086403159,0.76995743359283,1077,214,38,161,20,28,18,133
0.810471100554236,0.824806031603346,1087,204,28,161,18,23,10,138
0.753857924910557,0.786716319561696,1086,205,37,144,17,27,20,117
0.664526829268293,0.694489279284033,1065,226,41,144,16,28,25,116
0.730732625055334,0.765133356798018,1071,220,36,143,16,25,20,118
0.757472353870458,0.776690103967075,1059,232,25,134,14,21,11,113
0.731717073170732,0.754456700027382,1075,216,41,139,17,21,24,118
0.732728718022836,0.769204877173835,1059,232,33,152,18,21,15,131
0.814517867149446,0.849773593134521,1038,253,37,150,23,36,14,114
0.734542766151046,0.755938249743916,1087,204,35,166,14,38,21,128
0.7174688057041,0.739694619538041,1079,212,33,152,16,36,17,116
0.74347158218126,0.760928432630269,1071,220,31,150,14,28,17,122
0.762568243858053,0.804576584612933,1050,241,35,134,21,27,14,107
0.754975402504472,0.770025251826208,1065,226,43,158,21,39,22,119
0.726306276088253,0.761641396029228,1077,214,43,163,18,42,25,121
0.789315311760063,0.797542483462541,1049,242,24,154,14,25,10,129
0.697541966426858,0.707185734239243,1069,222,40,155,18,33,22,122
0.709095937248592,0.743126541884646,1086,205,48,150,19,19,29,131
0.78952403542062,0.77507598843265,1049,242,51,139,27,29,24,110
0.755054921033936,0.751792297036317,1071,220,29,162,16,33,13,129
0.796930040140903,0.81122084007436,1075,216,39,164,29,35,10,129
0.696895870962322,0.737645599687635,1064,227,38,153,18,30,20,123
0.769494404476419,0.798581217811688,1087,204,40,166,20,29,20,137
0.704312796208531,0.706124914774894,1066,225,25,141,7,26,18,115
0.727508960573477,0.762724721468095,1074,217,31,175,13,29,18,146
0.777817745803357,0.798994751380798,1072,219,40,161,20,32,20,129
0.760869565217391,0.795607872605136,1087,204,26,161,18,23,8,138
0.723754812812321,0.7594823705827,1063,228,39,154,17,33,22,121
0.808106632247816,0.81475494031209,1084,207,32,137,16,28,16,109
0.752614634146342,0.777086865339919,1051,240,41,166,19,24,22,142
0.782603459074047,0.787177775314766,1060,231,33,166,16,34,17,132
0.696041856232939,0.724573819490648,1074,217,35,160,15,27,20,133
0.766938295459319,0.768853929496817,1070,221,38,145,21,28,17,117
0.782117367168914,0.799011170510536,1070,221,30,137,15,33,15,104
0.709685016793643,0.712648093146481,1073,218,39,143,15,23,24,120
0.735623976141471,0.749593131907598,1056,235,38,164,17,38,21,126
0.745632393084622,0.769506264808935,1063,228,35,151,18,29,17,122
0.743904721793252,0.774840680867875,1055,236,34,134,15,34,19,100
0.710282511723665,0.745053379161311,1054,237,42,156,18,24,24,132
0.750312195121951,0.753068528917909,1056,235,41,163,24,38,17,125
0.710918884034948,0.738311498977789,1047,244,32,144,13,30,19,114
0.727451462275744,0.756475227561272,1072,219,39,156,16,29,23,127
0.741655599822931,0.767760009781736,1088,203,36,154,13,22,23,132
0.689907299719505,0.732643433624712,1071,220,47,125,21,26,26,99
0.686313291139241,0.717318950772509,1075,216,27,141,13,22,14,119
0.71993308063082,0.733542038396447,1087,204,34,157,12,30,22,127
0.74571554584786,0.75492506910956,1075,216,38,146,16,23,22,123
0.702114869665009,0.725465115379697,1064,227,29,136,12,26,17,110
0.826841156713361,0.857509980261008,1059,232,39,137,24,34,15,103
0.792946184250532,0.820711318720429,1075,216,26,151,13,34,13,117
0.780423117883182,0.804067340625088,1063,228,39,134,23,23,16,111
0.720175609756098,0.756339185909232,1093,198,41,142,19,30,22,112
0.697941567065073,0.715148608184431,1077,214,36,146,15,30,21,116
0.742094420174742,0.773901208399471,1083,208,32,152,18,33,14,119
0.790361812100943,0.826648855276259,1069,222,26,159,15,34,11,125
0.726501364877161,0.732473953790223,1074,217,35,174,14,24,21,150
0.762454320157937,0.77097199817477,1067,224,38,139,15,18,23,121
0.736154591532498,0.761868161240308,1066,225,43,157,20,34,23,123
0.705870942713048,0.723252429048186,1062,229,37,149,16,31,21,118
0.781195596518177,0.801426456997607,1075,216,31,141,17,26,14,115
0.695926006885622,0.708804050005225,1093,198,29,175,12,33,17,142
0.719420758600412,0.735357088757351,1068,223,38,170,16,36,22,134
0.730161247687021,0.756317160854899,1099,192,30,152,15,23,15,129
0.686953062848051,0.738068573326442,1079,212,34,133,16,26,18,107
0.69442116291252,0.709722821662428,1068,223,46,139,19,20,27,119
0.813821843233608,0.822488359190089,1081,210,33,132,19,26,14,106
0.691890057685782,0.754045013290173,1067,224,28,145,13,28,15,117
0.780949609896978,0.805969130138884,1049,242,37,150,23,29,14,121
0.76200053633682,0.780265109861618,1069,222,48,149,21,28,27,121
0.754846123101519,0.79812806619796,1063,228,40,141,22,26,18,115
0.793436775459247,0.823891630936922,1055,236,45,159,27,27,18,132
0.82918961447679,0.845551401186779,1064,227,20,131,13,25,7,106
0.722822104401052,0.733801720206222,1064,227,37,159,19,33,18,126
0.68491912641622,0.700935856142277,1091,200,43,167,14,28,29,139
0.702392772041303,0.73328022823895,1055,236,32,157,15,30,17,127
0.759568821009499,0.797323701108353,1053,238,52,163,26,35,26,128
0.810664722445696,0.824756669896832,1069,222,48,163,29,37,19,126
0.712444501918186,0.746425318354445,1037,254,37,145,17,32,20,113
0.783844864037326,0.811649196507895,1052,239,44,140,28,23,16,117
0.686399197181945,0.711892003246801,1068,223,39,154,15,28,24,126
0.790173775671406,0.824822817619698,1045,246,25,146,15,30,10,116
0.704600762957116,0.72270748816969,1082,209,24,158,11,26,13,132
0.690804870335231,0.711543098646984,1072,219,51,142,15,27,36,115
0.690622440622441,0.717332278309223,1071,220,37,159,14,28,23,131
0.763935058052705,0.786515557626538,1048,243,33,161,19,35,14,126
0.701551717564528,0.725790924302362,1097,194,42,164,15,25,27,139
0.769065857301151,0.790335650710476,1060,231,33,158,18,38,15,120
0.675966636492952,0.684503819757331,1085,206,37,137,12,27,25,110
0.670131938125569,0.692339614936777,1079,212,35,157,10,18,25,139
0.76265601815484,0.779605193239635,1077,214,18,139,10,21,8,118
0.673665086887836,0.682812365233765,1066,225,25,135,9,22,16,113
0.745566068649136,0.772104616773655,1078,213,39,169,18,33,21,136
0.694488711819389,0.70181619294924,1085,206,36,161,10,30,26,131
0.754656630458555,0.783220387978533,1072,219,44,158,22,30,22,128
0.794660347551343,0.818739386584389,1060,231,25,151,14,36,11,115
0.721403275785746,0.743398980070584,1071,220,36,139,17,36,19,103
0.762280221659711,0.787252953482956,1057,234,47,127,25,25,22,102
0.715188145353455,0.737561646193355,1067,224,32,146,12,29,20,117
0.832504508443084,0.850124470049865,1072,219,29,138,20,26,9,112
0.745633493205436,0.748652228773628,1062,229,40,156,18,33,22,123
0.755427213893668,0.775706067563672,1054,237,39,169,18,25,21,144
0.719597361237489,0.73188062418659,1089,202,35,153,15,25,20,128
0.702292474998634,0.744951730563434,1079,212,29,161,16,34,13,127
0.705117965101991,0.720872528188013,1081,210,39,157,13,31,26,126
0.714820481993552,0.744072009446649,1093,198,29,148,10,26,19,122
0.776826243623941,0.787869737584902,1055,236,34,160,17,32,17,128
0.76488210698737,0.795670979089329,1057,234,37,148,18,29,19,119
0.785112195121951,0.794750983726379,1072,219,41,160,19,31,22,129
0.772918641102282,0.822299271654367,1073,218,44,141,22,34,22,107
0.771922767497989,0.788730908427663,1083,208,48,150,25,31,23,119
0.744044233807267,0.753469182694309,1057,234,25,143,13,29,12,114
0.774473037630932,0.785064140870686,1084,207,37,180,16,34,21,146
0.739152412700148,0.74759192987899,1054,237,29,142,15,32,14,110
0.617321867321867,0.675337463060325,1074,217,33,170,9,35,24,135
0.755427547363031,0.775506595646756,1071,220,31,150,19,36,12,114
0.793298703729702,0.816165464226633,1072,219,34,145,18,32,16,113
0.726634146341464,0.763494046638812,1070,221,41,174,20,40,21,134
0.784865495370708,0.811182914197174,1073,218,44,146,25,30,19,116
0.774886329755516,0.799203036809574,1077,214,43,179,21,29,22,150
0.687881806108898,0.681463287279993,1059,232,36,159,16,39,20,120
0.719970557543232,0.729939583118168,1071,220,43,164,17,36,26,128
0.751177603014664,0.76454671697238,1075,216,39,162,14,39,25,123
0.659789468612998,0.66850376722326,1064,227,33,150,12,31,21,119
0.734124198605457,0.746472272233765,1066,225,34,165,14,31,20,134
0.739265161575918,0.754367363910526,1070,221,36,154,18,29,18,125
0.805745366639807,0.823682956978257,1067,224,50,147,34,38,16,109
0.771302156586967,0.766233004721203,1072,219,27,137,13,22,14,115
0.784315428911835,0.810405328697032,1061,230,32,144,20,28,12,116
0.781345822657202,0.798860174121266,1081,210,38,167,17,31,21,136
0.733953038125496,0.734959869162026,1057,234,32,154,15,32,17,122
0.732540311921755,0.758255091822288,1054,237,30,142,18,32,12,110
0.677496159754224,0.706222516509687,1052,239,31,148,12,41,19,107
0.776057157636105,0.810388119533659,1061,230,37,147,21,35,16,112
0.817076292882744,0.819432890970743,1063,228,31,120,18,28,13,92
0.706598894239344,0.736037627663481,1057,234,45,142,21,31,24,111
0.72325954084675,0.732583359241521,1069,222,43,151,20,27,23,124
0.729201689728005,0.734968353381174,1072,219,37,157,12,19,25,138
0.780211702440459,0.808280027374453,1078,213,38,159,19,26,19,133
0.688889992057188,0.705873817157097,1080,211,32,141,14,18,18,123
0.716675584091314,0.739170195537797,1059,232,45,161,21,26,24,135
0.733687804878049,0.756170817233233,1065,226,41,154,20,33,21,121
0.698649845064188,0.711846822714791,1050,241,36,145,16,28,20,117
0.745929084164378,0.765254717689283,1069,222,33,159,17,26,16,133
0.777022529441884,0.821116800173304,1055,236,31,155,18,33,13,122
0.791741924644012,0.818878088092066,1078,213,38,144,22,31,16,113
0.743285841938046,0.774875620971088,1078,213,32,168,12,36,20,132
0.745007898894155,0.755043473199832,1032,259,25,147,14,31,11,116
0.779079721776351,0.806055591437493,1072,219,45,159,24,23,21,136
0.756850577537478,0.767573894224015,1065,226,39,152,16,34,23,118
0.743182824258522,0.758302313609903,1068,223,36,163,15,29,21,134
0.758642416096106,0.775433575688675,1051,240,38,141,18,40,20,101
0.71417865707434,0.745259666190911,1072,219,40,162,19,26,21,136
0.756061992451104,0.771720689156971,1067,224,42,144,25,29,17,115
0.75352593266606,0.767205013524832,1073,218,35,144,16,21,19,123
0.762685344646532,0.765870693709751,1070,221,38,158,16,36,22,122
0.795653772197715,0.818379544346395,1078,213,28,152,16,30,12,122
0.738976876239995,0.75999857408663,1047,244,47,142,23,33,24,109
0.787141463414634,0.806824088289174,1063,228,41,156,22,18,19,138
0.726960213802319,0.746922955060085,1072,219,37,165,16,34,21,131
0.777925023225313,0.795356366849364,1068,223,29,139,19,37,10,102
0.804924242424242,0.82685873832532,1055,236,48,163,27,36,21,127
0.758033573141487,0.776028048018879,1084,207,40,166,13,23,27,143
0.686648883897234,0.721104385617748,1066,225,34,143,12,23,22,120
0.735130423824926,0.738823751938445,1071,220,38,163,18,20,20,143
0.735330619539317,0.782038564850141,1063,228,32,148,15,29,17,119
0.745286627684573,0.78473266778978,1057,234,29,143,13,26,16,117
0.776639806607574,0.792962675679644,1070,221,50,135,27,23,23,112
0.755765134758745,0.783002988371182,1069,222,39,160,16,25,23,135
0.667774726598256,0.67798029924651,1032,259,33,162,14,40,19,122
0.773889780631354,0.792300456312895,1058,233,45,160,26,29,19,131
0.758798294988797,0.819303142867128,1067,224,29,145,18,24,11,121
0.801180487804878,0.827003141871468,1055,236,41,162,27,36,14,126
0.721531707317073,0.734005256007563,1060,231,41,157,18,28,23,129
0.740205843293493,0.781340016276494,1075,216,36,142,16,34,20,108
0.739041095890411,0.740377652338521,1060,231,50,142,25,27,25,115
0.799766679904686,0.824052222711482,1085,206,32,157,19,27,13,130
0.716108452950558,0.754439888132078,1089,202,37,154,16,26,21,128
0.745130654838068,0.780611924964705,1082,209,57,125,28,30,29,95
0.760284810126582,0.761391772520477,1097,194,27,145,12,31,15,114
0.815967226219025,0.820019052598317,1068,223,40,164,26,32,14,132
0.73121686279581,0.74028700034832,1087,204,37,144,16,23,21,121
0.726582517746881,0.753502100325892,1086,205,38,138,16,23,22,115
0.796912114014252,0.800012160647482,1077,214,28,138,13,27,15,111
0.720969525681986,0.758188993674838,1049,242,39,157,19,31,20,126
0.797822069139329,0.823279479633619,1052,239,38,160,18,35,20,125
0.696293009957606,0.72303482507944,1081,210,49,143,24,26,25,117
0.798942638117896,0.812729290916375,1063,228,30,148,15,22,15,126
0.731263823064771,0.75424349119255,1081,210,25,145,11,27,14,118
0.687010919017288,0.714480101795233,1070,221,35,162,16,29,19,133
0.691049427717431,0.741629333002751,1076,215,44,143,20,26,24,117
0.70882818685669,0.770370432231512,1055,236,28,144,16,32,12,112
0.762569389373513,0.765789975797197,1066,225,30,162,14,33,16,129
0.700942535725145,0.714137380333148,1093,198,26,155,11,28,15,127
0.794156706507304,0.810720470326833,1076,215,36,141,18,23,18,118
0.740313070335533,0.789350811960462,1066,225,34,152,18,25,16,127
0.705837173579109,0.72977248172314,1067,224,31,155,11,31,20,124
0.66429098058491,0.699288312055534,1068,223,39,160,15,33,24,127
0.738421292083712,0.743762766629873,1079,212,35,141,12,17,23,124
0.763424390243903,0.798470072809974,1068,223,41,166,19,35,22,131
0.772198731501057,0.790932005884251,1047,244,44,170,23,35,21,135
0.75872468228753,0.777020683570917,1059,232,32,158,17,43,15,115
0.746876316158922,0.754652606346169,1061,230,34,147,16,24,18,123
0.657038613560353,0.686419501555088,1083,208,26,154,6,17,20,137
0.714687686344663,0.740160577788701,1052,239,43,156,21,35,22,121
0.74679805401112,0.751769349865722,1085,206,32,139,18,26,14,113
0.702135926408199,0.723505762102808,1056,235,38,144,16,26,22,118
0.760648128701642,0.780874334291874,1057,234,38,157,20,35,18,122
0.739964157706093,0.761477159706992,1059,232,31,148,14,28,17,120
0.688488162529696,0.706772617243584,1060,231,39,146,18,26,21,120
0.742122653978324,0.765019571072805,1071,220,30,155,13,31,17,124
0.713608345187293,0.740160470829635,1049,242,37,154,18,36,19,118
0.707087920099147,0.72198699421275,1060,231,44,164,19,34,25,130
0.709982014388489,0.760706335775571,1067,224,40,148,20,28,20,120
0.721300457848532,0.756248663888331,1049,242,38,154,18,31,20,123
0.736642584113916,0.761783201280872,1080,211,38,142,20,29,18,113
0.771457587954681,0.793614716072869,1060,231,43,149,25,29,18,120
0.726057462090982,0.744675674553937,1076,215,38,152,15,22,23,130
0.699940905105036,0.746554464618239,1045,246,42,162,22,34,20,128
0.75623566849174,0.768250897171798,1064,227,34,134,16,24,18,110
0.775678443420379,0.802835636986788,1063,228,31,184,15,39,16,145
0.773689819115799,0.765737305929277,1087,204,29,153,15,22,14,131
0.619283637324874,0.624936765541138,1088,203,30,163,6,29,24,134
0.789418465227818,0.80270748923087,1065,226,40,157,25,38,15,119
0.760066734532293,0.758596693111816,1078,213,28,141,12,23,16,118
0.799733271726803,0.803856599467973,1066,225,38,161,22,38,16,123
0.700543586179508,0.735783506233083,1050,241,32,142,14,28,18,114
0.724067333939945,0.765881114229006,1057,234,35,148,19,34,16,114
0.689734111815852,0.709875771908322,1055,236,38,183,17,39,21,144
0.764452124935996,0.761308466016392,1057,234,31,139,14,26,17,113
0.708086428674664,0.750463483886618,1068,223,33,152,14,29,19,123
0.718565853658537,0.732769496049335,1073,218,41,137,19,26,22,111
0.720713429256595,0.762626422610846,1052,239,40,152,19,27,21,125
0.671093129467832,0.675740521777191,1059,232,32,134,10,26,22,108
0.79914585012087,0.812474727909413,1068,223,50,152,28,31,22,121
0.738021821631879,0.758560786881538,1084,207,51,145,19,28,32,117
0.688897763578275,0.707781327470614,1078,213,39,159,14,32,25,127
0.73885885147866,0.759137921092235,1071,220,39,144,17,27,22,117
0.683444816053512,0.724649032553544,1101,190,26,145,11,28,15,117
0.775013651447053,0.776432667309229,1083,208,38,148,17,23,21,125
0.811068910869446,0.838855263276058,1070,221,29,138,14,30,15,108
0.717662682602922,0.737353114561299,1052,239,36,152,15,43,21,109
0.743757453786523,0.756203243734078,1062,229,43,170,19,35,24,135
0.727725332988491,0.747107226798291,1050,241,37,159,18,29,19,130
0.730029481959848,0.751274299713039,1072,219,34,151,15,31,19,120
0.767441345728198,0.786130761180955,1053,238,36,152,20,25,16,127
0.702448041566746,0.747474087767092,1076,215,40,166,22,33,18,133
0.700545950864422,0.722485884889628,1055,236,35,153,17,32,18,121
0.714492003965688,0.746629638043489,1047,244,37,161,19,34,18,127
0.734728622631849,0.754720450328499,1060,231,31,134,17,30,14,104
0.72292586054722,0.755024058681715,1085,206,55,144,27,39,28,105
0.709402566158781,0.743437165291039,1054,237,44,155,23,25,21,130
0.723489634517292,0.757310274698029,1074,217,34,145,16,33,18,112
0.686439024390244,0.724545673711543,1081,210,41,161,20,23,21,138
0.726095161843761,0.754445100352293,1056,235,42,154,18,44,24,110
0.769878135417236,0.801924236104494,1043,248,29,130,20,31,9,99
0.732811759127549,0.744066570184559,1059,232,37,148,13,26,24,122
0.729725700655933,0.773597145863979,1076,215,43,152,21,34,22,118
0.710509554140127,0.735789077110884,1061,230,35,164,13,33,22,131
0.795861000442674,0.808517263746471,1095,196,36,157,18,33,18,124
0.761369658428482,0.786204764456266,1068,223,33,138,17,21,16,117
0.697052603753635,0.708693492292428,1079,212,30,167,11,37,19,130
0.701757864128998,0.731332898336691,1054,237,30,137,15,32,15,105
0.803489294210944,0.830188468042856,1076,215,30,157,16,34,14,123
0.66730422427455,0.671644719356181,1073,218,29,174,10,32,19,142
0.728537360890302,0.767015822211147,1077,214,33,157,13,29,20,128
0.740150136487716,0.761627666829868,1087,204,35,147,20,31,15,116
0.719313023538771,0.710590040197172,1072,219,34,156,14,34,20,122
0.776015156656487,0.79039604212694,1039,252,28,146,15,36,13,110
0.780202403542062,0.818612539494739,1055,236,51,162,28,33,23,129
0.73300051203277,0.767521788117319,1092,199,31,136,16,17,15,119
0.743438254223652,0.765616156180827,1063,228,48,139,23,30,25,109
0.715237787926926,0.747014304394567,1064,227,32,141,17,34,15,107
0.717167721518987,0.736953341424586,1081,210,27,161,10,28,17,133
0.74601391118245,0.77385574777325,1032,259,45,149,23,35,22,114
0.744849445324881,0.778041728455871,1055,236,29,150,16,34,13,116
0.796093129467832,0.819021319517807,1049,242,32,136,20,28,12,108
0.677722443559097,0.685320742124249,1079,212,36,147,13,21,23,126
0.763231784360522,0.782263536104631,1075,216,34,148,12,29,22,119
0.728710985500123,0.747432508277537,1061,230,39,186,19,34,20,152
0.697319307770614,0.721568476226518,1076,215,28,137,11,24,17,113
0.702056717675137,0.739411187164899,1060,231,34,145,18,20,16,125
0.731651173085436,0.747691518677391,1066,225,36,162,17,37,19,125
0.685229268292683,0.710903183340752,1072,219,41,162,16,32,25,130
0.770143884892086,0.785822541695191,1071,220,40,156,19,22,21,134
0.734547381606205,0.766817156073521,1071,220,33,157,16,31,17,126
0.747004181214708,0.76439213463702,1090,201,37,139,14,26,23,113
0.696698488464598,0.713438592253862,1056,235,34,144,14,19,20,125
0.777315914489311,0.804062036319727,1041,250,28,138,16,37,12,101
0.718470014106523,0.759602494241428,1068,223,42,159,20,29,22,130
0.810999578829145,0.830972585215617,1063,228,34,172,24,29,10,143
0.693966576554436,0.711437460815796,1070,221,39,164,15,33,24,131
0.747365853658537,0.758309642472304,1065,226,41,166,18,28,23,138
0.693829545931869,0.737590131555168,1071,220,38,159,19,29,19,130
0.787424390243903,0.801575853185813,1067,224,41,148,21,31,20,117
0.706176239181747,0.725276617432059,1076,215,20,142,7,22,13,120
0.820726698262243,0.827488523296716,1084,207,25,157,10,31,15,126
0.775892590936196,0.779167153572515,1078,213,43,141,20,17,23,124
0.71414919981518,0.728236151922615,1053,238,38,129,19,25,19,104
0.724837012467117,0.750621493896682,1077,214,42,158,22,30,20,128
0.730134813639968,0.746024077736206,1075,216,30,148,11,30,19,118
0.777676447264076,0.796983158167666,1048,243,30,164,17,30,13,134
0.723089171974522,0.748528476179012,1049,242,35,150,16,34,19,116
0.809115682137834,0.79225107685681,1095,196,27,144,13,25,14,119
0.738871266190854,0.779250752019155,1058,233,30,158,16,34,14,124
0.77881543376751,0.789448043662233,1064,227,39,151,19,33,20,118
0.790360983102919,0.807934638921011,1066,225,31,130,14,25,17,105
0.736133244798583,0.762575399884891,1046,245,36,180,18,37,18,143
0.752758739600845,0.77146339499485,1065,226,37,131,18,30,19,101
0.72076126307321,0.731622649266549,1061,230,48,145,19,25,29,120
0.738830420969023,0.773203579539976,1067,224,32,148,17,29,15,119
0.769704236610711,0.776343640486396,1042,249,40,156,19,34,21,122
0.672557585385226,0.689619267118437,1065,226,32,150,12,30,20,120
0.687179487179487,0.690028523062328,1084,207,30,136,7,16,23,120
0.740748118636565,0.769721204103187,1065,226,36,151,18,35,18,116
0.739480843768634,0.766542156024564,1075,216,43,156,19,23,24,133
0.725677830940989,0.745739803486811,1058,233,37,149,17,35,20,114
0.805035685963521,0.843355398353647,1066,225,30,168,19,37,11,131
0.677777777777778,0.700824814249485,1074,217,40,141,13,15,27,126
0.71453003805945,0.741396734652622,1059,232,33,153,15,29,18,124
0.753932584269663,0.780017096319127,1082,209,45,139,21,27,24,112
0.749067866183211,0.78195343483792,1072,219,47,158,26,40,21,118
0.73289756097561,0.772505451052015,1055,236,41,158,18,33,23,125
0.73294988797202,0.747832991872761,1075,216,29,150,11,33,18,117
0.785073717814088,0.811335129052873,1059,232,38,143,20,28,18,115
0.702206551410373,0.725697403682015,1081,210,35,147,16,21,19,126
0.645902587079057,0.66755200323118,1071,220,33,162,11,32,22,130
0.714961670631774,0.732647819034015,1069,222,30,150,12,29,18,121
0.64095032515438,0.66467497640908,1079,212,29,148,9,24,20,124
0.734226072279587,0.754846666111364,1084,207,32,171,16,25,16,146
0.719687646507267,0.732487755749037,1055,236,27,150,13,28,14,122
0.76818792792036,0.784819810921301,1044,247,38,158,24,32,14,126
0.718405262373286,0.762568185999231,1049,242,43,156,20,35,23,121
0.730625446297308,0.73766357479206,1069,222,38,152,15,26,23,126
0.763114194722475,0.774601985125563,1074,217,35,166,17,28,18,138
0.739413164155432,0.757020251002229,1074,217,30,137,14,25,16,112
0.719239631336406,0.751289259258541,1079,212,31,128,14,20,17,108
0.786927301633184,0.81140913688335,1038,253,33,151,20,32,13,119
0.77132762412841,0.792605079973353,1074,217,34,153,15,26,19,127
0.769406041986687,0.793821610368402,1073,218,31,150,16,27,15,123
0.736563645887899,0.768627605279329,1066,225,46,159,24,31,22,128
0.68242720655141,0.704860733606867,1059,232,35,132,17,24,18,108
0.70786412899815,0.728316905038689,1082,209,30,131,12,21,18,110
0.728907317073171,0.75927693664516,1079,212,41,150,20,32,21,118
0.756073703366697,0.77710694562687,1076,215,35,172,15,35,20,137
0.706897562119081,0.719594892933647,1071,220,27,148,8,35,19,113
0.695130588756086,0.713230439406245,1067,224,36,144,10,34,26,110
0.741145182430579,0.767365709297924,1071,220,53,148,26,36,27,112
0.697702487176171,0.70438298715047,1086,205,37,136,14,21,23,115
0.778639672429481,0.797462677584927,1083,208,35,157,18,25,17,132
0.761099365750529,0.771963537199042,1060,231,44,162,22,37,22,125
0.737184554575859,0.772172935698463,1077,214,26,148,13,32,13,116
0.735880696364567,0.76218784385275,1073,218,31,146,14,23,17,123
0.749191414289915,0.779158545008377,1063,228,38,162,21,34,17,128
0.808765033459685,0.812108600074346,1072,219,34,163,22,38,12,125
0.741015021760494,0.759473861932051,1068,223,34,159,17,39,17,120
0.745794599380257,0.773469303843418,1074,217,36,153,19,29,17,124
0.668625192012289,0.730922681693153,1048,243,31,150,12,30,19,120
0.739708233413269,0.764197823205519,1074,217,40,152,15,33,25,119
0.787343625893566,0.823775212991815,1082,209,32,144,15,21,17,123
0.726126023657871,0.748439616030948,1060,231,35,147,18,21,17,126
0.730353951548848,0.754068737530348,1081,210,32,165,17,26,15,139
0.732146341463415,0.754189889940228,1065,226,41,136,20,36,21,100
0.706947478157268,0.737346437486451,1084,207,32,133,14,26,18,107
0.734716688800354,0.758331600435946,1028,263,36,165,18,37,18,128
0.769174254468372,0.782571339123437,1086,205,33,141,13,28,20,113
0.775762393409452,0.79381719536508,1066,225,33,148,17,24,16,124
0.731500216794335,0.775266936154737,1079,212,33,158,17,36,16,122
0.738696876600102,0.767135818766867,1072,219,31,147,15,32,16,115
0.824673604085369,0.851869099000809,1086,205,33,153,20,28,13,125
0.646235213830755,0.672022961694538,1066,225,35,136,15,23,20,113
0.786705554920126,0.807411549892661,1050,241,42,144,25,25,17,119
0.746165853658536,0.768653799850589,1079,212,41,150,23,27,18,123
0.728032315183709,0.744500557372226,1081,210,36,147,17,32,19,115
0.761397149176702,0.778610891989855,1077,214,39,152,17,23,22,129
0.754390681003584,0.765150177818006,1072,219,31,143,12,31,19,112
0.781660856050741,0.793499836912669,1058,233,38,147,18,30,20,117
0.770724292889241,0.788735991581066,1078,213,30,136,15,22,15,114
0.750887804878049,0.77643160627986,1055,236,41,163,18,28,23,135
0.732466916677443,0.766447971465546,1066,225,37,146,17,31,20,115
0.792444662829332,0.811983941512395,1072,219,34,169,16,34,18,135
0.7547363031234,0.769214439123006,1054,237,31,145,15,25,16,120
0.749065400932499,0.76382856846802,1083,208,38,135,15,29,23,106
0.78182059064412,0.805489602690026,1070,221,33,146,20,29,13,117
0.690719427561533,0.719690455474539,1064,227,37,158,15,39,22,119
0.690378006872852,0.713603733786906,1071,220,30,132,10,24,20,108
0.683431606532828,0.717573922895893,1060,231,34,148,17,35,17,113
0.815433299020168,0.832215353036456,1073,218,42,169,28,39,14,130
0.655555555555555,0.675897666430641,1054,237,40,159,17,34,23,125
0.697627052890211,0.716256410070632,1083,208,37,142,14,32,23,110
0.765349337825822,0.776095014912388,1066,225,34,140,16,33,18,107
0.680372169391804,0.68938656732948,1097,194,47,169,16,23,31,146
0.756323168087874,0.795805022218748,1071,220,33,138,14,21,19,117
0.721888520183139,0.739147066801771,1070,221,38,162,19,29,19,133
0.748694112439132,0.761609214021248,1055,236,36,134,13,31,23,103
0.787914515488483,0.803440714358613,1081,210,32,149,16,28,16,121
0.743774372306219,0.79481965563377,1047,244,47,149,26,35,21,114
0.748646496815287,0.767511661649027,1076,215,35,157,15,39,20,118
0.729730693775637,0.739424494090861,1046,245,45,138,19,30,26,108
0.821332022609978,0.83392618366813,1036,255,39,156,25,38,14,118
0.786750483558994,0.784640373953373,1069,222,22,148,11,28,11,120
0.733964800268828,0.758994501043447,1073,218,38,129,14,21,24,108
0.688295459318688,0.714446317660278,1070,221,38,131,15,20,23,111
0.698028673835125,0.723447794240704,1070,221,31,151,14,29,17,122
0.771655485398579,0.770348428908958,1067,224,24,148,12,18,12,130
0.747827570518653,0.772273276525171,1070,221,35,149,16,33,19,116
0.782781585413164,0.79456005513534,1067,224,37,166,23,34,14,132
0.739447218991585,0.757181888882315,1073,218,47,143,24,22,23,121
0.746652677857714,0.785653558283161,1069,222,40,158,22,29,18,129
0.724442675159236,0.738728499439411,1075,216,35,139,15,22,20,117
0.783698071995632,0.803115390462936,1070,221,38,128,18,31,20,97
0.711420982735724,0.750580472820019,1068,223,36,165,17,33,19,132
0.742540947321824,0.760298045706817,1055,236,36,140,17,29,19,111
0.733798140770252,0.749880844225469,1051,240,36,148,18,35,18,113
0.676228847703465,0.717053604451256,1063,228,50,162,21,26,29,136
0.748954696323118,0.772708222495571,1057,234,37,149,19,47,18,102
0.766558122388793,0.800384343327499,1057,234,39,176,22,23,17,153
0.764964086193136,0.808790605380748,1054,237,38,139,23,26,15,113
0.791486810551559,0.800029929737576,1070,221,40,151,22,30,18,121
0.768224748331637,0.794136559318418,1056,235,28,137,16,22,12,115
0.685434840074015,0.71710053961646,1071,220,30,143,13,26,17,117
0.745696486146784,0.777988980130897,1071,220,29,167,14,29,15,138
0.696710189452125,0.695586959321146,1061,230,31,153,15,35,16,118
0.712405931828243,0.724920091192421,1093,198,36,147,15,22,21,125
0.726530012181291,0.7645078003088,1061,230,38,162,18,31,20,131
0.73885067153353,0.774163315664192,1063,228,34,140,17,25,17,115
0.686991092409421,0.698981992728908,1051,240,29,155,11,27,18,128
0.736594585091421,0.748785645531499,1044,247,27,137,13,30,14,107
0.70500313147372,0.723935300911654,1081,210,33,168,14,32,19,136
0.765244045112078,0.77985436445555,1068,223,34,169,15,34,19,135
0.72324998795587,0.732024532384224,1083,208,33,148,15,29,18,119
0.676384451544196,0.693160419793621,1074,217,39,158,16,26,23,132
0.728204408254949,0.748768349735887,1082,209,34,138,14,23,20,115
0.780300237568608,0.793891948187723,1093,198,39,154,22,27,17,127
0.728230209281165,0.763072287836755,1056,235,35,161,17,34,18,127
0.837041976695213,0.857276011972855,1078,213,34,153,25,42,9,111
0.716392068236495,0.741194432125741,1068,223,44,145,22,35,22,110
0.777749674808498,0.796394621782818,1065,226,33,164,20,42,13,122
0.766627015596088,0.776911516829955,1055,236,30,150,12,21,18,129
0.750528040001724,0.797281035563189,1095,196,37,136,20,31,17,105
0.786079141342299,0.801366685178047,1079,212,37,143,20,24,17,119
0.739834922501785,0.753353796843501,1066,225,38,149,18,30,20,119
0.737199180747568,0.749178486443482,1056,235,31,154,14,28,17,126
0.774670263788969,0.807424598502437,1054,237,40,141,21,30,19,111
0.657218992248062,0.679461210859455,1062,229,43,160,15,30,28,130
0.740712296223478,0.776535352223689,1075,216,39,153,17,31,22,122
0.764265161575919,0.789893705787276,1071,220,36,135,17,29,19,106
0.698826914563966,0.727218488822166,1045,246,36,151,17,32,19,119
0.762224782386072,0.775180849298921,1061,230,31,155,17,37,14,118
0.724144789180589,0.743344516354179,1074,217,34,140,16,37,18,103
0.75994092533757,0.796661140418259,1077,214,32,159,18,36,14,123
0.707625055334219,0.721095241067863,1056,235,36,147,16,33,20,114
0.75545595396193,0.769819796695163,1060,231,36,147,15,27,21,120
0.767981655669428,0.782895003122136,1058,233,34,156,21,31,13,125
0.815716547901821,0.839657144407697,1067,224,28,145,14,29,14,116
0.615033608393901,0.628581486272814,1068,223,29,143,6,28,23,115
0.744062784349409,0.764779671171754,1083,208,35,160,16,34,19,126
0.738068292682927,0.776644289574382,1078,213,41,149,15,24,26,125
0.791436690529537,0.823397059345232,1066,225,29,145,16,28,13,117
0.733387373285629,0.762413174060617,1068,223,43,178,20,38,23,140
