"ROC_observed_outcome","ROC_observed_corrected","ROC_true","sum_outcome_observed","sum_outcome_true","sum_high_risk_observed","sum_high_risk_true","sum_low_risk_observed","sum_low_risk_true"
0.756188891200333,0.801167589674975,0.617231910279606,46,63,25,21,21,42
0.68002961047627,0.732107222136268,0.629215787454187,38,61,19,20,19,41
0.691282307450371,0.749173611175905,0.522999358438949,43,67,18,16,25,51
0.802137876773651,0.83392646053464,0.591004829865272,29,67,13,15,16,52
0.753234126984127,0.780715143758117,0.618253330271015,40,56,17,15,23,41
0.729859474557039,0.779506430370602,0.558588761174968,27,58,11,10,16,48
0.715981595871781,0.753332122528636,0.522787948131198,31,46,14,12,17,34
0.720713303241055,0.774486066581925,0.600625477463713,41,68,19,18,22,50
0.778551360410095,0.821702025366223,0.555375090232661,32,58,13,9,19,49
0.770452740270056,0.814162204373039,0.581131972789116,41,75,17,22,24,53
0.735714285714286,0.795916748942739,0.580579639412035,40,56,21,19,19,37
0.727975005884745,0.791811440624602,0.664514964739852,37,58,21,23,16,35
0.757689225838264,0.80786262373663,0.579582684521956,52,65,27,16,25,49
0.737748015873016,0.787235675344143,0.58925155166119,40,55,23,23,17,32
0.838696967386054,0.861193128027439,0.609105337771203,31,52,24,21,7,31
0.722553710842907,0.766220787257839,0.631501319670858,41,57,19,16,22,41
0.800948616600791,0.823329216496766,0.681555755548386,35,47,22,22,13,25
0.688474755485065,0.749831156323991,0.604041866347178,39,48,17,11,22,37
0.784513449367089,0.820673494279064,0.666633064516129,36,60,19,17,17,43
0.740063485173228,0.792036023403818,0.668755020080321,29,55,15,19,14,36
0.735599565269895,0.796059231931008,0.598507817608941,26,54,13,14,13,40
0.753629513252451,0.803926576246457,0.624264330047463,27,55,14,14,13,41
0.702100283530572,0.762744195643254,0.622409567437862,52,63,21,18,31,45
0.779923262991075,0.812038838265589,0.587797024609314,38,67,22,21,16,46
0.711961044710049,0.753609702832082,0.572243158177019,45,57,21,15,24,42
0.668876341050254,0.720167172004614,0.603568,35,50,14,9,21,41
0.770743432508138,0.813339345928703,0.656293063849334,42,56,23,20,19,36
0.724893640402518,0.767999738790447,0.601406463559808,51,74,23,21,28,53
0.725048787287427,0.783642124696734,0.524176986111958,34,39,20,8,14,31
0.680445151033386,0.725728877181463,0.541831789533995,42,68,13,14,29,54
0.819252600786532,0.864625005887487,0.670041296844181,41,52,29,20,12,32
0.694693413003272,0.729171093585674,0.557208,22,50,8,6,14,44
0.794305929919138,0.819223222791699,0.563819115118036,28,62,15,11,13,51
0.773670634920635,0.813262452994937,0.604084201861738,40,67,20,17,20,50
0.660276129125651,0.697260131635975,0.618637452202331,44,61,17,18,27,43
0.763390491331668,0.798726830497995,0.575849514563107,42,64,25,16,17,48
0.806127588678587,0.84866363565446,0.601223726082028,41,59,24,15,17,44
0.708382572308646,0.762107641562764,0.614477432346152,41,66,20,22,21,44
0.729101657305319,0.769154944280438,0.596545915034552,46,71,19,16,27,55
0.761011904761905,0.81483484426959,0.662788527790538,40,56,25,23,15,33
0.761309994353473,0.815863954229068,0.593923708327074,35,59,19,20,16,39
0.722737199145061,0.776020052669565,0.586162833150785,34,55,18,12,16,43
0.804918744404352,0.837990057379403,0.649083973060802,29,51,18,21,11,30
0.730275996654586,0.779288912679487,0.56934727080904,34,58,18,16,16,42
0.757429014464018,0.806114082029498,0.614664889777334,31,58,14,11,17,47
0.695474398290122,0.741371391440711,0.643528225806451,34,60,13,15,21,45
0.7451312335958,0.791469689037666,0.634522847134003,30,63,14,19,16,44
0.773073872994571,0.808411242393696,0.554848989435002,39,56,25,18,14,38
0.766792921187221,0.790353265493679,0.590977652522526,37,61,20,15,17,46
0.746646825396825,0.786307018570782,0.676458561518802,40,55,19,20,21,35
0.8083242972725,0.845605493725279,0.602425852146968,38,45,24,18,14,27
0.737803270042194,0.785123881577073,0.624673774223999,36,58,17,17,19,41
0.789448853860243,0.829079771516782,0.637393209200438,43,55,24,21,19,34
0.769862967176648,0.8089943541745,0.618961616321994,47,61,25,21,22,40
0.75767691682181,0.797897154581054,0.61907995618839,37,55,14,16,23,39
0.805278982649842,0.849187757343013,0.577725726928803,32,59,23,17,9,42
0.74993453783713,0.791451084124691,0.590979635097282,27,42,12,8,15,34
0.719870590286522,0.763528176773335,0.586255483369426,41,58,18,17,23,41
0.722721533885429,0.753230266743197,0.543931451612903,37,60,14,10,23,50
0.742416713721062,0.809033649385173,0.625531464193309,35,53,18,16,17,37
0.769444444444444,0.798964100798609,0.576257084098651,40,51,21,14,19,37
0.729074568354325,0.771523916441212,0.585519740129935,38,58,19,15,19,43
0.745069649481414,0.798603642225219,0.644366564177393,42,62,20,19,22,43
0.7477218913683,0.800511782640121,0.592562867843767,33,54,17,19,16,35
0.750183727034121,0.806488120242243,0.566982330523155,30,63,17,14,13,49
0.776087632441224,0.819055882206615,0.613765182186235,33,65,17,18,16,47
0.798215697346132,0.855928539454028,0.680889958979847,35,54,24,24,11,30
0.737899491812535,0.796939098344004,0.635442042032955,35,53,18,18,17,35
0.749146825396825,0.783033338277907,0.631535587856246,40,49,18,16,22,33
0.703490962630039,0.761096573543068,0.581680910938558,41,62,18,19,23,43
0.670802402202019,0.73266500752617,0.601146403797006,38,55,13,17,25,38
0.685665982369279,0.741002160509288,0.518884517171296,26,62,9,13,17,49
0.77589011569979,0.82789775694095,0.653289521723257,39,55,21,22,18,33
0.724467665615142,0.783132918855618,0.600830696934377,32,43,16,14,16,29
0.727190467475955,0.770498321395449,0.577342912713849,39,61,18,16,21,45
0.70180750739645,0.762699492473082,0.597789411568897,52,53,25,16,27,37
0.731030275299321,0.768021143641793,0.608262159814708,31,44,10,7,21,37
0.785336915831421,0.841510926077972,0.695157149181054,26,45,15,18,11,27
0.731649565903709,0.796435445142376,0.581406465534902,33,59,17,19,16,40
0.814457724656928,0.844640405539458,0.66404181184669,45,70,26,27,19,43
0.76468253968254,0.788568498121399,0.611292432264092,40,65,20,20,20,45
0.719894678653516,0.770534911202808,0.572426217271475,27,56,12,17,15,39
0.783438320209974,0.828606529290132,0.617162539936102,30,48,16,13,14,35
0.78054856503724,0.83994448832014,0.63178397521027,31,45,17,18,14,27
0.739072,0.780141489634307,0.603278568820737,50,55,25,16,25,39
0.78362136791557,0.840148448087125,0.611131656804734,29,52,19,20,10,32
0.752089306411273,0.79223011753755,0.503973630725937,39,62,17,14,22,48
0.694273975452465,0.726326566488039,0.622351587783172,46,64,18,24,28,40
0.741933940828968,0.793763549212671,0.626625678007889,33,52,17,17,16,35
0.779750058847446,0.813579087715037,0.633572377158035,37,45,16,11,21,34
0.729640700298908,0.785848113721307,0.568780487804878,39,70,22,21,17,49
0.717728111814346,0.75256136614946,0.634253377144943,36,55,17,15,19,40
0.765172685097263,0.791270557041197,0.541261461517088,29,61,9,13,20,48
0.739271415464175,0.781396184191619,0.609916824867862,38,59,18,19,20,40
0.724812697160883,0.779484515361404,0.613684923654177,32,62,13,18,19,44
0.790734908136483,0.82185946841821,0.647058823529412,30,51,16,14,14,37
0.692739107692904,0.729976393968906,0.568857380655134,41,54,15,10,26,44
0.773777994610166,0.808970619907652,0.625934139784946,34,60,18,17,16,43
0.720243048332293,0.761287599076609,0.61,46,50,20,19,26,31
0.79276547116737,0.827229412147147,0.575892857142857,36,56,21,18,15,38
0.718195485015773,0.741982727572819,0.586531970674579,32,51,10,9,22,42
0.764866824894515,0.809350424196647,0.598656443957649,36,55,20,18,16,37
0.731298206486386,0.75542071139923,0.63066848360966,34,42,14,11,20,31
0.74201765085743,0.775578680482366,0.590792993669124,33,67,17,17,16,50
0.760385530409321,0.813144637266276,0.678531017039404,39,48,19,16,20,32
0.74296165314472,0.79725727312894,0.594014528073088,46,69,21,18,25,51
0.730899157561098,0.7914722215483,0.602421542686807,38,73,22,26,16,47
0.791722821203953,0.831846578858945,0.563608870967742,28,60,13,12,15,48
0.737079139423207,0.7762293057965,0.590506838294449,29,57,13,18,16,39
0.673311030573367,0.766070574375119,0.527505100665974,34,63,14,14,20,49
0.740660354323232,0.79527115617323,0.591760299625468,29,54,13,13,16,41
0.720070932252461,0.772577832922164,0.530365088996764,44,64,22,18,22,46
0.724201386770776,0.769841057061256,0.632331989247312,39,60,16,17,23,43
0.758363534987455,0.795966921333418,0.617370540468584,34,48,17,14,17,34
0.726218865924748,0.77221091925204,0.562299035369775,42,56,15,10,27,46
0.745356352368305,0.799899538019853,0.630740185462824,45,58,25,19,20,39
0.719254658385093,0.776973765736011,0.629775485936967,35,69,16,17,19,52
0.769983122877651,0.811090152941112,0.660677129778253,39,54,16,15,23,39
0.738644106291165,0.796097407742274,0.63734311074128,42,46,23,16,19,30
0.741114872990324,0.796505059049768,0.574345165857605,43,64,19,15,24,49
0.799160104986877,0.827700231096394,0.505517071693542,30,42,12,6,18,36
0.735684523809524,0.776598571722106,0.512389910886446,40,62,18,11,22,51
0.690523399171306,0.739858453343584,0.624075443786982,31,52,15,11,16,41
0.773262505533422,0.817888777848392,0.607652923740232,45,63,22,18,23,45
0.788907225371314,0.821473661467575,0.566240884843146,33,49,20,19,13,30
0.783573700700773,0.800225959865866,0.608528225806452,33,60,15,16,18,44
0.730146082337317,0.792210546185042,0.576721017782136,45,67,27,16,18,51
0.727648733993297,0.781043999373623,0.615060728744939,41,65,19,22,22,43
0.682515155117081,0.737024176979487,0.545971386156381,47,49,14,13,33,36
0.779261163853727,0.810174549251511,0.653723760226171,36,59,18,21,18,38
0.782784434718136,0.819956957898536,0.587104978100127,33,51,17,14,16,37
0.663970383685348,0.70430750383409,0.617672849414422,37,54,13,14,24,40
0.784293671135647,0.826885366629993,0.639368676783812,32,48,16,18,16,30
0.736560597214113,0.778591310305758,0.607185920992191,38,56,17,12,21,44
0.744178430265387,0.795186091069285,0.586464117655959,35,53,16,15,19,38
0.643523571077015,0.694772639494075,0.523859927068111,37,59,10,9,27,50
0.822152318589373,0.88227903428134,0.620277473530486,37,55,21,14,16,41
0.719403921568627,0.742664008481438,0.564764784946237,25,60,10,15,15,45
0.666224199373371,0.718475004595698,0.597355983591938,33,54,9,11,24,43
0.705612274550069,0.750487454844986,0.629853917662683,41,45,16,14,25,31
0.729216586794462,0.773937267864029,0.582830030763663,48,72,22,20,26,52
0.76821273659306,0.818853338766843,0.635979105029586,32,52,15,15,17,37
0.725747567540032,0.77476444775724,0.642845244044644,47,58,25,17,22,41
0.752148156559921,0.787261286609102,0.600574577308906,42,51,21,18,21,33
0.712036304500703,0.775770195531133,0.582348872986973,36,57,16,14,20,43
0.737089047116737,0.79456335440865,0.558928752022654,36,64,19,16,17,48
0.778443471813638,0.821413491493454,0.60576,33,50,19,15,14,35
0.732255520504732,0.774256879200121,0.594571706821358,32,57,15,11,17,46
0.740192530399537,0.799940854336429,0.629757388922633,44,71,24,22,20,49
0.637494466578132,0.678817889243368,0.619722137944984,45,64,13,12,32,52
0.738836669775896,0.799904713078855,0.591814516129032,33,60,16,18,17,42
0.699937600043409,0.732137764641583,0.643343940780399,29,59,11,10,18,49
0.734067334739803,0.769523690888075,0.605026294498382,36,64,18,21,18,43
0.748077681388013,0.80255652526249,0.598328025477707,32,44,15,14,17,30
0.77563782353703,0.820420738649576,0.66554461414791,43,56,24,22,19,34
0.766506028996116,0.79674024202995,0.642367418293066,39,59,17,8,22,51
0.725002323204163,0.765907638206169,0.500322978870005,34,56,11,12,23,44
0.75265873015873,0.787516592278354,0.577782671821726,40,49,20,9,20,40
0.78635944092827,0.828530828808608,0.590135553263592,36,66,18,14,18,52
0.727159796725014,0.768299243229456,0.607816879476798,35,65,12,14,23,51
0.764947259463722,0.813166594853887,0.610858263491887,32,43,17,10,15,33
0.74188594014681,0.776066932465618,0.613604844674556,35,52,15,14,20,38
0.785128779887482,0.811640661620017,0.553942987931752,36,54,17,13,19,41
0.727325527367345,0.763622820964529,0.551577677689238,34,63,13,16,21,47
0.713393891140706,0.757851892073731,0.586713773433599,44,53,22,13,22,40
0.754139608887902,0.778868420192252,0.562096399535424,43,70,22,19,21,51
0.70937073975748,0.75146444112289,0.546435115775446,33,58,15,11,18,47
0.669811910918342,0.717219546987706,0.548454939197068,38,58,15,12,23,46
0.738376674546887,0.793331456327915,0.610732382041185,31,57,14,15,17,42
0.695762782550671,0.755009581383901,0.64205329217826,38,59,13,16,25,43
0.735731163471778,0.784532589475053,0.588670979755539,48,68,23,19,25,49
0.764952153110048,0.816976554217088,0.563740285991341,46,59,30,22,16,37
0.763822161214062,0.813283544780893,0.58943410003651,31,55,15,15,16,40
0.744363132911392,0.789026083314894,0.626295368596827,36,66,21,21,15,45
0.7072,0.763642094069901,0.587528294998174,50,55,24,18,26,37
0.726785124177025,0.774204903886835,0.579589636986565,31,63,17,19,14,44
0.797033478227713,0.840822670744189,0.598189876211985,31,47,19,18,12,29
0.761265905206327,0.804040360420895,0.606215754962724,29,63,13,12,16,51
0.691025058672117,0.730883950002866,0.5509978665779,42,53,14,9,28,44
0.781321287408244,0.823865242921254,0.612973064595661,35,52,19,12,16,40
0.72079546147746,0.769535613981334,0.604193548387097,39,60,18,17,21,43
0.719021310181531,0.766353456870082,0.544045698924731,33,60,14,15,19,45
0.706572557876906,0.741272082055617,0.571974829329303,35,62,14,17,21,45
0.735770374500511,0.772291786901523,0.571852032613689,34,56,17,12,17,44
0.742565721924098,0.777518373955902,0.618836150156602,41,53,17,15,24,38
0.755993411822119,0.807382840050807,0.610462403614754,39,66,24,21,15,45
0.769370657209033,0.814998486757865,0.618900401069519,44,68,23,21,21,47
0.75358457752863,0.800954007197009,0.627111815239214,43,59,23,18,20,41
0.678043354404623,0.731283749682532,0.561110556443024,29,48,10,10,19,38
0.748792389589905,0.79018200343772,0.587623039608157,32,51,18,9,14,42
0.715321729957806,0.770129048820877,0.599157766042349,36,47,14,10,22,37
0.696036891998887,0.737704746952748,0.59794872531006,37,56,13,14,24,42
0.743101730413388,0.818145504401966,0.618951013613935,39,54,23,20,16,34
0.782755705832629,0.807110053723556,0.64868921189579,26,49,13,11,13,38
0.723857568823244,0.750799910375248,0.619411747220736,46,54,17,15,29,39
0.77408502672346,0.819922758549923,0.639461038189197,29,47,16,18,13,29
0.744979919678715,0.797755916661014,0.665071142093201,55,68,29,26,26,42
0.711110184335641,0.756803566979457,0.574393615123952,38,54,17,16,21,38
0.778132393533123,0.801587356136584,0.56681459566075,32,52,16,13,16,39
0.796357452681388,0.850574920922471,0.636503020216962,32,52,20,20,12,32
0.693541666666667,0.750209538399785,0.544998562587947,40,53,17,15,23,38
0.788512592379996,0.82154070940573,0.56302394350023,33,56,19,20,14,36
0.731587301587301,0.754917222897826,0.563608,40,50,16,13,24,37
0.81009361814346,0.847952018985424,0.615336,36,50,22,18,14,32
0.774970806572692,0.813712990414078,0.65056201259236,38,59,19,23,19,36
0.76165871754107,0.792546730005602,0.570104529616725,42,70,21,21,21,49
0.762549603174603,0.801902950516332,0.649099340110576,40,54,23,16,17,38
0.739186507936508,0.771129038098043,0.580181451612903,40,60,17,16,23,44
0.702105418956171,0.738536035036273,0.554134733454715,43,57,16,19,27,38
0.771416661583196,0.820126373197497,0.617344105724915,39,58,21,20,18,38
0.731501250533764,0.789324624380539,0.654176779935275,39,64,20,21,19,43
0.72612420244541,0.766217621090599,0.580708427433734,31,47,14,10,17,37
0.800859120860789,0.838549399374172,0.62078164034382,38,57,20,17,18,40
0.771562571493937,0.800422150440134,0.560537634408602,31,60,16,15,15,45
0.705944385857801,0.765957636686454,0.661963291303171,43,69,21,25,22,44
0.776154855643045,0.820619681421352,0.631287999420961,30,44,19,14,11,30
0.731202710333145,0.780411336579437,0.570609577265372,35,64,16,16,19,48
0.719159104196853,0.763592413025867,0.634085878707393,31,45,14,12,17,33
0.764350637467212,0.812715805583878,0.598626098166539,39,68,24,19,15,49
0.786886226112745,0.817979835991752,0.546641304914274,33,62,19,15,14,47
0.704664031620553,0.769968566497585,0.625785872781065,35,52,12,10,23,42
0.75750527466382,0.802662692220962,0.619202597105989,31,49,16,13,15,36
0.751525553012967,0.78134857731081,0.634467564852138,46,67,21,23,25,44
0.706355515179045,0.758125151507026,0.644399388721611,42,53,15,14,27,39
0.754864984506419,0.805669312568583,0.589735284957957,45,65,24,23,21,42
0.721114060893066,0.779934701182395,0.539681867581262,33,57,18,17,15,40
0.756668548842462,0.805253749681433,0.586694061910988,35,47,20,15,15,32
0.761391076115486,0.807051778157705,0.629349581559242,30,49,18,19,12,30
0.809861111111111,0.837203737418998,0.672996834915875,40,58,22,19,18,39
0.799295864155164,0.824878987511428,0.607232,31,50,15,11,16,39
0.676050457102672,0.71898421546187,0.57174366944536,36,51,12,12,24,39
0.75430660104227,0.798986472988396,0.64179021600311,44,58,24,18,20,40
0.784471004869411,0.816094603882986,0.597554609373725,45,49,22,14,23,35
0.737400793650794,0.778772217510186,0.606120747826777,40,61,19,20,21,41
0.741235129784833,0.783276472943165,0.695181451612903,43,60,21,27,22,33
0.731164708754985,0.772195407498067,0.556732985916039,29,41,11,9,18,32
0.839442198648905,0.870915555515477,0.657775820160198,29,49,19,14,10,35
0.775648511135207,0.819730071722432,0.652726102450588,38,51,23,19,15,32
0.801896536568214,0.838850296340365,0.589249595469255,36,64,22,16,14,48
0.745980647906607,0.781562311919642,0.589432,43,50,23,15,20,35
0.723184523809524,0.78254733585082,0.548077677828537,40,51,19,13,21,38
0.784749605678233,0.813321728584348,0.601532206157083,32,51,14,14,18,37
0.714355158730159,0.773543271469571,0.618883902721482,40,44,18,11,22,33
0.712366916403785,0.760014598884463,0.570247012662743,32,54,13,14,19,40
0.741190345472661,0.781855232776076,0.628950991814317,39,53,18,13,21,40
0.771234574753473,0.810572931145695,0.60582902992948,43,58,24,20,19,38
0.732609447121739,0.784816236981746,0.56752688172043,39,60,19,18,20,42
0.778743740308599,0.80153004738234,0.620900116144019,31,70,14,21,17,49
0.754324922532094,0.792663265863494,0.61768052184466,45,64,20,21,25,43
0.694254716104451,0.747220439378086,0.589357760718379,34,51,16,14,18,37
0.74781919111816,0.794975967839168,0.612990642333912,39,57,21,15,18,42
0.73884261645731,0.768010540291013,0.604027905374368,29,56,10,15,19,41
0.665061586764883,0.712092948882152,0.584202026134195,26,49,8,11,18,38
0.710630578029861,0.760346168325859,0.640953850776438,38,59,18,22,20,37
0.730962402651538,0.779239505323607,0.59435911254828,39,63,19,25,20,38
0.741343873517787,0.792301300176095,0.552880111893855,35,63,15,18,20,45
0.735976404169079,0.790664562487302,0.616973378216224,44,77,23,26,21,51
0.739593253968254,0.796535866622634,0.614282155091872,40,65,19,18,21,47
0.746223607367475,0.808190056513742,0.564419179299239,28,58,16,18,12,40
0.769576510446076,0.818918705196472,0.659198323524166,35,54,19,20,16,34
0.733547418466928,0.774632125409341,0.665826861439842,38,52,14,17,24,35
0.71600774915692,0.753464196759602,0.583293172690763,33,55,13,14,20,41
0.694737436476567,0.743167295921352,0.520726656875587,35,61,14,13,21,48
0.761646444544307,0.804762454750256,0.628028824069821,37,56,18,20,19,36
0.743666206624606,0.794008164981952,0.546957488191164,32,61,13,19,19,42
0.746670326765489,0.771904471121704,0.636876006441224,39,58,17,15,22,43
0.722727180300535,0.761897942939747,0.574745608294517,39,63,16,15,23,48
0.781863267401538,0.818216562466837,0.572198483273665,41,63,22,16,19,47
0.771905496705313,0.820742695599767,0.554535800970874,38,64,22,16,16,48
0.685210987261146,0.722331376006406,0.622069523039612,44,63,15,19,29,44
0.645944322826866,0.694291957314535,0.582417132165148,41,59,14,11,27,48
0.747156032701987,0.790201979001568,0.589728,27,50,13,11,14,39
0.748348476336233,0.782541495213176,0.526754032258064,41,60,18,14,23,46
0.709487849193732,0.74411101654915,0.566260649627263,42,48,15,6,27,42
0.754151931211428,0.803406950472786,0.65620475931958,46,72,27,26,19,46
0.760738348097033,0.788816495806153,0.615736970684039,49,72,21,20,28,52
0.792254505706805,0.812537694063559,0.597154064288261,31,47,16,10,15,37
0.716884008236102,0.762737071142469,0.63028,31,50,15,16,16,34
0.726702735958309,0.773656172763741,0.558129019292604,44,56,19,16,25,40
0.814818477496484,0.85314389653642,0.644975031210986,36,54,21,18,15,36
0.750816,0.800134946278502,0.617154471544715,50,70,25,17,25,53
0.779766213086277,0.814931794373307,0.60935734983547,44,66,20,21,24,45
0.754645894970414,0.808824890706598,0.63785545896567,52,66,26,18,26,48
0.716107327925337,0.773122949802364,0.55526774360665,29,51,13,13,16,38
0.720125437087195,0.759573536639099,0.642314664126278,43,61,18,17,25,44
0.667873989218329,0.716855709004013,0.56205903887114,28,48,8,9,20,39
0.771509186351706,0.824459455997219,0.583532695374801,30,46,18,12,12,34
0.759998716055723,0.802832060530541,0.559005459321398,37,67,21,17,16,50
0.767097398030942,0.80677382518437,0.620196070883217,36,63,18,18,18,45
0.718914820675105,0.755831832395164,0.610600036982248,36,52,15,15,21,37
0.772882985015773,0.819866108980418,0.544456793553765,32,61,18,16,14,45
0.714964793207758,0.744311898807031,0.598117709854158,31,51,13,13,18,38
0.711716237942122,0.771396516770435,0.627822299651568,56,70,29,26,27,44
0.77476759628154,0.818630020579965,0.642622236063532,45,65,22,16,23,49
0.734177337801972,0.769340362400688,0.526177906561346,41,61,17,15,24,46
0.78359353219961,0.855821209706803,0.619489247311828,34,60,23,22,11,38
0.732423529411765,0.77769724816321,0.55911034021224,25,59,13,8,12,51
0.721771782545263,0.754040939936721,0.665983767406082,33,51,11,16,22,35
0.723804876064987,0.764942868925226,0.651458807422619,39,43,20,13,19,30
0.757678189759316,0.801207377176253,0.535326810436635,34,48,16,11,18,37
0.817355086750789,0.846419295820752,0.645885438906851,32,39,21,12,11,27
0.740343450288202,0.773199220167276,0.590889774236388,33,45,13,14,20,31
0.75116339990138,0.790466542897064,0.613583905816796,52,59,28,23,24,36
0.74875211744777,0.78269667834291,0.642979566027689,35,48,14,14,21,34
0.708726541268109,0.745620280500363,0.559382979832196,37,62,10,10,27,52
0.673020892151327,0.725140276548142,0.598406991804965,35,67,12,13,23,54
0.745185953354074,0.786708767828362,0.609807563610538,39,59,14,16,25,43
0.776764472640761,0.827591476672374,0.618483017027884,39,63,20,21,19,42
0.725594740265775,0.807430290185146,0.634291304741223,34,72,19,25,15,47
0.831575381140598,0.876070630005915,0.631028225806452,35,60,23,23,12,37
0.728928601217783,0.76463619360539,0.593844468784228,38,55,17,15,21,40
0.802247317899492,0.832651561494439,0.541832424733559,35,66,20,18,15,48
0.801127373417722,0.827271313105365,0.685469766178194,36,47,16,12,20,35
0.730867878888982,0.764939008683723,0.60377882745207,38,61,21,16,17,45
0.78370367500339,0.807189020534859,0.643366192040891,41,55,18,17,23,38
0.75681568627451,0.774483392104788,0.644505293902884,25,55,10,13,15,42
0.771304159092759,0.810327128857352,0.648810762083073,29,46,15,16,14,30
0.662139592123769,0.707032897826379,0.559803906734654,36,53,15,13,21,40
0.717155772404391,0.77908971706783,0.593680658284024,33,52,15,15,18,37
0.74580787959274,0.786422868441424,0.575457625404531,45,64,21,22,24,42
0.762487222377103,0.805219802049527,0.600533041255933,34,55,19,18,15,37
0.763750787937941,0.784172067292879,0.648707201054961,39,51,18,17,21,34
0.769943301687764,0.819582882879782,0.671928932445759,36,52,21,20,15,32
0.745100516621743,0.786217279229285,0.60825782790927,28,52,15,12,13,40
0.739833891955836,0.789807958098806,0.597232566630157,32,55,16,13,16,42
0.802585726233621,0.836883677865072,0.668360215053763,34,60,20,24,14,36
0.765742423831357,0.831661135463685,0.576020816000261,29,49,14,11,15,38
0.753740157480315,0.790704778998436,0.655185037273695,30,48,16,16,14,32
0.72748031496063,0.78770222327437,0.546914932457101,30,55,15,14,15,41
0.789409485542082,0.816468815645708,0.63967501447597,33,44,16,16,17,28
0.703385826771654,0.749218175865958,0.580616,30,50,13,15,17,35
0.791078892371996,0.835273826823211,0.641832785688207,24,55,11,16,13,39
0.749497953684639,0.80467764961768,0.61185335370928,31,53,14,14,17,39
0.711789949181253,0.752946885918332,0.610321650193837,35,61,13,17,22,44
0.777397053495955,0.812668932933863,0.56052616972859,26,43,17,14,9,29
0.766453279424978,0.7971592663601,0.597297665340213,28,53,16,17,12,36
0.762229024196517,0.7963138607187,0.584825902245558,41,57,21,18,20,39
0.674566379958926,0.730268465410177,0.59336,39,50,15,13,24,37
0.786523062807574,0.833755541788487,0.592620356488422,38,58,17,11,21,47
0.691082102672293,0.73665156600684,0.58914979757085,36,65,13,13,23,52
0.737164236767726,0.781393831419682,0.585731486259411,39,61,20,16,19,45
0.779976613538728,0.830796219352261,0.601534248233496,31,53,12,16,19,37
0.675349232773596,0.736689581431372,0.535000521131899,44,62,19,12,25,50
0.716468253968254,0.760773667466037,0.634247941108182,40,59,20,19,20,40
0.746383995526068,0.782790857442807,0.633519701810437,31,48,15,15,16,33
0.851143533123028,0.878251833073121,0.648615591397849,32,60,20,19,12,41
0.715307658255866,0.758983215875453,0.567457109494296,45,63,21,18,24,45
0.740338027102733,0.78888741594644,0.645255376344086,42,60,19,19,23,41
0.695927401505091,0.743131625387949,0.594000798925083,45,67,17,17,28,50
0.747630117135612,0.818262996422655,0.55392,26,50,11,8,15,42
0.762518351214004,0.814732769611291,0.712411674812002,35,53,16,13,19,40
0.867147376638317,0.894213830264325,0.587962283234637,19,49,13,12,6,37
0.795082992743348,0.821232616465473,0.608303893938793,38,61,22,21,16,40
0.755355117587897,0.79870438008818,0.67109500805153,37,58,18,19,19,39
0.701447772423189,0.727489374560649,0.528030655883474,39,57,12,13,27,44
0.683643187570917,0.732002842684103,0.558810863573725,27,56,13,12,14,44
0.759288537549407,0.799401742638597,0.582890732659623,35,56,14,14,21,42
0.698701298701299,0.742216720438362,0.571033819476344,35,56,15,16,20,40
0.752472101476906,0.804836832057489,0.565686226528981,31,49,18,15,13,34
0.741334448471332,0.790615753399102,0.59130971520441,34,56,18,13,16,43
0.780238095238095,0.819275564480935,0.621733550324826,40,61,19,18,21,43
0.713729437361475,0.750634672766348,0.649768703407881,39,48,15,13,24,35
0.773208774710151,0.81618312444988,0.627795418654803,38,47,24,19,14,28
0.749473218238158,0.804535018184246,0.65318290387956,45,44,26,15,19,29
0.715210459866042,0.772692941132339,0.613339140534263,37,70,17,16,20,54
0.788966059849698,0.822334423338269,0.594968,29,50,13,11,16,39
0.675732178868106,0.735943102179515,0.576028794703006,43,63,19,11,24,52
0.64477227377516,0.687422649314005,0.613692101537217,41,64,16,15,25,49
0.764023067823344,0.790659272581963,0.565468759288984,32,54,15,15,17,39
0.706544466127683,0.736856607646258,0.604758064516129,34,60,12,15,22,45
0.827531946064733,0.873537788958179,0.612789266859842,29,61,18,15,11,46
0.782598359681445,0.81037517636333,0.562009206607095,47,69,21,14,26,55
0.720654478007419,0.773321515798754,0.57235965350658,42,58,19,12,23,46
0.756359996663608,0.786918254648814,0.637128038211673,38,61,17,14,21,47
0.714493905670376,0.757564934995294,0.610994892270444,42,77,19,22,23,55
0.728552780809313,0.754203597387582,0.562109215113407,37,57,16,13,21,44
0.739814796877119,0.794730082276984,0.619297328687573,41,70,21,24,20,46
0.779523247978437,0.811149079438561,0.601151731675884,28,49,17,12,11,37
0.736278690798142,0.790034168096103,0.58861847933712,46,62,28,17,18,45
0.71871451283216,0.771053252055261,0.581718768572447,42,47,19,12,23,35
0.733121525019857,0.775498133811129,0.55443466828479,41,64,14,15,27,49
0.701239649053628,0.731969217131667,0.624805726934489,32,51,9,18,23,33
0.785089127131882,0.807264453622273,0.614792608475942,37,59,18,19,19,40
0.725952380952381,0.775554863549282,0.618561195889131,40,65,18,17,22,48
0.74049508797247,0.78878627601679,0.579146907082183,43,62,27,21,16,41
0.751029927479487,0.792775641319675,0.569005598713652,23,41,12,8,11,33
0.73328373015873,0.767628630189674,0.634749030008349,40,66,18,22,22,44
0.681750423489554,0.74543379830682,0.610504,35,50,14,13,21,37
0.752371031746032,0.803767227154179,0.627545173393617,40,51,22,12,18,39
0.760845200421941,0.838975509319666,0.594709248072295,36,66,21,19,15,47
0.775404237524394,0.803090340567734,0.617351200203363,34,67,19,20,15,47
0.725909404574132,0.762113545263694,0.633898328613471,32,58,13,15,19,43
0.668552277262248,0.712793259121215,0.637189287064945,41,71,15,18,26,53
0.764361374824191,0.802982788935941,0.669429174301738,36,58,14,22,22,36
0.806299603174603,0.845512883053847,0.595314040927022,40,52,26,17,14,35
0.721902184981525,0.758286504882164,0.601761071197025,27,61,8,13,19,48
0.754574051486166,0.788230721416861,0.590413690435543,37,59,16,15,21,44
0.700021713954835,0.761855778822921,0.597060556947105,44,66,20,24,24,42
0.709947335244718,0.754817448877349,0.636354161238209,39,62,18,21,21,41
0.747228768438509,0.791030806221664,0.605730830670926,27,48,14,16,13,32
0.815211219622984,0.849163764417574,0.645046480743692,42,45,25,18,17,27
0.718563203234881,0.754608243559028,0.592150839401295,36,64,14,16,22,48
0.702139124423026,0.747017049767661,0.608614431164232,39,45,18,14,21,31
0.793646490536278,0.824360878760735,0.571682213633073,32,59,19,14,13,45
0.718398114938694,0.771594913087826,0.642348026139363,38,57,19,18,19,39
0.7450656167979,0.790650787886001,0.601882671104639,30,46,16,14,14,32
0.787114418755973,0.831824017578756,0.607140874007441,39,58,20,11,19,47
0.703192548002414,0.732873279829187,0.654738225038063,49,66,19,18,30,48
0.750309892508927,0.813317436326098,0.643969931365073,43,67,26,26,17,41
0.672105980194799,0.717607768900197,0.634601093870757,39,54,13,14,26,40
0.700691190002354,0.735549508031357,0.608159451884148,37,65,16,19,21,46
0.764534376876731,0.795132775026007,0.542049325735098,41,51,21,13,20,38
0.718904903530847,0.751898438452599,0.530368747718145,31,55,11,11,20,44
0.72967120112243,0.755645969190937,0.554899193548387,39,60,17,13,22,47
0.732111267004209,0.771653196660368,0.650365842363619,39,61,16,15,23,46
0.773521561431312,0.821038878582038,0.614395161290323,38,60,18,17,20,43
0.767558895921237,0.800731843516688,0.638715836012862,36,56,15,14,21,42
0.737872076351886,0.783620442705812,0.658143150646899,37,58,17,14,20,44
0.763920671243326,0.814037510950204,0.640456989247312,46,60,24,24,22,36
0.698961038961039,0.749653145678473,0.534867998743496,35,59,17,12,18,47
0.76047765077595,0.814354426817715,0.646739751056298,34,49,20,22,14,27
0.738193037058483,0.790124336983135,0.661272762694966,44,71,21,22,23,49
0.699500728104847,0.745617174731545,0.644129708756937,46,66,20,21,26,45
0.782590412111018,0.82902306501345,0.597013450762869,29,57,16,16,13,41
0.66719246031746,0.712240834481305,0.611074431641233,40,65,15,14,25,51
0.724115156340475,0.775476759741078,0.588655440938511,44,64,18,16,26,48
0.802423054466594,0.835898810175764,0.644830612337534,38,53,25,21,13,32
0.74423599989832,0.785291406460274,0.616779144301423,31,62,17,15,14,47
0.712524876420363,0.753590385694895,0.584527448100663,37,61,15,17,22,44
0.76317334839074,0.811326897084029,0.599723468159144,35,61,17,14,18,47
0.677096,0.735155324649448,0.60419806913734,50,65,19,22,31,43
0.730228709406115,0.788454894826553,0.602883064516129,29,60,14,18,15,42
0.697500466964392,0.739948468505896,0.580575471809181,47,69,20,18,27,51
0.783038063973521,0.804720851899736,0.614609361985674,29,58,14,16,15,42
0.784257508286057,0.824002544437406,0.657397670003687,39,59,22,19,17,40
0.701466737842853,0.764349391186971,0.564101012240698,31,53,14,14,17,39
0.794312613107221,0.861825644264594,0.585435233239019,39,53,27,23,12,30
0.76955589511041,0.800971965583416,0.621719508495146,32,64,13,17,19,47
0.70441546556852,0.737393479458895,0.596759681922227,31,61,13,16,18,45
0.781774161341853,0.813359577911765,0.611332603139832,48,55,24,17,24,38
0.76096100112954,0.80380319221832,0.65271118870186,54,62,29,22,25,40
0.751212362478286,0.785931407017089,0.604712706948385,44,57,23,16,21,41
0.744794675911066,0.786530295525209,0.637192,37,50,16,13,21,37
0.762320515289636,0.820243958150605,0.667961867821194,37,59,18,18,19,41
0.746458333333333,0.785867922351392,0.657776914395663,40,43,18,12,22,31
0.720633468059686,0.779565310681221,0.617770959018099,31,46,14,11,17,35
0.747972749688604,0.818183469071621,0.549984,31,50,18,14,13,36
0.722274250788644,0.770821258429328,0.63350930814115,32,61,15,21,17,40
0.694715724127488,0.757776451605775,0.627001226234543,42,71,15,17,27,54
0.766996212364384,0.805469528455561,0.595973733186062,37,53,20,17,17,36
0.760050879973309,0.809559693526029,0.569407288508412,38,54,18,14,20,40
0.770909569252111,0.823540109648115,0.630992111650485,33,64,19,19,14,45
0.695971782700422,0.73620302685817,0.572699304440878,36,54,14,14,22,40
0.693385388072145,0.738587172947286,0.615426852559206,39,68,15,10,24,58
0.762311353471574,0.808607049808757,0.565078734196381,33,42,20,15,13,27
0.747159838320059,0.800908886426315,0.567437988056959,33,56,16,16,17,40
0.731368294620198,0.766504327633012,0.657820278101406,41,53,20,12,21,41
0.693121142777893,0.73997998869735,0.644240214134866,46,66,19,21,27,45
0.728055628291292,0.772609184928416,0.607031763417306,27,55,11,6,16,49
0.68625127776229,0.750429629003591,0.613872775260759,34,57,14,12,20,45
0.743838101593127,0.769645018508883,0.562923749045073,38,68,16,16,22,52
0.807272727272727,0.845644365275974,0.62863324809732,35,53,24,16,11,37
0.647328470031546,0.678016639384142,0.652184,32,50,10,15,22,35
0.734226190476191,0.769141274700445,0.601457866486008,40,62,17,15,23,47
0.731706349206349,0.765998671326738,0.589866966868819,40,67,20,15,20,52
0.709179412798875,0.748222893979562,0.578982231388028,36,59,13,14,23,45
0.741897233201581,0.788705543577053,0.565977768903088,35,48,19,9,16,39
0.704151565839606,0.741298912700225,0.604037184594954,34,45,16,12,18,33
0.716663388358475,0.74981092424272,0.635250248406292,53,73,20,20,33,53
0.697936507936508,0.744598438982716,0.600535337164186,40,66,16,20,24,46
0.817609126984127,0.844900855672966,0.617307597858651,40,66,26,22,14,44
0.744505622154075,0.804606163543397,0.572641536518144,34,56,14,15,20,41
0.757833638823427,0.796462954791024,0.604952,27,50,12,8,15,42
0.752683300808475,0.819974237538646,0.674975802754241,34,47,18,18,16,29
0.721181102362205,0.79562682904047,0.622380257146894,30,51,13,14,17,37
0.736521009685045,0.777449949713058,0.568974078130705,31,55,15,15,16,40
0.731019766397125,0.769595428810902,0.564628586752481,28,57,15,14,13,43
0.801369110407876,0.830522293188261,0.614155087276068,36,56,21,17,15,39
0.786867958039629,0.828499585362226,0.705403225806452,43,60,24,25,19,35
0.750771328119395,0.781465789940058,0.55329869085898,33,56,14,11,19,45
0.761635745008667,0.825715749005952,0.603524626575601,37,58,23,22,14,36
0.730946729957806,0.770603331419777,0.564861334405145,36,56,15,14,21,42
0.724091074447369,0.763941275241183,0.597180576378477,37,58,16,17,21,41
0.758471472367671,0.809937213986261,0.613143483023001,29,55,15,17,14,38
0.698801315062117,0.729406133859506,0.540514527153787,27,49,8,7,19,42
0.741040868809088,0.781049341802039,0.601333469055375,43,72,23,22,20,50
0.718771976090014,0.770404905672439,0.519294908541352,36,62,15,12,21,50
0.758514813233291,0.816385535826555,0.564677419354839,39,60,24,22,15,38
0.768258757569922,0.81840824645365,0.598655913978495,37,60,22,19,15,41
0.754566686128952,0.810547680321995,0.649965742759265,38,65,19,22,19,43
0.715731225296443,0.757079353738764,0.559915776604235,35,47,16,11,19,36
0.765890716476164,0.831287059674669,0.628966122467507,34,53,19,18,15,35
0.739612085962145,0.792532388175976,0.622197580645161,32,60,18,19,14,41
0.689967999033933,0.746799710125069,0.575670249525396,26,59,10,11,16,48
0.711965225348891,0.765583457496752,0.598246598147076,31,44,15,8,16,36
0.767357872330248,0.789635241720383,0.559745159179274,33,63,17,19,16,44
0.759468791500664,0.805375298822038,0.621270632201806,45,65,24,20,21,45
0.729276547116737,0.784322729900961,0.545913944941405,36,46,22,16,14,30
0.756407728706625,0.813066539476035,0.572144483313899,32,58,17,15,15,43
0.775586276780544,0.820393452440828,0.657873376623377,44,68,27,28,17,40
0.756699977288212,0.794198006564358,0.610795586527294,42,70,19,22,23,48
0.66757867440225,0.705327205779966,0.590658602150538,36,60,12,12,24,48
0.727877375071691,0.759455821080047,0.565673480386496,43,63,22,18,21,45
0.782850052246604,0.819066386352623,0.613587167674973,24,43,14,11,10,32
0.751948051948052,0.80359476061187,0.595869924473156,35,59,18,18,17,41
0.769893090335079,0.80983675591028,0.55573637103336,33,71,18,19,15,52
0.748058034281312,0.814175005849484,0.668300718453539,37,61,18,20,19,41
0.765789820675105,0.80651836448798,0.550719612919132,36,52,16,11,20,41
0.768955392433653,0.811300190559005,0.646488227317554,35,52,20,17,15,35
0.702326277955272,0.743251716741928,0.53804347826087,48,58,19,15,29,43
0.70597676060859,0.751295723008005,0.578886024087875,37,69,18,16,19,53
0.721519845899238,0.775276200043761,0.572192824813631,29,48,14,15,15,33
0.719738924050633,0.750335502547466,0.544198388166716,36,57,15,14,21,43
0.733901910084244,0.775815821767864,0.582690750545002,38,65,17,15,21,50
0.758620689655172,0.814675610819059,0.569074613410998,29,46,15,10,14,36
0.688121457113651,0.726152084815751,0.538657998606919,34,59,10,10,24,49
0.688218390804598,0.759533689986532,0.584556451612903,24,60,11,12,13,48
0.66271853801545,0.688411795728118,0.639384,37,50,12,16,25,34
0.758514885646688,0.812269725655466,0.610352534299091,32,49,14,13,18,36
0.792885375494071,0.832530974748717,0.606909890776699,35,64,24,26,11,38
0.748853754940711,0.791531482350044,0.592193663708087,35,52,17,16,18,36
0.745076624367242,0.788447461414539,0.624104614359487,46,58,27,20,19,38
0.743514829570606,0.789750588333855,0.611230376049653,45,55,22,21,23,34
0.782771216594746,0.811515943124344,0.58956622421696,42,68,20,18,22,50
0.80244633398383,0.812926538542571,0.596523668639053,34,52,16,14,18,38
0.727823088397683,0.768895308412318,0.622743476941748,41,64,16,19,25,45
0.737948541009464,0.784579866298996,0.62009983849655,32,49,16,15,16,34
0.778969649135395,0.818177488143269,0.6126,33,50,17,16,16,34
0.799672594209411,0.845756769426726,0.607932145038592,37,58,22,17,15,41
0.801355166572558,0.84615832907777,0.550450268817204,35,60,21,16,14,44
0.736366454212596,0.790087495215915,0.511888440860215,41,60,18,10,23,50
0.641118858352098,0.684935089797035,0.570196930473373,29,52,10,12,19,40
0.731325669457133,0.765313568342253,0.628276373066593,47,61,19,13,28,48
0.735436507936508,0.781037111750396,0.640268817204301,40,60,19,20,21,40
0.690634770864554,0.734519989895873,0.546759312725359,43,63,18,13,25,50
0.708066599281222,0.751782231145345,0.452968016170263,28,54,12,11,16,43
0.724957736834221,0.757305611036966,0.566250456370938,37,55,16,15,21,40
0.75,0.800129238088498,0.621056865816996,44,57,21,17,23,40
0.697955957086392,0.738606397957153,0.667210696677092,35,59,15,17,20,42
0.768496121444658,0.815153875047732,0.640416210295728,38,55,19,15,19,40
0.775439131650525,0.81605653720218,0.55797625940938,31,44,15,10,16,34
0.784369344638972,0.834401596342549,0.585306622686901,39,53,25,17,14,36
0.75233425014476,0.776804666931811,0.575294663953345,44,59,21,16,23,43
0.805000962958208,0.836804270850432,0.610965265133873,37,57,24,17,13,40
0.671391076115486,0.703861553445031,0.60548,30,50,12,15,18,35
0.764949818790075,0.813860330521638,0.609724440894569,34,48,19,14,15,34
0.78979692281355,0.829494251676822,0.640290965628297,37,58,21,19,16,39
0.815839605984574,0.85974722676995,0.614143077889661,34,47,23,19,11,28
0.706078607561235,0.748263145988556,0.57438631610014,48,63,21,18,27,45
0.750708983234632,0.787287338811542,0.565872305687687,38,51,17,14,21,37
0.767165319400631,0.808427153016983,0.597638895430069,32,51,18,13,14,38
0.730555092167821,0.77835803066349,0.626582780931211,38,61,16,19,22,42
0.76108012394865,0.810034797586885,0.613851604070514,45,57,25,20,20,37
0.783953628844903,0.816737334011321,0.632552026286966,34,55,16,13,18,42
0.7321333938981,0.768067792908905,0.551958860947625,42,54,16,9,26,45
0.831162656433071,0.876001124761585,0.685464576074332,47,70,30,32,17,38
0.731188230008985,0.758166824221814,0.607217741935484,28,60,13,17,15,43
0.786244676981019,0.836271384332744,0.629223343571742,37,53,20,16,17,37
0.679816272965879,0.69422778655268,0.605211322612963,30,47,11,6,19,41
0.780203274985884,0.825550413025101,0.61648124623064,35,63,20,19,15,44
0.715450920934411,0.768881495753553,0.574631946861146,28,53,15,15,13,38
0.789218975579007,0.836643159137286,0.635206132292145,39,56,23,23,16,33
0.758089582061386,0.807549628488756,0.587918375839724,43,54,22,17,21,37
0.735688409306651,0.799325138835764,0.583197152921524,41,67,20,19,21,48
0.781119599409386,0.827023084618424,0.606289405229046,37,74,22,21,15,53
0.710296440851222,0.747620002373007,0.647397497337593,34,48,12,9,22,39
0.734114154415502,0.771977736596766,0.620296784616186,39,62,17,16,22,46
0.757289666854884,0.794825725968852,0.562257413445117,35,57,15,13,20,44
0.783018372703412,0.837808612634888,0.645695731808847,30,43,18,14,12,29
0.701944464375404,0.736341300969509,0.618913642627469,33,56,15,14,18,42
0.752952532364297,0.800086404600735,0.633530485578678,42,55,19,18,23,37
0.754226086072346,0.793784675140051,0.57741444648599,31,56,13,10,18,46
0.791736111111111,0.826393547513007,0.554248335798817,40,52,24,11,16,41
0.771769805941055,0.811988941810697,0.574390567037626,27,42,15,11,12,31
0.687876984126984,0.742497342112989,0.548735419794434,40,63,19,16,21,47
0.76669678147939,0.812630278716248,0.501058559512216,35,57,17,14,18,43
0.725622681505034,0.766600472389511,0.553425466117463,42,63,19,15,23,48
0.742088607594937,0.796589928619938,0.58331983805668,36,65,19,21,17,44
0.75607517888672,0.807070990322208,0.595587151908059,34,66,16,15,18,51
0.701817422644163,0.764971909021511,0.607042496742492,36,51,17,12,19,39
0.686817175741478,0.734730795656054,0.534202466983816,45,67,16,14,29,53
0.807412535161744,0.840287623102351,0.606613542749355,36,63,18,19,18,44
0.764559159634318,0.801790742256587,0.555125215170193,36,58,19,15,17,43
0.796580243471796,0.843226710297805,0.696000074004181,34,43,21,16,13,27
0.748385373106589,0.780092508144259,0.554193340238746,34,47,15,10,19,37
0.769905048910574,0.819860622169201,0.531256720430107,33,60,21,15,12,45
0.763789996483826,0.808730332654645,0.502214493787527,36,54,19,10,17,44
0.72033879164314,0.767355231955533,0.555496729990657,35,65,16,18,19,47
0.73034608117481,0.782603424474347,0.595414201183432,33,52,16,11,17,41
0.755828259237634,0.786291294247835,0.609275844630418,38,49,17,15,21,34
0.780017744479495,0.819918235115571,0.592179627601314,32,55,17,18,15,37
0.700527566936358,0.755874058546535,0.563504823151125,38,56,17,17,21,39
0.742013021424786,0.777574253300744,0.609453956364069,42,54,21,16,21,38
0.768128014878242,0.805148658707365,0.595268817204301,41,60,20,19,21,41
0.730903261778645,0.774730696254339,0.600967540574282,34,54,16,11,18,43
0.803371357693324,0.831203494911011,0.625963993789378,39,63,25,23,14,40
0.714696882155315,0.756671618668707,0.581676126966485,37,61,13,11,24,50
0.782094688349892,0.831708083689816,0.665765224358974,43,52,26,22,17,30
0.701559638119554,0.742588240991072,0.531367175334787,43,65,18,12,25,53
0.683371944006309,0.728459413195982,0.520897389129189,32,62,12,11,20,51
0.762992474546259,0.797427010152566,0.642443543717429,45,44,25,19,20,25
0.7500048431779,0.789039675574251,0.617563502673797,41,68,20,22,21,46
0.768402285428309,0.815156688159495,0.612519102449653,38,53,21,18,17,35
0.786689082278481,0.817908889762548,0.537248,36,50,18,13,18,37
0.792262062859672,0.829662549363667,0.603825343851133,45,64,30,26,15,38
0.728742681906886,0.770656653249078,0.658264861932548,34,61,16,23,18,38
0.768089269455046,0.797233177907334,0.61404400887574,41,52,22,19,19,33
0.775698798328109,0.817154001167731,0.668513711395101,24,48,12,17,12,31
0.754529372293052,0.793481916896652,0.675917453120092,39,59,20,20,19,39
0.780107979055319,0.826917398194744,0.585216,29,50,20,14,9,36
0.768318464826689,0.805116928539918,0.539514964739852,34,58,20,18,14,40
0.699390567037626,0.747063905664526,0.572617763148909,42,59,17,16,25,43
0.811674217965761,0.841998293628512,0.626545217957059,29,53,21,18,8,35
0.772796956620486,0.807743925095368,0.650658945686901,42,48,24,22,18,26
0.821882128630282,0.864894408004606,0.563913837166849,23,55,13,16,10,39
0.725431106646577,0.772654227906666,0.599764784946237,33,60,15,19,18,41
0.749606299212598,0.793394478089459,0.636065628328009,30,48,13,18,17,30
0.718888147468513,0.756843898930596,0.626858313106796,38,64,18,19,20,45
0.734419496696953,0.770273182550265,0.595483870967742,41,60,16,13,25,47
0.713028025719634,0.764837151404945,0.576888,29,50,11,9,18,41
0.687879994209612,0.743787009355997,0.636994002998501,44,58,17,16,27,42
0.756812753329473,0.800396011027384,0.608219909260742,44,51,23,17,21,34
0.718119409194924,0.771841247310206,0.605079733180468,46,62,19,16,27,46
0.694107628561987,0.74272298128852,0.549030390372168,31,64,11,15,20,49
0.757225653931213,0.7917005416871,0.550574627965228,31,66,14,8,17,58
0.816208653225228,0.8377743981612,0.568856022142602,33,47,20,14,13,33
0.779920634920635,0.815370253905447,0.644170964805825,40,64,22,24,18,40
0.740224468165645,0.786679575461453,0.539529154410593,42,77,17,16,25,61
0.779722280008321,0.812458367751208,0.614819273527139,46,54,26,20,20,34
0.765826771653543,0.794197086505525,0.596306607556248,30,53,12,13,18,40
0.783059496236248,0.811667263872819,0.662520226537217,44,64,26,29,18,35
0.760188986837338,0.781462328650624,0.576378393871489,26,62,12,12,14,50
0.760965523650218,0.808472874886414,0.559493720360623,34,62,17,17,17,45
0.769338809353145,0.812479238258683,0.603306174351246,41,51,22,14,19,37
0.739429500703235,0.802806962289833,0.598833426639028,36,53,20,13,16,40
0.750994431185362,0.794085566436935,0.578561195889131,43,65,20,23,23,42
0.733203125,0.764230717869226,0.59376452002602,20,34,6,6,14,28
0.711061070566212,0.776412928988178,0.606949293866278,29,62,13,16,16,46
0.709904623769339,0.768347048925769,0.632954860601315,36,49,15,16,21,33
0.704505126182965,0.760538045986117,0.57899963490325,32,55,13,10,19,45
0.742252114115788,0.787280572668177,0.58874120879786,34,67,15,21,19,46
0.744086484417976,0.78403032300192,0.561455383419401,33,58,15,15,18,43
0.681196335892468,0.743301145119649,0.624673774223999,33,58,17,18,16,40
0.741986324004169,0.796912334050095,0.646109044098024,31,51,14,11,17,40
0.722026460464281,0.772167501285005,0.505966114730365,49,72,21,14,28,58
0.727930448924924,0.781465253601912,0.566975806451613,33,60,16,14,17,46
0.729631840256111,0.789533174227841,0.560504499506903,29,52,15,15,14,37
0.790457368718238,0.82767572710876,0.619447220834028,35,58,21,19,14,39
0.73723223615465,0.787310577777475,0.601770108792581,24,54,8,9,16,45
0.764630176394882,0.800796550743599,0.592093952265372,42,64,20,17,22,47
0.702771137671536,0.737420503851874,0.588647106569901,45,68,17,15,28,53
0.715695323488045,0.726643065618186,0.526422683549663,36,61,13,11,23,50
0.72171626984127,0.764407456902107,0.5803547657082,40,48,14,13,26,35
0.704987919338351,0.763466533623312,0.564250044587123,34,54,16,12,18,42
0.77072840203275,0.824072905710376,0.654341832656324,35,49,20,19,15,30
0.741422924901186,0.7717304224861,0.552911894206473,35,53,15,12,20,41
0.761517857142857,0.797566664098777,0.590994623655914,40,60,21,19,19,41
0.680870465299684,0.725439783840542,0.59105102144013,32,64,13,11,19,53
0.659551475465965,0.720440515432194,0.551633064516129,37,60,12,16,25,44
0.755141208469966,0.812916382439468,0.6101184175241,31,57,16,17,15,40
0.700984251968504,0.725721154789614,0.610205712980636,30,49,11,14,19,35
0.723097295790354,0.761273073331623,0.577998517195987,34,53,15,10,19,43
0.749763779527559,0.809420150440288,0.582863350591716,30,52,15,15,15,37
0.709203319700557,0.759267762336238,0.544495967741935,33,60,13,15,20,45
0.767978342103256,0.811400449757425,0.653037634408602,31,60,17,25,14,35
0.819526627218935,0.846248638689213,0.591991559485531,39,56,26,19,13,37
0.756776266292523,0.801169200988737,0.65397856627242,39,58,20,17,19,41
0.69575951599338,0.741390196101421,0.591995164759258,29,51,9,13,20,38
0.691344637223975,0.734121757042001,0.563626020953966,32,47,11,14,21,33
0.69898996383557,0.741810029504584,0.600607125246548,37,52,14,10,23,42
0.785348540787623,0.840968206012966,0.613272,36,50,22,15,14,35
0.742224731789949,0.788545588473566,0.627226571122922,35,47,17,15,18,32
0.726915960064255,0.777455545312324,0.647393206811154,39,63,20,20,19,43
0.620678840256482,0.652131107467769,0.610738688562242,34,56,9,11,25,45
0.760284810126582,0.800429451047304,0.571928051462052,36,59,17,17,19,42
0.754537562060826,0.791359151287726,0.654254212606615,29,46,12,12,17,34
0.769412221790531,0.818718341882266,0.628722947006472,43,64,18,17,25,47
0.771721669818418,0.802491955021573,0.622044042913608,39,35,19,8,20,27
0.695520099931865,0.748361727751267,0.612798590529781,42,59,20,16,22,43
0.768986325993452,0.810783460661763,0.592696629213483,37,54,21,17,16,37
0.707060501604659,0.760549276063825,0.617530968737622,47,59,19,17,28,42
0.723612884127953,0.774515440867766,0.582605125046516,43,63,19,17,24,46
0.785873015873016,0.830431884027753,0.58428,40,50,23,12,17,38
0.711969182641108,0.746277214599343,0.651297657326596,48,56,16,15,32,41
0.655019542559352,0.68347119575969,0.595462652859581,44,63,10,14,34,49
0.709890316123113,0.778369188360448,0.628518553927259,38,59,17,14,21,45
0.775210609725582,0.820416571936623,0.547922599488865,38,55,21,14,17,41
0.746990400903444,0.790230969158098,0.551349325337331,35,58,19,15,16,43
0.731944533607242,0.778023796508145,0.504079301075269,37,60,18,15,19,45
0.68519343652531,0.722845060165014,0.578785446762975,41,54,14,13,27,41
0.742786555236991,0.790923118207535,0.603783960525533,39,54,20,13,19,41
0.657822327044025,0.688965112920991,0.634669404676573,28,41,9,8,19,33
0.760330453465676,0.811907784836232,0.56036991314316,53,74,30,22,23,52
0.721269841269841,0.760753938086594,0.628950094241905,40,47,17,13,23,34
0.729767492335657,0.765541563460342,0.545661787605108,29,65,12,10,17,55
0.768854592407328,0.814937334169278,0.586500918695452,39,56,22,22,17,34
0.77439364371341,0.810618314038652,0.610864,34,50,18,18,16,32
0.761636339662447,0.813999844668517,0.644675562354034,36,59,19,22,17,37
0.807903090154372,0.84227512725895,0.697214204072144,29,41,16,14,13,27
0.803783490575176,0.836194598249421,0.59972594207412,41,65,26,21,15,44
0.758015873015873,0.807486981997781,0.599864,40,50,24,15,16,35
0.683082805907173,0.733893773524479,0.514335992802234,36,61,19,13,17,48
0.744308149800204,0.775641385795948,0.586213837525681,34,58,20,19,14,39
0.758192,0.797325440751627,0.648168926661574,50,68,26,22,24,46
0.774736156705282,0.828990135735144,0.63116258062695,29,57,19,18,10,39
0.739398722824137,0.77393419414653,0.613530485578678,33,55,13,12,20,43
0.799446202531646,0.836715789431629,0.599616,36,50,22,15,14,35
0.753769841269841,0.800095690831215,0.605496040987424,40,57,22,15,18,42
0.702434765970678,0.757311458783236,0.568508458539291,33,49,17,15,16,34
0.741688405394905,0.771259445948209,0.609515868466309,43,62,19,15,24,47
0.612609126984127,0.641998860025276,0.621275268133602,40,69,12,20,28,49
0.746263320962854,0.792664737762409,0.565721246547501,23,62,13,16,10,46
0.684658792650919,0.733193123492687,0.591495274227902,30,48,11,11,19,37
0.77502624671916,0.809415427794979,0.65288384244373,30,56,16,20,14,36
0.745130834932333,0.791025594885733,0.612819831783975,47,45,23,14,24,31
0.650796160361378,0.714965857116171,0.585140562248996,35,55,14,9,21,46
0.739530267154577,0.790154359006855,0.603916305740255,33,39,19,14,14,25
0.730059523809524,0.778269640126456,0.616714002814112,40,62,17,14,23,48
0.741446061367611,0.802560033638568,0.60909387755102,47,75,24,23,23,52
0.731545583451497,0.76280151548915,0.556848023300229,38,68,13,14,25,54
0.64498687664042,0.675446797187655,0.547116854034589,30,53,7,8,23,45
0.764482025189757,0.806597866601202,0.603032182899336,38,53,21,19,17,34
0.786252957413249,0.815342589708303,0.633424462141923,32,47,14,11,18,36
0.791557014569033,0.82751390882246,0.611698174900422,29,54,17,24,12,30
0.790679304897314,0.836059372661244,0.665559419772903,34,54,21,21,13,33
0.712058280590717,0.74798707364654,0.5198060250261,36,53,14,10,22,43
0.760599036173977,0.809700325849409,0.702176,39,50,20,16,19,34
0.697513427917228,0.750874408958938,0.578765342209278,37,46,18,6,19,40
0.817191171301179,0.861977105885109,0.691287977487102,43,62,28,26,15,36
0.720101543529572,0.747753236766818,0.556574275926503,47,65,18,11,29,54
0.631483600305111,0.679179338471125,0.571910061527325,46,72,12,13,34,59
0.788107316741003,0.818835649819883,0.646397849462365,23,60,11,13,12,47
0.753377600708278,0.78471588032865,0.594826894646971,45,71,22,22,23,49
0.722422121451104,0.773939780987405,0.603712671509282,32,61,16,14,16,47
0.730127616982234,0.779967738110323,0.604424,38,50,17,12,21,38
0.754373241912799,0.808951469612871,0.6345876500086,36,61,19,24,17,37
0.714044612537872,0.753763268161766,0.57413056372638,39,67,17,17,22,50
0.655780392156863,0.728499432419288,0.541190215407083,25,55,11,12,14,43
0.848277074542897,0.872930157495468,0.621767068273092,36,55,24,19,12,36
0.751823715268098,0.792322191823177,0.570403067594079,34,54,15,17,19,37
0.759028866248694,0.798882362757024,0.532749003984064,24,45,12,8,12,37
0.734550808720113,0.769278808092564,0.578391359875618,36,58,15,11,21,47
0.675313042848871,0.715908030258994,0.609616941762691,44,65,21,16,23,49
0.758308189424579,0.80475211707286,0.597174151150055,37,55,19,17,18,38
0.856431394692264,0.892092555057817,0.582136297273113,35,51,24,13,11,38
0.780173492368004,0.841580006397609,0.615346031580593,38,62,20,18,18,44
0.809603692633034,0.837209360899145,0.598717903436584,39,69,22,19,17,50
0.650560224089636,0.696321491963785,0.59043446513326,42,55,15,15,27,40
0.785392492967651,0.834637751874976,0.603816459894708,36,57,17,14,19,43
0.689155156047192,0.731315718522377,0.570981287756004,41,66,16,18,25,48
0.728316015084511,0.78320037546608,0.584036125817502,29,65,14,15,15,50
0.779498039215686,0.808949152017737,0.601230554910611,25,59,13,16,12,43
0.7238807415874,0.774426688797429,0.587528,41,50,19,12,22,38
0.722422172065312,0.779325665484045,0.663931451612903,39,60,24,20,15,40
0.777552681726517,0.815088502697517,0.627424105607155,43,76,19,24,24,52
0.766789732770745,0.821923640206311,0.625773761980831,36,48,18,13,18,35
0.691342063558262,0.73105173118121,0.595896496196346,38,58,17,17,21,41
0.76671974522293,0.799787041916817,0.662616272393202,44,56,21,16,23,40
0.694440366074487,0.742090705617719,0.609673500727719,49,71,20,21,29,50
0.708149606299213,0.750769385866402,0.600134408602151,30,60,11,15,19,45
0.705161321183421,0.748198088199414,0.561333174559071,33,61,13,16,20,45
0.814117063492063,0.849668615813102,0.620726699770818,40,68,26,30,14,38
0.67810075902911,0.716073290447876,0.578936688311688,38,68,13,12,25,56
0.777248069755058,0.821770982788823,0.628558606391585,48,64,30,24,18,40
0.771364082070637,0.797098591700615,0.604166666666667,43,60,23,20,20,40
0.753521825396825,0.798453671755953,0.550448473649767,40,63,21,16,19,47
0.777436602801294,0.827364283381999,0.687072706735628,41,54,20,21,21,33
0.73804621368108,0.777425240391024,0.607849580138737,31,55,14,11,17,44
0.730573294109206,0.782362318628421,0.559278580345996,33,54,18,14,15,40
0.781031135150128,0.827033896201013,0.631606182795699,46,60,29,24,17,36
0.748959878967734,0.795820133680637,0.633120340788072,27,48,13,17,14,31
0.736133981673415,0.781407044741184,0.626938564962726,41,48,18,10,23,38
0.732552736734504,0.761092738083673,0.543832250541396,34,58,10,13,24,45
0.728266666666667,0.765894937079158,0.567719580528151,25,57,7,13,18,44
0.730705789424775,0.765213884387973,0.6086,34,50,16,16,18,34
0.702820397594744,0.741317984081684,0.568010752688172,37,60,16,14,21,46
0.711411444746628,0.747100971971903,0.623283395755306,43,54,18,12,25,42
0.739964594271535,0.781170748791788,0.634562770337172,53,62,27,23,26,39
0.653715142733674,0.684612517623202,0.5773211414791,31,56,13,14,18,42
0.636262513904338,0.676315247997689,0.59230277629154,29,54,10,15,19,39
0.629746835443038,0.670619218330026,0.577303296925566,36,64,9,8,27,56
0.763185134069401,0.820011781269316,0.578523944616166,32,57,17,20,15,37
0.768662941029277,0.814421827725587,0.61578532786398,38,54,21,18,17,36
0.78207161593363,0.82987933513746,0.615504440412528,39,68,21,18,18,50
0.750031278672116,0.784100707399398,0.585223404094355,38,53,16,9,22,44
0.746934268389547,0.791266003398776,0.657056,41,50,19,17,22,33
0.749837375708577,0.812973606830224,0.628574601588095,34,58,20,16,14,42
0.717492941840768,0.785789994873373,0.574158451989777,35,55,18,11,17,44
0.745079365079365,0.777505931751163,0.602080422294675,40,57,16,16,24,41
0.7848363497677,0.836919884229178,0.5903293242832,46,61,25,18,21,43
0.793199981414367,0.822371273724099,0.592894043408918,34,46,19,13,15,33
0.72749606918239,0.766026192692492,0.598709519981626,28,56,11,10,17,46
0.690570522979398,0.72448946273548,0.612471705001826,38,55,15,15,23,40
0.732008323168544,0.771480183525184,0.549351982797032,33,41,11,8,22,33
0.763462301587302,0.79889532441192,0.65401565581854,40,52,18,16,22,36
0.799394896079979,0.828195886846958,0.588057744574496,33,59,17,15,16,44
0.738674541524898,0.821445515731599,0.628309602044542,37,55,19,18,18,37
0.752172619047619,0.806698378989107,0.624468879191548,40,56,27,21,13,35
0.792997058190428,0.831651554741485,0.628033707097885,33,59,16,17,17,42
0.727257217847769,0.760321286675377,0.616392,30,50,12,13,18,37
0.795913840694006,0.83912891386942,0.594411145953241,32,61,20,20,12,41
0.734141713237134,0.767758092128341,0.610726388684249,38,66,18,17,20,49
0.746489681295716,0.796361917481862,0.610768,24,50,9,9,15,41
0.766225845798292,0.821289281777395,0.603443775591771,37,49,16,10,21,39
0.730606559710445,0.774093087389861,0.538778996325218,39,56,16,12,23,44
0.737005753695345,0.794683915933394,0.608458485032362,41,64,21,17,20,47
0.697289493482991,0.747830579375928,0.597822299651568,39,70,17,20,22,50
0.72903286345817,0.774444190013201,0.671712442779859,38,54,18,20,20,34
0.683057742782152,0.746046424474485,0.653058040357812,30,46,12,10,18,36
0.750396825396825,0.785686323102778,0.585412644036126,40,65,16,14,24,51
0.728439215686274,0.799715142812836,0.596873762274819,25,59,15,15,10,44
0.768343210337743,0.809026941920582,0.645885462781178,47,63,25,25,22,38
0.689861871253583,0.751067851848618,0.658165436347154,21,43,9,10,12,33
0.696797900262467,0.731744460988691,0.572236088680076,30,49,11,12,19,37
0.672032326444091,0.730452359827798,0.565446465727365,42,54,15,10,27,44
0.816548183254344,0.843633080109169,0.618828587278106,34,52,20,18,14,34
0.798688236930517,0.833178474057853,0.574895211299954,37,56,21,17,16,39
0.704149634824386,0.73865600007463,0.513203988143358,41,63,14,16,27,47
0.717065363881402,0.758192173627064,0.62974301009435,28,51,11,14,17,37
0.742713301536831,0.793284435665488,0.623299461380421,42,58,20,18,22,40
0.760212692409362,0.800277391685571,0.635832229339379,39,59,20,22,19,37
0.769403202936025,0.797895353337376,0.543847273047926,38,74,17,18,21,56
0.735804645576241,0.7790467401977,0.624695835099452,41,51,19,19,22,32
0.738704844915052,0.777776179516556,0.602569795193429,23,43,9,11,14,32
0.750505952380952,0.78419929490015,0.619597526900898,40,54,22,17,18,37
0.765918771534768,0.819686122855737,0.598568,29,50,15,13,14,37
0.696013010930138,0.737375260692586,0.607813764158576,33,64,14,13,19,51
0.728893690177493,0.7669881676158,0.611987540192926,34,56,16,20,18,36
0.753189113483231,0.801378702823586,0.594866086671492,42,59,22,15,20,44
0.713614028477684,0.762551335012792,0.624307795698925,51,60,23,18,28,42
0.772890418308634,0.827341171481262,0.584092183120523,43,65,23,20,20,45
0.76538010901496,0.820878034191826,0.566970500296571,47,67,25,20,22,47
0.758441788401948,0.812419928362691,0.616331360946746,45,65,28,23,17,42
0.74042913608131,0.775154103697567,0.603798231511254,35,56,14,16,21,40
0.749551672366336,0.807007982803371,0.626117496807152,38,58,22,17,16,41
0.714897830138445,0.746965559502358,0.594635577820343,48,66,19,17,29,49
0.714861660079051,0.756362410722804,0.565372376022617,35,59,15,12,20,47
0.679725440190998,0.747550919750951,0.601079008382379,29,54,13,12,16,42
0.825691803592356,0.857565106338078,0.596668848083561,33,63,20,20,13,43
0.759922949618818,0.820406670996305,0.577200255719793,29,41,15,11,14,30
0.657589285714286,0.71154973736815,0.556503726093074,40,62,15,14,25,48
0.710328083989501,0.778383178936025,0.538271034633201,30,63,14,16,16,47
0.717244494635799,0.753736908501841,0.601822127103026,35,54,13,15,22,39
0.710593553459119,0.758037233851656,0.625980916711254,28,54,13,17,15,37
0.730536420101637,0.770405344278084,0.565387047390841,35,48,16,15,19,33
0.797695381470124,0.854194103608882,0.583216853035144,34,48,20,16,14,32
0.754118358495287,0.799646715328195,0.602491961414791,38,56,20,17,18,39
0.808115772791726,0.851757790256644,0.61538298683152,38,57,26,19,12,38
0.75057144723093,0.807394131245536,0.619914940828402,24,52,14,15,10,37
0.691835121400339,0.72482804215869,0.550186199342826,35,55,7,7,28,48
0.71842939361081,0.763642809235645,0.614530840358561,38,51,21,16,17,35
0.75140873015873,0.822646210818969,0.600605496040987,40,57,21,14,19,43
0.648628147490333,0.685365259330004,0.63903557216565,43,53,15,14,28,39
0.717850453470032,0.793794985443189,0.625131878505192,32,58,13,10,19,48
0.772520643923597,0.81679546719411,0.667853573213394,38,58,20,22,18,36
0.671129953842087,0.705262651986056,0.549457295810618,39,66,17,16,22,50
0.730171452467243,0.764320775873197,0.684325914414164,34,43,16,13,18,30
0.679720246785664,0.731546586170444,0.585142857142857,51,75,21,23,30,52
0.78231507622812,0.819772288339654,0.651232090838832,35,54,20,21,15,33
0.712524876420363,0.752459412435453,0.593158879525806,37,59,16,11,21,48
0.771950097365774,0.799527337202282,0.642024575103353,37,56,21,19,16,37
0.727357075675538,0.764510136609021,0.585220673635308,31,70,14,18,17,52
0.789225149519267,0.813506977700942,0.62844966405686,42,58,23,20,19,38
0.679646786334684,0.738887043216147,0.609082223865878,44,52,23,12,21,40
0.69223871882559,0.755239168301659,0.634731245488367,38,58,15,14,23,44
0.782052127285513,0.806038828076557,0.65139955101336,36,51,19,17,17,34
0.741983939802336,0.782671020674852,0.632779219914803,28,48,13,13,15,35
0.727488537399278,0.789645047400376,0.592667685463981,29,53,12,14,17,39
0.667712108540098,0.732721420025427,0.584919597221986,34,47,14,9,20,38
0.730481072555205,0.790435007682413,0.564512195121951,32,70,15,19,17,51
0.735642598271536,0.764670199614945,0.590349712262063,34,45,15,13,19,32
0.693184680059668,0.727505262425097,0.573821413709054,41,54,14,12,27,42
0.767498588368154,0.789239908485763,0.61548061978995,35,51,15,13,20,38
0.694365079365079,0.746037018602856,0.59384330500689,40,56,18,16,22,40
0.710292224998107,0.762268664999184,0.585316662838769,42,56,17,15,25,41
0.714877609042369,0.747718479721194,0.630693725345167,46,52,17,16,29,36
0.832855331481705,0.85845734418499,0.60944943765041,26,66,18,18,8,48
0.73716489981684,0.783400536385497,0.545719007361477,43,59,25,18,18,41
0.799359020353496,0.862356298687311,0.610396505376344,33,60,21,16,12,44
0.65001652304329,0.690223887854696,0.665106441994314,31,46,12,13,19,33
0.788455138445154,0.819473726471829,0.698778630747736,48,51,28,22,20,29
0.768504321159744,0.792833680180773,0.591992,34,50,15,9,19,41
0.734894128131114,0.757604841928307,0.619582664526485,41,54,19,16,22,38
0.725861095426313,0.76039218303783,0.578407258064516,35,60,17,17,18,43
0.768185214486639,0.803065662682637,0.562788844621514,36,45,14,9,22,36
0.793270921237693,0.826488672541806,0.665043475423743,36,49,22,21,14,28
0.755989879608089,0.776629795297021,0.62191637630662,47,70,20,18,27,52
0.795413590014065,0.822360466128891,0.632755376344086,36,60,21,24,15,36
0.704021253471803,0.758505438920541,0.539921934682964,26,68,10,12,16,56
0.704564363684771,0.760637270294325,0.589657258064516,48,60,24,18,24,42
0.755627401939852,0.793978859152824,0.57556684759595,39,63,19,17,20,46
0.791203271866255,0.820707715011961,0.636299247454626,33,45,19,18,14,27
0.699580052493438,0.730718120080151,0.570286627840585,30,49,9,7,21,42
0.717814436588985,0.768094187219931,0.656871462646963,27,57,11,15,16,42
0.709118782648195,0.773309118308946,0.629660541887263,42,65,16,16,26,49
0.716795042054006,0.762254542578672,0.612662207165825,45,56,20,16,25,40
0.731778656126482,0.769336920565378,0.639580275680501,35,53,15,16,20,37
0.805709754163362,0.825923395377458,0.649066299942096,39,44,23,16,16,28
0.836374929418408,0.862689347316573,0.650230765973663,35,57,19,17,16,40
0.752857541120714,0.796752447717088,0.634775493798806,34,56,15,17,19,39
0.755159722645845,0.808594440857888,0.624797371303395,39,55,17,16,22,39
0.695223727290236,0.72696404499139,0.570526315789474,37,65,17,22,20,43
0.809698162729659,0.837651746042062,0.610738667059574,30,66,17,19,13,47
0.743050895707518,0.782952592010764,0.690268817204301,39,60,19,19,20,41
0.791068580542265,0.826642031403282,0.603069073695727,57,73,36,26,21,47
0.713051395803871,0.751618703887956,0.635323486582068,41,46,15,11,26,35
0.73378279389023,0.784167772038945,0.517926250456371,29,55,16,15,13,40
0.754988688070363,0.781064385538153,0.619984282544379,31,52,17,17,14,35
0.746091555435014,0.799611565100515,0.592475578312815,41,67,21,24,20,43
0.739045383411581,0.769330620186069,0.657435752523588,22,51,10,17,12,34
0.683851969057665,0.737351994573642,0.582268746381008,36,44,14,11,22,33
0.760349871171468,0.821720908892005,0.601243279569892,41,60,22,21,19,39
0.762364687050652,0.825228143668403,0.584330695556127,29,53,17,15,12,38
0.811258350914205,0.84422042210797,0.679964866863905,36,52,20,18,16,34
0.698060448918376,0.74792624067171,0.550787917278609,31,61,12,15,19,46
0.7286240061815,0.768855671775545,0.651782264787816,39,39,19,11,20,28
0.823572027758713,0.861684986739713,0.597620358216539,31,57,21,20,10,37
0.731001984126984,0.781112495527046,0.545240989360685,40,59,22,11,18,48
0.723115079365079,0.767952757004596,0.600345334021355,40,61,17,16,23,45
0.685860180335319,0.724854763946222,0.673117368476797,33,53,14,17,19,36
0.808341383890834,0.826762278572909,0.530356182795699,26,60,15,17,11,43
0.805104,0.851438124745016,0.645776446197411,50,64,32,26,18,38
0.752062854272799,0.793418379046686,0.594358766233766,33,68,15,18,18,50
0.704831349206349,0.743931960835765,0.548135236227621,40,67,17,17,23,50
0.655569108607783,0.684579926120592,0.576194304088195,33,56,14,11,19,45
0.748695652173913,0.801325035319211,0.616397849462366,35,60,19,21,16,39
0.759378142988594,0.795640376192868,0.613659197927637,37,67,21,23,16,44
0.739375677704562,0.782612374371757,0.552631888767233,38,69,18,17,20,52
0.784415584415584,0.837032913444714,0.575375455097087,35,64,19,15,16,49
0.781174420258927,0.829945437192104,0.623691144858193,22,46,10,9,12,37
0.773346456692913,0.800167639219672,0.582835810362592,30,57,13,6,17,51
0.717045013043237,0.752166536638647,0.598702956989247,43,60,21,20,22,40
0.756284231422353,0.795409838524385,0.620990910375359,33,51,16,14,17,37
0.721099324452644,0.790695241286296,0.630524494142705,29,48,14,13,15,35
0.747146213761077,0.800091021184353,0.61759925702345,43,59,26,13,17,46
0.7209797657082,0.753555436000569,0.59616840538425,48,63,22,18,26,45
0.809933448888318,0.856592142920523,0.734934030666825,37,47,21,19,16,28
0.78895261954993,0.830622964544248,0.616860932475884,36,56,19,19,17,37
0.705915249497954,0.758891949572726,0.594844503053423,31,51,14,12,17,39
0.699937254901961,0.765708666769929,0.554245241257194,25,45,11,11,14,34
0.69537701226124,0.762537730964241,0.590900031142946,38,65,19,17,19,48
0.773522929104877,0.811771175482381,0.596084998267698,37,63,20,18,17,45
0.722644758556361,0.769167709376592,0.656872593336682,33,33,17,11,16,22
0.713210808612319,0.747686088942438,0.550715081869417,31,51,15,10,16,41
0.710552982049797,0.744529450369358,0.66550497680963,44,62,18,15,26,47
0.82085661856702,0.867365924789673,0.614056023918595,38,63,26,22,12,41
0.745472440944882,0.785059194290297,0.592794625246548,30,52,14,13,16,39
0.802086614173228,0.823734038248199,0.642558863412229,30,52,19,17,11,35
0.696385782747604,0.732387604044389,0.616161102062975,48,72,16,14,32,58
0.675715244311596,0.707215830602113,0.534827120384946,39,73,12,15,27,58
0.775910364145658,0.826774258136611,0.668632440985987,42,49,24,15,18,34
0.698959204534895,0.739232388240881,0.572723577235772,34,70,14,16,20,54
0.691125805140057,0.739533264651879,0.599129463189431,37,66,12,16,25,50
0.752501106684374,0.78859723853207,0.623738075391313,45,61,23,19,22,42
0.704248090745732,0.75258597217015,0.606714104262555,28,59,12,10,16,49
0.787816,0.826834690523987,0.653734039240112,50,65,26,26,24,39
0.749598405823624,0.796766098237908,0.558250521986216,39,51,22,17,17,34
0.775697346132129,0.81703463108375,0.629143263296582,35,46,21,14,14,32
0.728804061181435,0.78706178430956,0.573646366706613,36,67,20,26,16,41
0.77290248085446,0.806453451834568,0.584769484498646,47,53,23,12,24,41
0.760717952691838,0.810540914284072,0.625987586710478,41,55,19,10,22,45
0.776928289102202,0.812636786825136,0.569221490805969,35,63,17,13,18,50
0.782378809832482,0.831298621558102,0.679161501757484,31,47,18,16,13,31
0.754169474393531,0.796017502971378,0.586217994003045,28,51,14,16,14,35
0.741961713595391,0.789518875958576,0.559949167526153,34,66,18,14,16,52
0.723520201712113,0.782449060251463,0.538687341879411,39,67,20,17,19,50
0.718989131908793,0.761469839667848,0.629381177311158,41,61,17,19,24,42
0.70865613371561,0.754440767396158,0.670411093028487,39,61,19,19,20,42
0.688729531338227,0.738309792147829,0.584592917123038,35,55,14,13,21,42
0.800817624347036,0.837556738629563,0.609955090726417,42,67,25,19,17,48
0.785127105998535,0.823090088347066,0.632915046441731,29,47,17,17,12,30
0.754746835443038,0.785828963588456,0.656544152433156,36,49,16,14,20,35
0.790067378302672,0.820615728757259,0.590706821313734,42,56,20,17,22,39
0.688836519158593,0.728524172257457,0.608505544140871,27,47,9,7,18,40
0.752641024217868,0.800657497893359,0.634675717696707,43,58,23,19,20,39
0.810922962856665,0.83628369938889,0.566717655253418,33,59,18,15,15,44
0.77264263477932,0.788358242658174,0.674336322081575,27,36,13,11,14,25
0.740649173699015,0.765098669558961,0.632750862919132,36,52,17,18,19,34
0.707493243404846,0.74229705118594,0.564275733581742,33,57,14,10,19,47
0.725337301587301,0.78759315843797,0.648682603142873,40,58,24,19,16,39
0.696532172995781,0.749094597314443,0.572018985031033,36,55,14,16,22,39
0.778259943044228,0.810775187017555,0.636902052993527,41,64,24,19,17,45
0.808033639996283,0.844238571811855,0.632780453005172,34,54,20,17,14,37
0.716290479162333,0.752443423843541,0.624244879917489,46,66,22,20,24,46
0.742224731789949,0.793829805780136,0.583199356913183,35,56,19,21,16,35
0.697751845991561,0.737567458007166,0.648639053254438,36,65,14,14,22,51
0.708925750394945,0.733421903502337,0.630243420461691,34,63,12,18,22,45
0.639672501411632,0.667060544113621,0.586380774475985,35,71,7,15,28,56
0.720696963722398,0.785280911556693,0.609838659684497,32,49,19,18,13,31
0.73895316420407,0.824019238018737,0.586155198668739,34,51,20,14,14,37
0.750815118946987,0.801439465878644,0.556020600810706,26,58,10,10,16,48
0.78229528863946,0.8089634085109,0.604283041287098,39,59,24,18,15,41
0.732953133822699,0.777618728699057,0.657196056955093,35,55,16,16,19,39
0.760892151326934,0.800518940315022,0.619663978494624,35,60,18,15,17,45
0.708363095238095,0.752945338538998,0.633613280290752,40,66,17,19,23,47
0.783354037267081,0.83211089439554,0.623706210191083,35,44,21,13,14,31
0.819334563994374,0.85324255136198,0.653220559531555,36,53,23,19,13,34
0.711676587301587,0.77519232148989,0.582412386557706,40,57,17,17,23,40
0.713709103479127,0.773190305880837,0.549788954283336,39,54,19,12,20,42
0.786934060414723,0.826197776917541,0.583940129449838,33,64,21,23,12,41
0.740609816415001,0.780453398789733,0.609056392466436,27,59,13,13,14,46
0.68477194996532,0.729566684491522,0.589705147426287,33,58,14,15,19,43
0.743489332562967,0.778498432763649,0.630963274559882,37,59,16,21,21,38
0.744985956443804,0.782884486918426,0.66495172843351,57,65,29,20,28,45
0.689067978844999,0.747537185823214,0.636357446550968,41,53,17,16,24,37
0.738920379804358,0.79819806192431,0.563586353550296,33,52,18,15,15,37
0.783751685176863,0.824122635739825,0.689384617420183,37,61,22,22,15,39
0.758663114465967,0.797129744506961,0.559447730189603,43,61,23,13,20,48
0.787568125879044,0.821528765586826,0.635027382256298,36,55,15,13,21,42
0.7520444196636,0.792741952357268,0.631995792712602,34,51,18,13,16,38
0.73302066566761,0.785427023653415,0.583014328728571,43,53,22,16,21,37
0.677007874015748,0.730479580499481,0.529803799439427,30,65,11,12,19,53
0.75483724378752,0.794961539713807,0.654336058747823,33,42,17,14,16,28
0.673023187922262,0.733490973408948,0.635149346481105,38,59,19,17,19,42
0.723328025477707,0.770066578532995,0.536706989247312,44,60,18,13,26,47
0.746636904761905,0.787424918250625,0.56984956361966,40,56,19,14,21,42
0.741407763507211,0.792842671076092,0.578282233630041,33,51,17,13,16,38
0.719535528927794,0.757382956819705,0.620661234870249,33,51,13,14,20,37
0.748198317839752,0.814287106489149,0.560872341606974,45,58,24,17,21,41
0.710104448517646,0.744156042375673,0.581886540657761,27,63,11,16,16,47
0.743054448871182,0.808444630580427,0.580025662442048,45,67,26,24,19,43
0.764693109438332,0.817501627391347,0.605218224221223,44,58,27,19,17,39
0.79699728034634,0.842155334510886,0.661815922096723,43,59,31,26,12,33
0.728330650681764,0.767769747004122,0.638507135321228,43,58,22,15,21,43
0.733869047619048,0.77233601792586,0.6264936686285,40,54,19,17,21,37
0.75841518478098,0.818452883049823,0.611463598936891,37,62,23,22,14,40
0.776716847876591,0.809927108340084,0.636532634726578,34,61,19,16,15,45
0.785859493697973,0.834510353686838,0.646225507179428,37,63,23,24,14,39
0.763001609590942,0.815706522581651,0.629332983193277,43,68,23,19,20,49
0.751340541490858,0.790053441306125,0.588521772345302,36,68,19,20,17,48
0.698828643883589,0.729295895264302,0.488875791955209,26,66,11,14,15,52
0.757147082018928,0.811473538057548,0.567009451544196,32,48,17,10,15,38
0.774244721473495,0.814403915369267,0.638328674121406,28,48,17,15,11,33
0.731665776964336,0.784553210719211,0.618840170175356,31,51,15,12,16,39
0.741458333333333,0.79821841855736,0.586702315938511,40,64,24,20,16,44
0.729320456605798,0.768499069321043,0.640035790390751,43,69,19,18,24,51
0.723266932270916,0.78350036992827,0.635658602150538,45,60,21,24,24,36
0.718168738009842,0.745065004972337,0.588893053473263,38,58,16,16,22,42
0.74402710091525,0.810260216306533,0.594070772555375,47,66,23,14,24,52
0.765148809523809,0.808907114684576,0.615899734222732,40,62,19,17,21,45
0.746676587301587,0.803850075115079,0.610760070873938,40,62,22,18,18,44
0.71792838406637,0.752265516195098,0.589045754900328,39,58,17,14,22,44
0.735704365079365,0.781824675355044,0.589382332119741,40,64,22,20,18,44
0.731984406017555,0.757989102822648,0.576241403721683,33,64,13,16,20,48
0.808055555555556,0.844191029405581,0.581904277991842,40,57,27,13,13,44
0.775544656940063,0.794780042438091,0.648366935483871,32,60,20,24,12,36
0.772972679671179,0.814657221430056,0.663872,29,50,15,15,14,35
0.777402597402597,0.810187413775756,0.642446976011855,35,61,20,22,15,39
0.749033052039381,0.793975686620127,0.565178942987932,36,54,19,17,17,37
0.731962632413045,0.783565581675381,0.599449980159605,38,74,18,21,20,53
0.787752067651705,0.833474163953563,0.588166054203032,34,56,20,15,14,41
0.779036327626903,0.844639269212171,0.603620053189378,29,61,18,14,11,47
0.70152926035279,0.749484139446766,0.684330598656441,42,54,18,21,24,33
0.763926661856395,0.800620957968963,0.605280050260178,43,59,17,16,26,43
0.844253065309867,0.87263866501427,0.6875,38,48,27,19,11,29
0.696594277300994,0.745256647422596,0.598099600929027,41,63,17,15,24,48
0.736220991561181,0.785672498952953,0.606618913642627,36,56,14,15,22,41
0.788820763009845,0.827665733801379,0.608233878493198,36,66,22,19,14,47
0.753929522763781,0.809714879631588,0.632628068164052,39,62,20,14,19,48
0.730949725861909,0.76426139590106,0.591149193548387,34,60,15,15,19,45
0.801281323340147,0.846002161978587,0.611548914899138,42,59,27,22,15,37
0.741341560509554,0.793538143015511,0.649442193483932,44,43,26,18,18,25
0.754550237975652,0.78984617150856,0.669074371321562,33,54,16,16,17,38
0.73134467056965,0.771503783888665,0.667388813011193,34,51,16,14,18,37
0.794324922532094,0.823158840890963,0.618578074433657,45,64,28,23,17,41
0.783613087739607,0.822365090802196,0.565514469453376,23,56,12,13,11,43
0.72324037184595,0.778312238522762,0.6223483084219,45,57,24,23,21,34
0.544306777085874,0.582652308448049,0.608030089487358,37,47,9,10,28,37
0.756563051760989,0.83231529054206,0.57241935483871,34,60,16,12,18,48
0.782449594604291,0.814886899636409,0.615621301775148,33,65,13,11,20,54
0.803805759457934,0.84650159972462,0.606932630670611,35,52,22,17,13,35
0.755750332005312,0.803688797198367,0.516914441747573,45,64,23,16,22,48
0.742556035568299,0.782908212446932,0.567970384057692,41,63,19,16,22,47
0.751485036702428,0.815086303598877,0.550368,35,50,16,15,19,35
0.748144533235731,0.803154123311809,0.666800966962127,39,59,22,25,17,34
0.804112984944991,0.844344509262641,0.581608221600118,44,66,31,21,13,45
0.719016246771996,0.762614394575886,0.621168309602045,39,55,16,15,23,40
0.751574359829844,0.796855767408279,0.59463467037872,38,53,20,17,18,36
0.711162315455835,0.748046346935085,0.563917782622236,38,65,14,17,24,48
0.753624198494564,0.801230759316135,0.608806133625411,34,55,19,15,15,40
0.677376637858935,0.706251579414816,0.551978837972338,34,51,9,6,25,45
0.752990385343326,0.797401646758998,0.610799001248439,42,54,23,16,19,38
0.711309523809524,0.776521574060312,0.585207396301849,28,58,15,17,13,41
0.748978194346365,0.775887303667828,0.568023034254986,37,57,16,16,21,41
0.751236589497459,0.79779528176039,0.651306291298795,35,58,22,26,13,32
0.735321946524413,0.795680059102753,0.565636483693156,49,56,28,15,21,41
0.746402952706648,0.780681432734054,0.624658634538153,38,55,17,18,21,37
0.753718088634953,0.795863374630344,0.618777273771245,37,56,19,24,18,32
0.732945497973364,0.788598876866012,0.622249509534093,44,57,23,18,21,39
0.728779507785033,0.774912297935526,0.612156373274162,33,52,15,17,18,35
0.742590279354985,0.772378564810664,0.578564164201183,42,52,18,14,24,38
0.736612083568605,0.765275596424485,0.616793455250686,35,59,15,18,20,41
0.737341847839085,0.792472301268026,0.579722444089457,33,48,16,11,17,37
0.758118776960851,0.784621388838776,0.555545188332568,29,56,12,14,17,42
0.784043688230009,0.838701445367237,0.595250057418466,28,56,14,11,14,45
0.745172658270081,0.774284987577739,0.608008495752124,38,58,12,12,26,46
0.723183508515733,0.768327062002132,0.634831989247312,47,60,23,24,24,36
0.790035981861199,0.832988647806425,0.553640739015681,32,57,17,14,15,43
0.730419303797468,0.775435015327362,0.680858412219972,36,51,16,18,20,33
0.66628,0.710283311853777,0.558580128677373,50,66,17,15,33,51
0.705527380111703,0.741961652739864,0.607530302288781,37,49,16,15,21,34
0.698092475386779,0.747075789557385,0.531913626801096,36,61,15,13,21,48
0.706228455961013,0.730769571428822,0.647781964968737,47,57,18,13,29,44
0.731528489747634,0.772870073168044,0.557246210381259,32,56,14,13,18,43
0.749394352335529,0.781355887648673,0.610039650460022,42,63,21,20,21,43
0.780447872714487,0.832225438997861,0.628055135754859,36,62,22,21,14,41
0.711529819605829,0.745414577292052,0.573654293539921,37,71,17,14,20,57
0.777762716876972,0.804636530869607,0.539244329649546,32,57,15,11,17,46
0.709882647679325,0.794273397111204,0.654771451483561,36,53,13,15,23,38
0.709036827801674,0.753521543574349,0.653074762529816,37,57,18,16,19,41
0.74025974025974,0.772994041677477,0.608467747109623,35,63,16,15,19,48
0.772118180524207,0.800821231047586,0.655565905915231,39,57,20,16,19,41
0.78084344233474,0.828231913235248,0.570478276743337,36,55,18,16,18,39
0.777438959149173,0.812074934549151,0.577224462365591,37,60,18,18,19,42
0.78583593889016,0.815444452718613,0.604813856015779,31,52,18,17,13,35
0.705876219868212,0.764112066346699,0.56051397279112,38,66,15,19,23,47
0.785456349206349,0.83125015994906,0.681784992613472,40,47,23,18,17,29
0.725196850393701,0.756627443246007,0.585048,30,50,15,15,15,35
0.758421615091534,0.801754838221967,0.595588724707135,34,48,19,12,15,36
0.769631075178887,0.821587596108459,0.632641129032258,34,60,20,23,14,37
0.756981228510362,0.79864476336577,0.590340778594396,34,56,19,15,15,41
0.79551204768131,0.825387370316186,0.586104612299465,47,68,28,18,19,50
0.746838287218335,0.79096377637579,0.615223866539517,37,69,17,23,20,46
0.799589047116737,0.829133821699559,0.567988462403578,36,61,23,17,13,44
0.644553569613046,0.695742310085677,0.637053456597721,39,53,12,7,27,46
0.764762861447944,0.807205705834608,0.619036474585674,33,46,20,19,13,27
0.771585661291544,0.817467483085564,0.635289331447723,42,41,20,13,22,28
0.808250815118947,0.847065803260396,0.626910749506903,26,52,15,13,11,39
0.726378790401658,0.763043306367812,0.633168986192109,43,59,20,18,23,41
0.739109092119276,0.785210730917335,0.544009588826932,48,62,21,18,27,44
0.738819444444444,0.792489845400304,0.563986393981736,40,57,25,21,15,36
0.712724189201747,0.75384270666824,0.594577254237723,34,63,15,14,19,49
0.708473128774477,0.750129867066181,0.564395853535285,39,59,13,16,26,43
0.755942917707623,0.791402494729244,0.565894866789159,42,56,19,15,23,41
0.678050281293952,0.719492523361982,0.554341000365097,36,55,15,13,21,42
0.760343326519797,0.801180499046901,0.66793511975912,42,53,18,16,24,37
0.732271825396825,0.788057796224357,0.631402963187702,40,64,21,21,19,43
0.678624421750895,0.723880166570819,0.568729408962807,27,61,9,11,18,50
0.782244094488189,0.808260179520065,0.615108236773556,30,63,16,20,14,43
0.677068164482352,0.720020948315806,0.603390059427337,46,66,19,17,27,49
0.783513537271449,0.826655610960125,0.614305810748737,36,56,22,22,14,34
0.724763406940063,0.768453404557038,0.53431709612044,32,44,15,10,17,34
0.788076695583596,0.832943222256541,0.623097616075144,32,54,18,16,14,38
0.742633526414692,0.787309330628955,0.601421762110927,41,59,19,16,22,43
0.724820318099924,0.766175855287502,0.669493577037721,41,53,19,13,22,40
0.788002930084918,0.831848675961762,0.575308616231546,29,38,13,4,16,34
0.709154317218923,0.764897266460351,0.526632533908201,43,63,18,11,25,52
0.730540531169822,0.763367755427445,0.615813467699821,46,57,21,12,25,45
0.716162531363256,0.745873680034002,0.594649437095651,34,47,13,10,21,37
0.738246560099292,0.754548553270721,0.598580328433624,37,56,16,10,21,46
0.676046671242279,0.732552568959803,0.619099200929371,31,51,11,14,20,37
0.658373802870398,0.704625659840762,0.628605769230769,29,52,10,14,19,38
0.717324213862708,0.756963282478253,0.584453441295546,38,65,19,17,19,48
0.763670634920635,0.803859173565882,0.612296164446486,40,56,20,14,20,42
0.700555555555555,0.744463309291658,0.685658381603673,40,41,19,13,21,28
0.78250902086329,0.828531390584768,0.507512019230769,29,52,16,15,13,37
0.751251938280078,0.793022601836754,0.58570281124498,31,55,13,13,18,42
0.679082443788326,0.732052196978813,0.672241746764337,42,57,18,23,24,34
0.800250573602222,0.832221857998981,0.594610026264703,26,49,18,15,8,34
0.826443829113924,0.852463832761847,0.587941007869092,36,62,21,18,15,44
0.713284543450814,0.781644675391228,0.573665524758642,37,65,18,17,19,48
0.770007923930269,0.796204203399554,0.645913978494624,38,60,15,13,23,47
0.756706507304117,0.795880072005725,0.601095588993685,45,71,21,20,24,51
0.693263888888889,0.713422956137239,0.573997944501542,40,49,12,15,28,34
0.765590062111801,0.815462689720214,0.587677997243914,35,56,16,16,19,40
0.798115079365079,0.835261639338404,0.707936373516252,40,57,24,22,16,35
0.748738426891317,0.797888290769858,0.583465211838525,38,58,20,20,18,38
0.788730158730159,0.832534823077151,0.614877012871958,40,62,22,14,18,48
0.725546431590388,0.768324291487863,0.560023828663298,26,56,10,14,16,42
0.770558632208158,0.820240915317521,0.569356759490367,36,49,21,13,15,36
0.784247184727624,0.821541614633789,0.654987226715219,31,57,17,18,14,39
0.756116933687208,0.795692641615193,0.610632336147117,41,69,19,20,22,49
0.715638933599749,0.754627111108731,0.586405393014213,43,47,22,14,21,33
0.694277152250444,0.746510118274535,0.611644557917522,27,43,11,15,16,28
0.783674615935993,0.829678017963645,0.600013617587871,41,53,22,14,19,39
0.77784086607616,0.78829253847249,0.561963296127098,42,51,19,9,23,42
0.664406495898209,0.705896034152559,0.532049731182796,33,60,11,13,22,47
0.763439736084007,0.823005271196582,0.560083837913367,34,57,20,19,14,38
0.720406558849955,0.799248785407224,0.598906608097784,28,68,13,14,15,54
0.787321823815848,0.820049290626811,0.599203011734551,45,82,24,22,21,60
0.689402607308786,0.721991214214497,0.588302822978304,46,52,17,12,29,40
0.747582630098453,0.778253356252645,0.592409393491124,36,52,13,11,23,41
0.706516092603049,0.760985722606872,0.643234757210661,35,55,19,22,16,33
0.798541666666667,0.833232776367351,0.551629005145578,40,63,21,15,19,48
0.71989501312336,0.78146928661475,0.611150054764513,30,55,15,14,15,41
0.729039333596215,0.770598903250297,0.52844,32,50,16,11,16,39
0.766230771317724,0.819764661688614,0.587239583333333,29,52,18,16,11,36
0.768956261819069,0.819398096489001,0.633662634408602,39,60,21,19,18,41
0.772619047619048,0.841629075143523,0.588924731182796,40,60,23,18,17,42
0.670041287847193,0.700438834643003,0.600845536505289,38,62,12,16,26,46
0.708490813648294,0.77331788225276,0.52600006656017,30,48,16,11,14,37
0.809130727762803,0.855910734879853,0.63265818787322,28,56,15,16,13,40
0.700526937755478,0.766609810220562,0.5898430533262,41,54,19,18,22,36
0.724743746121418,0.768498479747203,0.570810574303821,37,57,17,18,20,39
0.741469816272966,0.806216957364447,0.54441620593306,30,54,16,15,14,39
0.809369482390113,0.848838692103026,0.600396505376344,34,60,19,16,15,44
0.778262823393465,0.817613740336611,0.573883210840606,37,56,21,17,16,39
0.665202627137599,0.695474418525818,0.585727616521782,39,66,12,17,27,49
0.776642313730226,0.823632875878408,0.595417510478972,26,51,15,15,11,36
0.69136119492414,0.737172325496454,0.521318725345168,37,52,14,9,23,43
0.768376544930768,0.801438871411353,0.634350669573342,34,65,18,19,16,46
0.737351255418812,0.773981113001957,0.615643582333449,27,53,12,16,15,37
0.693727115984424,0.755281700298814,0.629024393373625,41,63,18,14,23,49
0.791542182387253,0.827518743368803,0.629119899475302,22,47,12,19,10,28
0.773240339116719,0.814254898127966,0.612478449557101,32,54,19,15,13,39
0.769974861987382,0.791539525146329,0.624755718008107,32,44,13,16,19,28
0.776509186351706,0.797030069766905,0.626650780891135,30,56,16,12,14,44
0.703630623520126,0.774829015045264,0.537093953235639,33,47,15,10,18,37
0.787419044356352,0.836150223833974,0.666232921275212,49,53,29,23,20,30
0.811377593521765,0.828773283565624,0.607062709065504,41,57,22,13,19,44
0.749063138769021,0.806994691301128,0.61351511933657,42,64,23,15,19,49
0.738084467284308,0.791281649665897,0.635316506410256,44,52,21,19,23,33
0.776237695425594,0.821669334463911,0.601657135653629,44,71,28,23,16,48
0.718677109413452,0.765044597244872,0.60174773724249,37,58,21,18,16,40
0.769383202099738,0.798730181454309,0.624169986719788,30,45,14,11,16,34
0.696578204404291,0.760674047396226,0.549788989196793,35,59,20,20,15,39
0.751478706624606,0.785355788484108,0.577654280286975,32,51,14,16,18,35
0.757312668914879,0.816748348225873,0.616243279569892,33,60,20,19,13,41
0.737719587434654,0.763468184973556,0.658907458887363,51,73,21,26,30,47
0.792688697100462,0.831062505875174,0.60673102708501,42,57,19,13,23,44
0.756273291925466,0.782648460809816,0.631610013986732,35,63,20,22,15,41
0.69924182631365,0.744212380874397,0.547656349239954,33,57,12,10,21,47
0.812365647319881,0.855165531377971,0.655110055385791,46,68,32,31,14,37
0.818081926863573,0.856544418265366,0.62824540078395,36,59,23,21,13,38
0.680954372270235,0.727420234374933,0.660044379724014,34,46,12,14,22,32
0.785166778975741,0.842102594548267,0.645505569591181,28,56,17,19,11,37
0.853102363059226,0.875382511614592,0.575359035996055,29,52,21,17,8,35
0.772524858171171,0.82902556916992,0.558772939573162,39,61,21,13,18,48
0.735716073066978,0.794227673744711,0.542329492369978,38,65,20,16,18,49
0.734419496696953,0.779570272363327,0.603103702896709,41,67,19,19,22,48
0.761896321628159,0.808552839380993,0.607848246391162,38,62,20,16,18,46
0.710684430512017,0.785754108146145,0.5862447231847,24,53,8,10,16,43
0.820079051383399,0.863948074904357,0.655085909330048,35,63,24,29,11,34
0.694447058823529,0.752819628739574,0.623650666054203,25,56,10,13,15,43
0.707442209497708,0.749472211641842,0.614673814694173,49,72,19,18,30,54
0.728317391025229,0.768826856331447,0.560108834471653,37,58,18,15,19,43
0.740782441194824,0.768657439181092,0.610816903965744,29,53,13,10,16,43
0.763547449114459,0.803107763308912,0.635299625468165,39,54,23,19,16,35
0.732191235059761,0.80194669795372,0.569486090288189,45,58,20,13,25,45
0.773753369272237,0.827510736820067,0.564932811372092,28,58,15,10,13,48
0.791453773608887,0.84503729574787,0.604816,31,50,16,15,15,35
0.727313566936209,0.801235203390724,0.564301182741962,28,58,12,11,16,47
0.745882936507936,0.796147980237083,0.57268559945996,40,51,21,11,19,40
0.754458468297405,0.793419842654547,0.589398734177215,21,36,7,5,14,31
0.745389292177556,0.776959710075393,0.649366967590379,39,59,17,13,22,46
0.673321777834842,0.730649025171771,0.564547292075382,37,54,15,13,22,41
0.775620038090347,0.826611927732133,0.654328583336641,37,61,20,25,17,36
0.741023622047244,0.777383814358496,0.632889606682001,30,49,14,13,16,36
0.723635170603674,0.79987490256305,0.599481303132988,30,54,12,14,18,40
0.752232142857143,0.784673212061153,0.558973229579602,40,49,19,16,21,33
0.673153296266878,0.725473990941318,0.589527710355987,41,64,16,17,25,47
0.786934060414723,0.836480066023308,0.599256678281069,33,70,20,20,13,50
0.757762459586409,0.804482272439022,0.55468117920712,39,64,21,19,18,45
0.716958948663854,0.766686319346936,0.586139765372168,36,64,17,12,19,52
0.729933020906893,0.773250110510949,0.554479418886199,37,61,16,13,21,48
0.753136325620295,0.800321640045711,0.578847256240554,34,62,19,20,15,42
0.809980158730159,0.850948838408305,0.616216336721955,40,54,23,19,17,35
0.76385791283338,0.810185273235805,0.582090053763441,34,60,18,14,16,46
0.720379267393681,0.761864891028721,0.565503432494279,31,46,13,11,18,35
0.734951103122125,0.778736834937726,0.710889609617768,37,47,16,11,21,36
0.821752160579872,0.870703126547086,0.667308859437411,34,57,23,22,11,35
0.747008871646002,0.79793744744116,0.594515242378811,29,58,13,11,16,47
0.740247781684246,0.775418204342692,0.658424724391364,33,56,14,13,19,43
0.708721326368385,0.766339209103118,0.589675063891931,42,55,19,14,23,41
0.68398382559775,0.72064116191996,0.644936526909867,36,53,13,16,23,37
0.751567481971282,0.79107270079624,0.603186943770226,37,64,19,20,18,44
0.771175661022604,0.807031379271494,0.629813439046163,38,53,20,16,18,37
0.708377285513362,0.749623021865262,0.614837531945966,36,55,15,18,21,37
0.784042913608131,0.834076262396306,0.623084799757282,35,64,20,18,15,46
0.73574280362776,0.808250753417676,0.566722140039448,32,52,17,10,15,42
0.763504050268756,0.795702876088264,0.625866381781229,42,62,22,23,20,39
0.709861041352754,0.750666784720478,0.617404502579603,33,62,11,17,22,45
0.707817080738696,0.754924203242417,0.576549041400389,37,61,15,11,22,50
0.736429707017942,0.781994193020437,0.647748364995329,42,65,19,22,23,43
0.743438320209974,0.769381954784833,0.560284439421232,30,69,9,9,21,60
0.711787551597226,0.766791190253557,0.578563087859773,39,63,16,14,23,49
0.6969826507632,0.746150198443415,0.624060034516765,38,52,16,13,22,39
0.732761825109191,0.77666828508755,0.656421191318217,34,46,17,14,17,32
0.68338212062076,0.732829498115515,0.594793720335889,34,55,15,13,19,42
0.712684599156118,0.760404952977306,0.60034890776699,36,64,13,15,23,49
0.733016124768702,0.76753472755157,0.64313944386701,39,63,18,17,21,46
0.776617689635206,0.814462047310713,0.639487466777841,44,62,25,25,19,37
0.714672462441851,0.758112207940667,0.607796801617027,31,54,12,17,19,37
0.734093732354602,0.771005712075099,0.63625,35,40,15,12,20,28
0.750635999666361,0.817577709975756,0.615399453286892,38,74,18,18,20,56
0.71664029535865,0.757308140194538,0.591785318047337,36,52,15,13,21,39
0.715394766397125,0.776549296149145,0.653976,28,50,11,14,17,36
0.676156955673264,0.709312727460397,0.589353778751369,34,55,13,16,21,39
0.775838354094423,0.80359310324406,0.584171347867178,41,77,22,25,19,52
0.779423380726698,0.806368975455973,0.607011099075339,34,51,15,12,19,39
0.736153974476603,0.78927090417492,0.633541538051833,38,67,19,24,19,43
0.820203921568628,0.851364271472831,0.616626826029217,25,45,14,13,11,32
0.712875197472354,0.752916214751969,0.555722028245349,34,62,12,15,22,47
0.749297739204557,0.816935272317893,0.590017491254373,41,58,23,21,18,37
0.758459602967568,0.788105981542867,0.622964704692557,43,64,19,21,24,43
0.784162717219589,0.842985906007882,0.680237399613273,34,57,19,21,15,36
0.759967470180999,0.794705049171641,0.63048557867835,38,55,16,15,22,40
0.78091307277628,0.827719024207015,0.594740584951052,28,53,17,17,11,36
0.781301491515268,0.815272045451671,0.625776929476827,37,49,17,10,20,39
0.730550776118851,0.792168760232289,0.650272086179133,43,58,23,23,20,35
0.798627908916507,0.833685841076347,0.643076762728647,38,62,19,12,19,50
0.739669598339432,0.792807129531758,0.613514615757683,37,74,20,19,17,55
0.729245892229317,0.780388466379742,0.618728077997741,33,54,16,12,17,42
0.713204701477013,0.732421305314397,0.555319459656809,46,55,17,14,29,41
0.720920982035485,0.749188637263404,0.619983948635634,43,54,18,9,25,45
0.721974826653653,0.782342354671903,0.681983931246312,39,53,15,18,24,35
0.752058241290633,0.791605973625522,0.642741281427413,43,67,16,18,27,49
0.697300959909656,0.745706026591046,0.585564516129032,35,60,13,10,22,50
0.796000173340267,0.828837788584347,0.571106970967241,18,57,11,13,7,44
0.709312462465371,0.772257247713914,0.637544751125996,41,63,21,26,20,37
0.746004378232821,0.800127328047574,0.623329240236553,41,57,21,19,20,38
0.757608493634421,0.793226524363485,0.553304266583619,34,65,17,19,17,46
0.7176171875,0.766308311415092,0.546623794212219,20,56,10,11,10,45
0.752262144411232,0.787601043445455,0.552463407038306,39,65,20,17,19,48
0.696508224142738,0.747049370228697,0.580651675439054,34,62,10,15,24,47
0.73051993309172,0.778944229900525,0.574094896995947,34,58,14,14,20,44
0.731467998058387,0.789509642608955,0.642920774005111,46,55,24,16,22,39
0.706871056782334,0.745089794204596,0.602474136171683,32,51,12,15,20,36
0.809720024613221,0.872123872573595,0.621586021505376,36,60,23,22,13,38
0.797283945833898,0.854257667775919,0.68273083086785,41,52,27,22,14,30
0.790653041510969,0.832302393443618,0.568190865662999,31,44,18,11,13,33
0.685503378096588,0.771608215713711,0.599006052529291,38,58,18,17,20,41
0.775322925378682,0.828540443065744,0.614819923790273,34,59,18,20,16,39
0.699548277809147,0.756444466288238,0.561007119889756,35,56,14,15,21,41
0.730042016806723,0.784315001949342,0.647358921467512,42,66,22,16,20,50
0.698294748729531,0.738944109894484,0.597073081286744,35,71,12,19,23,52
0.690792029749681,0.733029874832238,0.557946560650888,43,52,17,12,26,40
0.693910761154856,0.748114545266216,0.617423638778221,30,45,14,13,16,32
0.722060367454068,0.750655245139319,0.624601275917065,30,46,14,14,16,32
0.711636005753653,0.76188556303908,0.599425849885409,42,68,19,20,23,48
0.711235299024105,0.744293485766231,0.552823815228967,38,48,12,10,26,38
0.728083125141949,0.761469081774265,0.595364894350023,42,56,17,16,25,40
0.804042480301473,0.840244301272874,0.640667828106852,49,70,32,23,17,47
0.684181092554462,0.735282497940416,0.604358061552595,31,56,13,12,18,44
0.759983723219017,0.803678875028982,0.580830845199816,42,56,22,21,20,35
0.779340981470759,0.828449656802108,0.616602787456446,44,70,23,20,21,50
0.798304695971307,0.827113536386742,0.56254604390747,38,66,18,19,20,47
0.700022461814915,0.727984194553967,0.600614829881657,28,52,9,11,19,41
0.749451131804073,0.798401639018654,0.576949332524272,42,64,19,16,23,48
0.778582677165354,0.832065817144526,0.65118608955528,30,47,17,15,13,32
0.713109128345916,0.750209317624598,0.560090894976782,31,57,14,18,17,39
0.737546793865475,0.767858127255569,0.640992883639943,26,42,10,11,16,31
0.727250996015936,0.76082580535157,0.595502719009249,45,61,18,15,27,46
0.739099859353024,0.79486897546737,0.649862568715642,36,58,17,18,19,40
0.694982266936885,0.762750909740269,0.567808,44,50,17,14,27,36
0.748977978543196,0.800309473704486,0.58119183733881,35,43,15,12,20,31
0.768379860129022,0.80614202161447,0.581264201368041,41,69,21,17,20,52
0.69748380001189,0.745135205091748,0.631888168557536,54,66,23,21,31,45
0.733902548629389,0.779104155597249,0.696923805695912,37,56,15,23,22,33
0.669849456370226,0.727987460297515,0.643911408413206,34,48,12,16,22,32
0.736839100148453,0.795373093801653,0.637818567961165,49,64,23,20,26,44
0.724785343569874,0.774673912101378,0.629796213004609,33,58,14,17,19,41
0.856016731016731,0.886074254867331,0.67958381920151,42,58,31,23,11,35
0.730282510961869,0.772163257366125,0.574255482817627,43,51,22,18,21,33
0.725736888801262,0.769020888201279,0.620452708164915,32,63,14,18,18,45
0.73761154855643,0.784384679012632,0.573976515847497,30,56,16,18,14,38
0.732072663971249,0.781240870552457,0.553794364187623,28,54,11,13,17,41
0.673136073616513,0.724309971181938,0.571337365591398,31,60,10,8,21,52
0.737480283911672,0.789422792375167,0.667806509584664,32,48,14,13,18,35
0.699325536342111,0.734651261969999,0.576189516129032,33,60,13,15,20,45
0.706522309711286,0.737386157680293,0.541973027421694,30,63,9,14,21,49
0.742639496783143,0.759752962727043,0.559617918313571,33,46,15,14,18,32
0.749907544378698,0.776548640217932,0.593781603964401,52,64,22,20,30,44
0.699699058541247,0.739857116514137,0.612557721060083,39,61,12,18,27,43
0.700450556523651,0.742604353734573,0.645573104119913,51,57,22,17,29,40
0.736946202531646,0.810919212498183,0.547906153165117,36,45,16,14,20,31
0.7457481648786,0.781993159600327,0.537316127411733,35,51,13,8,22,43
0.794961881765647,0.841298054483027,0.633218017914561,29,56,19,18,10,38
0.732490209924889,0.78024610558337,0.604140657511444,37,54,19,14,18,40
0.761402224526729,0.798706446617673,0.589805924691678,39,59,24,18,15,41
0.785417247467707,0.818027118443557,0.720588724707135,34,48,20,21,14,27
0.797955957086392,0.839603062323214,0.583172420289172,35,51,22,15,13,36
0.730148363564669,0.766057984788807,0.625659392525959,32,58,13,13,19,45
0.796002653484839,0.830663259235022,0.573125,37,60,22,15,15,45
0.775764750902872,0.816035451258496,0.650082918739635,33,67,13,21,20,46
0.681385019601301,0.712517529945514,0.585712365591398,38,60,16,13,22,47
0.771295660794631,0.809338396981014,0.60618444020294,31,49,17,12,14,37
0.698335806348375,0.754591054433984,0.586954912952582,27,43,13,13,14,30
0.654806491885144,0.695596124115514,0.568780186657951,54,67,19,15,35,52
0.716789796487315,0.759617302842549,0.56027405792588,34,65,14,15,20,50
0.784760408483896,0.822237507062796,0.582418876277493,27,51,15,17,12,34
0.739022943037975,0.79328742642052,0.652587365591398,36,60,17,16,19,44
0.743296740921444,0.788192966060394,0.604484353741497,37,75,17,14,20,61
0.763234424290221,0.792009298038193,0.596479103501576,32,54,17,15,15,39
0.801246466987942,0.837814475310213,0.605496040987424,39,57,24,16,15,41
0.717233827493261,0.764448051173229,0.577177522856878,28,61,16,22,12,39
0.710754459531416,0.745606934588884,0.604465507014804,48,67,21,18,27,49
0.761797134725312,0.807857761410686,0.595936481520006,33,46,17,14,16,32
0.731123388581952,0.793211073395167,0.576657819795037,33,41,19,13,14,28
0.702328599934133,0.768856510882671,0.576989247311828,41,60,20,16,21,44
0.682479748656219,0.724436159756578,0.571669401926963,42,73,16,16,26,57
0.814852944914716,0.844742438532061,0.614413099106736,31,51,21,21,10,30
0.740056444476334,0.791972269970917,0.640211756115371,33,55,18,17,15,38
0.77089905362776,0.816531878561565,0.560553566616622,32,63,15,13,17,50
0.750443611987382,0.775184714145971,0.551865644395765,32,55,13,14,19,41
0.785439668769716,0.831294011138921,0.698294193786982,32,52,16,23,16,29
0.788362812142816,0.806154828143197,0.651821862348178,41,65,19,18,22,47
0.732390107598632,0.795929408711181,0.60430814298338,38,67,22,23,16,44
0.721095204468126,0.776889578312388,0.621083052155362,37,53,15,14,22,39
0.62845930173448,0.663056284581419,0.62821978518299,39,57,11,9,28,48
0.7699102671649,0.803369942145864,0.588255925871548,31,49,16,12,15,37
0.721035513361463,0.781844312837232,0.57551201209026,36,62,16,18,20,44
0.761218617065644,0.809443999892848,0.576476269863322,38,61,19,14,19,47
0.705719728649754,0.749320413433724,0.591547748002323,34,51,13,11,21,40
0.780753123829628,0.812197088315053,0.62377695686901,23,48,10,12,13,36
0.710262467191601,0.74004911700843,0.602941584763174,30,58,13,17,17,41
0.743524238033504,0.770955121574623,0.588151699586587,31,56,12,13,19,43
0.777706949977866,0.818815288832451,0.661540503640777,45,64,22,23,23,41
0.726732955123122,0.776292286573113,0.559216184389844,39,61,17,15,22,46
0.720974834847633,0.776731244025919,0.599280661078414,41,54,22,18,19,36
0.753325965468346,0.797389602490305,0.623737744498279,38,49,19,17,19,32
0.7604758119464,0.800108307255014,0.580141823610473,42,56,21,18,21,38
0.775635109167663,0.807967932939339,0.617207491483383,53,51,26,15,27,36
0.71939586645469,0.789019127203848,0.635834860347604,42,58,23,21,19,37
0.757213596932127,0.802673245772796,0.526493035282342,21,38,12,7,9,31
0.765728092184741,0.799485907866804,0.56434630421589,34,57,16,15,18,42
0.715102403285786,0.777182795472388,0.635160843007598,43,71,19,19,24,52
0.783778249376373,0.804666633551127,0.498835253815011,21,65,10,14,11,51
0.721082352941177,0.762134204397361,0.536702633612746,25,54,11,10,14,44
0.780802765703246,0.838450756123581,0.611045857191798,31,49,19,17,12,32
0.758050950921078,0.797560495465895,0.627793496845259,29,53,17,17,12,36
0.69937426141537,0.754743615920876,0.566744970567749,41,59,21,14,20,45
0.711717647058824,0.768222242823626,0.598583770861388,25,53,12,15,13,38
0.753889071853387,0.777262334525197,0.606451710520343,41,53,19,16,22,37
0.695152306782334,0.751641430571156,0.563178925362865,32,61,13,15,19,46
0.731254395218003,0.756894188233754,0.631245741539859,36,42,14,9,22,33
0.689198026276678,0.735286115820392,0.622857423505722,54,66,23,22,31,44
0.680030608884326,0.740584071815234,0.594925155166119,41,55,16,14,25,41
0.739742063492063,0.789617235849304,0.687503715593603,40,54,19,20,21,34
0.774459921594795,0.823432462727436,0.638756346470598,38,47,21,17,17,30
0.742328573820286,0.77154179218111,0.609486141388975,33,65,15,12,18,53
0.738134957043957,0.800052656808121,0.735712975116794,38,57,20,25,18,32
0.740088783403657,0.798488131793173,0.590544871794872,36,52,16,13,20,39
0.714954465198402,0.767418879725214,0.568054034319095,34,55,17,16,17,39
0.799753653344814,0.83797134931652,0.573655913978495,33,60,20,18,13,42
0.655362326704468,0.712690349935339,0.57764,29,50,11,11,18,39
0.763829149814898,0.791779290163108,0.592555370145631,37,64,21,27,16,37
0.751989120211495,0.81194224989427,0.649211261980831,31,48,13,15,18,33
0.741292680141601,0.791244402915194,0.615403301152289,49,65,24,20,25,45
0.634027301151529,0.684115756869576,0.590660763905242,31,51,9,11,22,40
0.785882749326146,0.842376109763984,0.561867678381257,28,48,17,10,11,38
0.762213519933235,0.797876350872044,0.590696154265171,37,67,19,19,18,48
0.784209629797865,0.821468139040139,0.628338608473541,42,58,23,18,19,40
0.808126199015764,0.845687711107379,0.628189464364763,38,45,21,7,17,38
0.753473571256776,0.811906862203409,0.634008932107786,43,59,20,15,23,44
0.735568551745022,0.781835265304507,0.605372869873365,42,62,21,15,21,47
0.748407843137255,0.795819049666592,0.617437100638978,25,48,13,15,12,33
0.726821273659306,0.764873559855016,0.60833150784958,32,55,14,12,18,43
0.747234389038634,0.790713406329651,0.594609510712218,28,44,14,12,14,32
0.691152489350373,0.734072535845817,0.607633596534455,48,71,18,18,30,53
0.734748593530239,0.784693412426467,0.58376,36,50,17,13,19,37
0.786383965941977,0.835096861073301,0.670682135749672,33,57,18,18,15,39
0.699265743464639,0.741164594797683,0.588254483869177,33,58,13,15,20,43
0.748472661744023,0.803514883850956,0.638305904832347,36,52,19,17,17,35
0.747419536984754,0.784157349212579,0.627547032153838,35,62,17,14,18,48
0.784715020638891,0.828242776207029,0.594518841482404,39,65,19,20,20,45
0.725469303938472,0.761993786873043,0.556150731859234,41,65,14,14,27,51
0.750553342186808,0.801128020340117,0.577967960464212,45,58,26,18,19,40
0.700843253968254,0.754725726410015,0.643884060650888,40,52,16,15,24,37
0.759735089751013,0.801081519444265,0.656317204301075,44,60,21,24,23,36
0.739207791943716,0.771148737210363,0.585889051018813,39,62,22,19,17,43
0.792539682539682,0.82741886068226,0.604923393610923,40,62,21,19,19,43
0.66511510990916,0.715498136018311,0.606410539757379,46,66,22,19,24,47
0.727550100547812,0.785136050699944,0.60621078349714,46,58,26,21,20,37
0.715652173913043,0.735621041445187,0.591350158254206,35,58,14,17,21,41
0.72432859399684,0.792996781895573,0.619741746538871,34,48,18,14,16,34
0.806812585963899,0.837081796952427,0.635115005476451,47,55,29,17,18,38
0.695699901582254,0.746055755376109,0.576465053763441,42,60,20,16,22,44
0.783718408541163,0.81572135553473,0.625668806848582,38,54,24,22,14,32
0.736126998652736,0.786500712547998,0.646685537732882,31,43,18,16,13,27
0.666491748697163,0.680972073155408,0.585936569682054,44,61,14,19,30,42
0.677303488708743,0.720798723884259,0.549207372572816,44,64,15,13,29,51
0.675128154574132,0.706328434378978,0.598973882118795,32,49,10,7,22,42
0.786534990721676,0.814171879910396,0.623107351048528,31,42,15,13,16,29
0.651923588924388,0.70333830894002,0.5652291644592,48,69,18,14,30,55
0.813017173553271,0.844561523275346,0.66584,29,50,17,17,12,33
0.748368320814877,0.802306200869494,0.644562708990722,37,51,19,15,18,36
0.766357989836251,0.806175551195034,0.612212127263046,35,48,15,9,20,39
0.702852131472584,0.763000392163827,0.614253856685156,31,57,14,18,17,39
0.777820440429136,0.8188258505153,0.681937586127699,35,56,20,21,15,35
0.776052786758576,0.824655060267163,0.626713490770901,39,72,19,22,20,50
0.762868323679265,0.804157308987095,0.624986263520621,41,51,19,17,22,34
0.684909083326382,0.736542410560228,0.589739016705309,38,54,17,17,21,37
0.779489212875414,0.823513974835868,0.646890017150329,39,47,16,10,23,37
0.727997439702075,0.768314233517015,0.591185410334346,27,47,13,12,14,35
0.684271831735889,0.733751675165398,0.570342812239085,48,66,23,22,25,44
0.738569835517145,0.792308519317594,0.617208062352482,34,47,13,15,21,32
0.764702004219409,0.810294496964647,0.632175477601164,36,71,20,23,16,48
0.788189464364763,0.811658890493148,0.667327362599716,45,49,23,17,22,32
0.688136482939632,0.730890598582185,0.567219693632849,30,49,13,15,17,34
0.689225123066104,0.722539520618208,0.635714285714286,36,70,11,15,25,55
0.737628128328009,0.790706219614804,0.647281778154363,48,53,26,19,22,34
0.698531548460838,0.753917415417665,0.589540052060311,41,66,19,21,22,45
0.706057768138801,0.766078221231225,0.599801788443207,32,53,12,16,20,37
0.750435309258839,0.798749058310791,0.628021178331175,42,71,17,22,25,49
0.769325885193913,0.827849045087114,0.590638919313618,27,55,14,16,13,39
0.747073926516158,0.795111223026803,0.636928821649921,45,63,19,16,26,47
0.755242952874468,0.773527286669134,0.576495071193866,29,55,11,13,18,42
0.727987640553852,0.761099653774509,0.581542562052307,34,58,17,18,17,40
0.726304082657674,0.772219287430104,0.650277647486042,33,53,17,21,16,32
0.734409448818898,0.772754867980588,0.682168,30,50,13,13,17,37
0.717648628706887,0.774594597245366,0.596038534456153,51,74,27,27,24,47
0.796956862745098,0.820310449406891,0.626306636324952,25,43,15,14,10,29
0.72393704630025,0.765591637449253,0.647464895773017,39,44,17,13,22,31
0.774823777543431,0.815411710909871,0.627323727490441,43,61,24,22,19,39
0.795354074568354,0.826375479941365,0.672291283876895,38,56,21,20,17,36
0.764973581354951,0.81058269249215,0.641765569801135,44,61,28,27,16,34
0.790614143022582,0.841053775369779,0.595546457219251,44,68,28,18,16,50
0.749628287333891,0.787016931020994,0.567692307692308,34,65,16,16,18,49
0.706503419283597,0.758521759029888,0.598068483988319,41,49,19,12,22,37
0.777152250443688,0.814934084469,0.648614431164232,27,45,16,17,11,28
0.741857266936885,0.780935882731955,0.629560219890055,44,58,20,19,24,39
0.778854195706719,0.822997033198553,0.62172488156085,34,47,22,22,12,25
0.716871022184266,0.744966858286181,0.55896010598342,39,59,15,10,24,49
0.76997375328084,0.81408612407432,0.487321824355924,30,39,15,10,15,29
0.674937407716505,0.718138943033751,0.53304604467888,37,51,11,11,26,40
0.679675118858954,0.725939353050925,0.518956172807338,38,62,13,11,25,51
0.753670007032349,0.79631218448639,0.593051075268817,36,60,16,14,20,46
0.766007720979766,0.783095057972885,0.592157160194175,48,64,23,18,25,46
0.69930769872383,0.742921284023281,0.605572684709375,38,49,17,17,21,32
0.752038396386222,0.795389078518395,0.615064600700168,35,51,18,17,17,34
0.696478041031403,0.750842444926706,0.554902406957929,41,64,17,13,24,51
0.668407903702021,0.717095141531869,0.594651442307693,42,52,14,11,28,41
0.701356269952622,0.74518835707315,0.604748179611651,39,64,15,17,24,47
0.745934395293334,0.797168789396988,0.589417111103262,43,69,23,20,20,49
0.698541842772612,0.721456877674375,0.598425561044199,26,43,5,5,21,38
0.786337464838256,0.82288886186167,0.587834976268711,36,55,20,16,16,39
0.754910751522229,0.780651603758328,0.659863945578231,38,49,15,14,23,35
0.722804120662461,0.772212134101766,0.59271093822358,32,61,19,16,13,45
0.757568824830321,0.817103738132065,0.633667914846405,31,46,18,19,13,27
0.761135207273334,0.79606305750535,0.545351503465527,38,62,20,15,18,47
0.818509790230136,0.851482521122642,0.625501830725579,27,69,15,23,12,46
0.659616036137775,0.686475328517004,0.573635634028892,35,54,9,10,26,44
0.791916010498688,0.838023144719401,0.579239612164847,30,47,19,14,11,33
0.681095526194416,0.72611391719331,0.570370021507402,29,51,10,13,19,38
0.684508874639903,0.721632203124653,0.584169399174538,34,49,14,11,20,38
0.755961951994421,0.82121391024455,0.661006901808019,41,57,24,25,17,32
0.709890316123113,0.742643192882397,0.6247461849891,38,65,14,13,24,52
0.778272162619989,0.794595978982909,0.635737089770165,35,53,15,12,20,41
0.769549170072567,0.807538031496063,0.60160269213543,38,67,23,19,15,48
0.711710897797854,0.760062384250144,0.581659946236559,35,60,15,14,20,46
0.811891261293036,0.833330319314667,0.683494021109643,29,49,18,21,11,28
0.774573374209827,0.81067838580099,0.600206841023932,29,58,14,12,15,46
0.814025974025974,0.840950025562781,0.631680977103301,35,48,17,15,18,33
0.754483784034941,0.806072679090809,0.759268913170406,34,38,18,16,16,22
0.751469122999654,0.798274634830217,0.547427195384961,39,61,22,21,17,40
0.784597622832917,0.81233556695807,0.628456605030818,42,58,22,21,20,37
0.844452385646688,0.874661549065091,0.62192876344086,32,60,23,19,9,41
0.715,0.749760539297713,0.623700655157283,40,53,17,13,23,40
0.723404255319149,0.77192994192696,0.634069722028833,31,47,15,13,16,34
0.688587816455696,0.723181649675252,0.489110752214555,36,49,13,10,23,39
0.777210439032906,0.810234049487588,0.56619609642172,27,38,14,9,13,29
0.70847371967655,0.757476101445948,0.605712248051485,28,47,13,14,15,33
0.677013117630695,0.716864976696137,0.609590535217051,37,63,17,10,20,53
0.761999529220432,0.804163243305042,0.589623202187091,37,47,21,15,16,32
0.71201581027668,0.752529095180593,0.63377688172043,35,60,12,17,23,43
0.746719160104987,0.79988868850055,0.553598696282609,30,63,14,16,16,47
0.769389155799588,0.803265538478151,0.658677605641624,31,58,16,19,15,39
0.725001809496236,0.769282370107905,0.62378640776699,44,64,19,18,25,46
0.656315928270042,0.709287898214838,0.559216000251181,36,51,15,12,21,39
0.723134229957806,0.762674941996905,0.509547442163078,36,53,16,12,20,41
0.74614229710568,0.806354488214677,0.65161737860533,38,55,20,19,18,36
0.751731773790597,0.789514983599301,0.662644385345135,42,61,20,17,22,44
0.752353608044164,0.793281820891412,0.506675981990374,32,57,15,9,17,48
0.762838375796178,0.82262270996696,0.577741281248622,44,74,25,21,19,53
0.709372378555632,0.788717235456546,0.608841437580952,31,67,15,19,16,48
0.756307241837186,0.789849297395544,0.581783073517638,23,51,10,12,13,39
0.786776481354381,0.840769608698433,0.588844466655561,31,58,18,21,13,37
0.697899491812535,0.738892383062696,0.625771119224474,35,78,11,20,24,58
0.74156518475269,0.799178109724338,0.62604600219058,38,55,22,19,16,36
0.792501758087201,0.826328651192333,0.621872477804681,36,61,22,21,14,40
0.718386282861716,0.766969984482941,0.600512929143151,29,53,13,17,16,36
0.732913590014065,0.771934164408063,0.642043010752688,36,60,17,19,19,41
0.735090521831736,0.770594278342631,0.580155714730613,48,65,20,17,28,48
0.745623270109185,0.784436084811309,0.617719775368205,47,69,19,15,28,54
0.78438101956103,0.840726453025604,0.629872216137276,29,55,18,16,11,39
0.716383235758759,0.756550608542418,0.589074155331285,34,53,16,13,18,40
0.809467299578059,0.831107934076317,0.648173440713355,36,51,22,20,14,31
0.635121735281098,0.691978922324555,0.551679482918667,45,71,14,16,31,55
0.699993407172996,0.733611317528461,0.568580542264753,36,46,13,14,23,32
0.776770186335404,0.809594372535173,0.586177437020811,35,55,19,13,16,42
0.73745479446192,0.776669083730589,0.564688620401748,37,66,16,11,21,55
0.747683550533907,0.766259421443024,0.595036807386061,37,59,17,15,20,44
0.751974064325608,0.804524977336245,0.60054788961039,37,68,18,24,19,44
0.72401448787062,0.769666864226588,0.603176584132055,28,48,14,11,14,37
0.784416569536179,0.818085459576338,0.583060394889663,43,70,25,20,18,50
0.745611971627099,0.786693543410174,0.659805107526881,44,60,22,16,22,44
0.798329061514195,0.8470120179759,0.637286299627938,32,51,17,14,15,37
0.780967119275825,0.812389471141753,0.664781936054221,48,66,26,28,22,38
0.77253280839895,0.798920155896407,0.603073323380799,30,56,14,16,16,40
0.713636139589905,0.755536182286446,0.546483702593148,32,58,12,14,20,44
0.688461434113785,0.770466237256519,0.535913978494624,29,60,14,15,15,45
0.714791666666667,0.773237395163224,0.605621956617972,40,45,22,18,18,27
0.768842624367676,0.828577547081714,0.593536353367814,31,54,19,20,12,34
0.700626992788513,0.742250952591282,0.562489207051916,37,51,17,12,20,39
0.743965920413185,0.794433251587368,0.692397054898821,39,51,19,22,20,29
0.792130816246057,0.81974164004224,0.64742491720909,32,49,15,18,17,31
0.656388888888889,0.688651264125499,0.587536768711189,40,67,11,19,29,48
0.782095065514357,0.828303368131249,0.607997311827957,34,60,20,20,14,40
0.760549363057325,0.793215702341057,0.606692942389863,44,66,25,20,19,46
0.782823969580512,0.818822532730333,0.642039481368999,39,77,27,27,12,50
0.753241473277074,0.792753211951685,0.591848013321084,36,56,17,14,19,42
0.734384047481181,0.784977091295283,0.544085506605766,44,66,24,20,20,46
0.7085827216262,0.740549409868378,0.572684600367478,35,56,13,14,22,42
0.741492542963131,0.800466232875038,0.638368315842079,42,58,22,19,20,39
0.72915023659306,0.781702488284224,0.623568956336528,32,48,15,13,17,35
0.754537562060826,0.818675058083189,0.614719622870531,29,57,15,14,14,43
0.688477083809959,0.71559346616859,0.601501078263232,31,47,11,15,20,32
0.785877225835007,0.814912990875525,0.631427976933595,23,54,13,18,10,36
0.70732785521115,0.760256227988044,0.599497814449192,46,66,22,15,24,51
0.739713013896931,0.77768937735967,0.621519775770788,44,65,16,19,28,46
0.785689170182841,0.835562767171183,0.553098723139209,36,65,22,18,14,47
0.816791581497464,0.86754484487419,0.636397565457051,42,56,25,20,17,36
0.646979107848673,0.703053928997179,0.551450280200323,35,71,11,12,24,59
0.743510731634247,0.788384915075221,0.636370693427051,37,57,20,22,17,35
0.734004053271569,0.783580749092991,0.640322580645161,44,60,20,19,24,41
0.74799771167048,0.793257080950923,0.537595873664467,46,73,24,21,22,52
0.745886028546361,0.806123311843806,0.581222876166696,37,54,20,19,17,35
0.76045879608825,0.802691399585491,0.604169313065447,37,57,21,18,16,39
0.69481892677769,0.739960906752489,0.582604011572309,39,67,16,18,23,49
0.683189655172414,0.745971457568842,0.557698550479174,24,57,7,12,17,45
0.722393914180435,0.756901455116163,0.544106167056987,47,61,17,15,30,46
0.712878808432133,0.755094844685558,0.644968,29,50,11,10,18,40
0.749745424922173,0.770744838405624,0.59101073049392,27,61,10,17,17,44
0.755861241586856,0.793696460352959,0.609909876725112,39,66,22,22,17,44
0.692202543682396,0.745582315055079,0.566804459951456,47,64,24,15,23,49
0.779162272668406,0.834153081256591,0.642197882438847,43,55,25,20,18,35
0.765093875387993,0.800259242893995,0.595829007156334,42,73,24,23,18,50
0.743030561825169,0.821110049384369,0.693747154586414,39,51,19,19,20,32
0.782823263692829,0.811194839590746,0.6258838971927,35,57,19,19,16,38
0.798444291924045,0.822354112116129,0.645361392217471,31,57,18,17,13,40
0.748425196850394,0.78276982495735,0.601587205519662,30,53,16,17,14,36
0.73046752141496,0.755764160621996,0.601609695005157,43,66,18,19,25,47
0.735607255520505,0.771066147672656,0.572763550757924,32,56,14,14,18,42
0.755993411822119,0.777971099839783,0.621016883657333,39,54,19,16,20,38
0.821554919137466,0.836408614492235,0.659003927050053,28,48,14,17,14,31
0.799244612783805,0.840230269673257,0.614560428304129,37,59,24,23,13,36
0.750240027930523,0.798503994930477,0.621402815338742,27,46,15,11,12,35
0.808960270498732,0.847816656524333,0.588897721250662,26,42,12,11,14,31
0.733005254816916,0.760275550473349,0.640508887699899,38,54,18,19,20,35
0.791325989855402,0.824090796164115,0.638226701105136,42,57,23,18,19,39
0.834194350768936,0.863911905709483,0.606700268817204,33,60,20,19,13,41
0.790713722397476,0.841224648180029,0.613820338624018,32,53,19,18,13,35
0.765240418424754,0.816435792887219,0.579893362313426,36,47,19,11,17,36
0.770440251572327,0.803451835147846,0.600075505424063,28,52,16,12,12,40
0.773087775489972,0.82242654106215,0.565108467064685,31,57,18,17,13,40
0.726250553342187,0.75599240473885,0.619838762392417,45,67,23,24,22,43
0.796965611692453,0.836663393352724,0.624592917123037,37,55,20,16,17,39
0.723213712524877,0.763112139706606,0.611166500498504,37,59,19,11,18,48
0.694412669361194,0.733659845297507,0.568786790313989,31,59,11,20,20,39
0.765887772659155,0.82389506907191,0.598648,43,50,25,15,18,35
0.779101835143509,0.820222003434896,0.553801856474004,23,49,11,9,12,40
0.759223120527832,0.828537002212817,0.611682107701216,34,44,20,16,14,28
0.747092038396386,0.792269280981731,0.692501106684374,35,45,13,14,22,31
0.718650793650794,0.75419503896624,0.584049625269933,40,57,14,16,26,41
0.757010372714487,0.780503324255419,0.585976023175542,36,52,16,14,20,38
0.817791308699641,0.851646433971124,0.586830108255353,38,57,19,14,19,43
0.617312252964427,0.664294132314385,0.563957047991334,35,51,12,13,23,38
0.692362204724409,0.736785410706091,0.57056,30,50,13,14,17,36
0.733877060772196,0.786669306047202,0.584742560842149,41,62,16,19,25,43
0.754424603174603,0.79298310205851,0.605242789339175,40,55,22,15,18,40
0.782099189099875,0.843576220068668,0.608509407065532,31,57,19,18,12,39
0.770927069828923,0.823280503985652,0.611149174711928,31,65,13,17,18,48
0.713432766471518,0.780090384108162,0.598779005449405,34,59,17,16,17,43
0.782409333610707,0.810059749239191,0.570017435292962,46,66,23,18,23,48
0.788801317274426,0.822519793868201,0.674879032258064,43,60,23,23,20,37
0.751375217139548,0.829613649965256,0.685309411344421,44,61,24,29,20,32
0.705158705951727,0.737224726507767,0.619053426248548,39,70,16,21,23,49
0.781938451056098,0.840954568190656,0.693132704680517,42,66,26,24,16,42
0.710873015873016,0.747054266762299,0.590506838294449,40,57,17,16,23,41
0.710651882291012,0.749955601652653,0.623047738323265,47,66,19,19,28,47
0.70809526866534,0.737756694975597,0.595350539733578,37,56,13,13,24,43
0.691214003387916,0.724552786250678,0.568322266489597,35,45,11,9,24,36
0.697848558018395,0.728736066241455,0.590999565720903,29,44,12,14,17,30
0.793783932166168,0.827864518964644,0.674416332273699,39,62,22,24,17,38
0.720100362419849,0.773131641805137,0.601829753381066,34,43,17,17,17,26
0.732692128984295,0.764085725911642,0.60260363138061,34,49,14,10,20,39
0.744652011041009,0.788283727116629,0.615361201298701,32,68,16,21,16,47
0.776952285011333,0.808774664229649,0.629292484379843,41,49,20,15,21,34
0.760724331926864,0.813461682346219,0.621455695365115,36,61,18,21,18,40
0.718987622800688,0.771086169618679,0.605996835184913,43,49,18,11,25,38
0.760854341736695,0.800042220458692,0.62865979057756,42,51,19,16,23,35
0.768573113207547,0.831995720025626,0.592250757981095,28,54,15,16,13,38
0.69992125984252,0.771930747718727,0.522137506688069,30,54,12,11,18,43
0.724647450300657,0.771607422437408,0.559599888858016,37,61,18,16,19,45
0.780512305374184,0.826554720536637,0.597777500138819,33,58,20,18,13,40
0.718709208020372,0.778763029429405,0.566294870268196,37,61,15,16,22,45
0.746617063492063,0.809299771412219,0.670272197789136,40,47,21,15,19,32
0.798303345006642,0.853173043480076,0.584804708400214,26,54,16,17,10,37
0.761279761328193,0.811902721438228,0.61578532786398,41,54,22,15,19,39
0.774016660094637,0.819839256842075,0.578483726901487,32,59,18,17,14,42
0.749236111111111,0.779160597367314,0.62253816077762,40,67,16,17,24,50
0.775605441346916,0.822113222139762,0.581297370234267,39,56,24,14,15,42
0.723654326595503,0.780223130414412,0.610057645631068,42,64,18,11,24,53
0.745605223505776,0.782426807024758,0.549479166666667,33,52,17,14,16,38
0.780309772622875,0.813887256818322,0.637696499542468,56,59,29,20,27,39
0.725872436908517,0.756055434036277,0.616766244575233,32,54,14,9,18,45
0.790905884587211,0.813247538639119,0.571673024694265,29,51,16,13,13,38
0.706755952380952,0.763448691430935,0.649612805419358,40,59,16,19,24,40
0.8125,0.834585686518259,0.615309139784946,28,60,19,20,9,40
0.705896414342629,0.752925677941502,0.650613970025548,45,69,17,16,28,53
0.772588765235824,0.802580576578431,0.605252442996743,42,72,20,15,22,57
0.672514951926717,0.712323649572486,0.547059803431618,42,58,16,12,26,46
0.764909819231786,0.820366176436686,0.603373493975904,39,55,19,14,20,41
0.76741469816273,0.814828374301152,0.603235529600151,30,51,17,17,13,34
0.765767515864646,0.801444601080632,0.629930810748737,43,56,21,17,22,39
0.728053529179811,0.790851032611048,0.576597366303933,32,57,15,17,17,40
0.780350084697911,0.808867508151073,0.639647872032426,35,44,19,12,16,32
0.730338014097797,0.786557447743906,0.487978696040308,43,53,24,9,19,44
0.698883069048815,0.752858089537518,0.622425936119462,33,57,13,15,20,42
0.710363301523522,0.759472025371465,0.655471831854043,33,52,17,17,16,35
0.765903092405188,0.806288507613215,0.648836111413734,57,67,30,25,27,42
0.748774246011815,0.795718984890277,0.637155581657123,33,49,16,15,17,34
0.684444444444444,0.746574068524774,0.610702366504854,40,64,15,18,25,46
0.744664031620553,0.77984601645531,0.698588205897051,35,58,18,25,17,33
0.767650918635171,0.813107254192107,0.652498469363726,30,51,18,21,12,30
0.758402976880376,0.790149044947066,0.618207438574207,39,61,16,18,23,43
0.780598581354951,0.832670608805317,0.649909339516081,44,54,27,23,17,31
0.742769593044318,0.818541025981345,0.629093450479233,26,48,13,13,13,35
0.743042486971627,0.792262408402241,0.615629685157421,44,58,24,18,20,40
0.745053783118811,0.772244752873056,0.669637403520462,39,58,16,20,23,38
0.758927076606635,0.79943750349313,0.603056310999659,33,69,13,17,20,52
0.720936715918595,0.777064684353955,0.560608762855954,34,54,13,10,21,44
0.740656454428294,0.790210012513865,0.595429732868757,49,70,26,17,23,53
0.681081960986462,0.728655645216969,0.552250803858521,29,56,10,10,19,46
0.758284985935302,0.803239386621232,0.629220112166139,36,58,21,17,15,41
0.709776902887139,0.760106292257097,0.612073667891594,30,56,9,10,21,46
0.759711960777638,0.801205586317662,0.551995967741935,23,60,13,12,10,48
0.783392857142857,0.820255273485725,0.610814165753925,40,55,25,17,15,38
0.773727034120735,0.809061559045178,0.610055882527793,30,54,14,16,16,38
0.744421970139294,0.781525078249879,0.586120627744617,38,69,18,17,20,52
0.761581027667984,0.813352554515873,0.603102032613689,35,56,19,17,16,39
0.735126675867508,0.794963052067777,0.569976671723845,32,49,15,9,17,40
0.74818698716421,0.800845495603531,0.549667612313164,23,57,13,12,10,45
0.730962402651538,0.774148299177576,0.598598672082742,39,49,20,13,19,36
0.76715320545864,0.810365989569965,0.588550026752274,29,54,17,15,12,39
0.769235508675079,0.813490167090131,0.622738225629792,32,55,18,14,14,41
0.727886625594346,0.778796911863875,0.613549165287241,43,63,22,22,21,41
0.791642338810576,0.840067871965871,0.572387832599002,38,61,25,22,13,39
0.714127611518916,0.747278940133709,0.56202263599854,35,55,15,11,20,44
0.715149102489867,0.758491837460708,0.60477220801622,44,53,20,22,24,31
0.787691603752002,0.824754120851014,0.612795575896262,31,46,19,17,12,29
0.710813648293963,0.748869706345963,0.543948649845064,30,45,11,9,19,36
0.777337559429477,0.83396789863702,0.608784632538708,38,57,20,20,18,37
0.73276862745098,0.778102949878573,0.678839990138067,25,52,13,22,12,30
0.730867878888982,0.799699814035573,0.667412634408602,38,60,21,23,17,37
0.695670962657922,0.744765542627442,0.637963098908628,31,49,13,15,18,34
0.742583069620253,0.77867900444016,0.634578250835963,36,51,14,13,22,38
0.688239353312303,0.715865136817612,0.607302649221606,32,57,11,15,21,42
0.737011732650115,0.789971296322822,0.577078288942696,39,61,21,19,18,42
0.717843026538679,0.763921695411798,0.604375,35,60,16,17,19,43
0.818320209973753,0.875705481899268,0.595674385029707,30,58,19,16,11,42
0.671053476279129,0.716543264120683,0.618576122672508,37,55,16,15,21,40
0.654742063492063,0.687658085164116,0.584864,40,50,12,12,28,38
0.71925488433802,0.75717253674514,0.538658818901212,37,53,9,11,28,42
0.758258990800111,0.81586402219825,0.640229372905325,34,41,20,14,14,27
0.666225257875662,0.717352633525602,0.583549653887114,34,48,12,10,22,38
0.745665833901128,0.791936601525574,0.604012573964497,42,52,25,16,17,36
0.738049518489424,0.797202462087716,0.566288,27,50,16,11,11,39
0.831823250627265,0.865357062193383,0.694555378061768,34,48,23,20,11,28
0.832376281545741,0.864289992615843,0.648530013690703,32,57,22,19,10,38
0.732737405906196,0.789709665967816,0.642367346938775,44,75,22,21,22,54
0.737413890457369,0.7792646193356,0.588434949192071,35,58,19,18,16,40
0.785551128818061,0.826218134698315,0.65631695536914,45,67,26,25,19,42
0.714510332434861,0.752334258601766,0.569143568981626,28,65,11,14,17,51
0.704791892568187,0.749320754375113,0.602364603769098,38,54,15,14,23,40
0.737275501005478,0.764962209630206,0.630189370954693,46,64,22,16,24,48
0.696862069790246,0.734811725342763,0.60911171208654,33,46,11,10,22,36
0.751883855575922,0.800314150897388,0.576224306673327,27,43,10,5,17,38
0.776187113479275,0.824398734675718,0.634045698924731,37,60,19,20,18,40
0.738475437605872,0.783553916761001,0.592442497261774,35,55,16,16,19,39
0.802085699144523,0.827970062876467,0.652420796351085,42,52,22,16,20,36
0.766989483493078,0.796153802018469,0.613393817204301,48,60,24,22,24,38
0.717542958635595,0.771164228371249,0.538280552571455,37,53,19,15,18,38
0.72309429700734,0.786071512988802,0.595800420751796,35,61,18,14,17,47
0.753154574132492,0.777286889689058,0.655717692482398,32,42,13,14,19,28
0.706353509463722,0.756442747147862,0.55585231121997,32,62,14,16,18,46
0.68130104769829,0.744324194589337,0.539285912599256,47,58,21,13,26,45
0.704097007964411,0.763603652355727,0.6613105887816,33,59,13,15,20,44
0.757429014464018,0.790608581265897,0.597177848775293,31,48,14,14,17,34
0.731045120751003,0.775657229937057,0.546395162677463,42,61,18,15,24,46
0.724429651203107,0.7791234297207,0.59599501712862,46,65,23,18,23,47
0.823993054373361,0.858382752420587,0.589426877470356,23,46,15,13,8,33
0.689015890716476,0.744743142821982,0.588615414514965,34,58,15,17,19,41
0.745888304227357,0.826423520212595,0.616037782019282,31,49,17,13,14,36
0.805525793650794,0.852119546751432,0.572175936006601,40,71,27,25,13,46
0.744505622154075,0.773068150996636,0.592698064987222,34,55,15,13,19,42
0.770250966947961,0.817616150399406,0.507668985197075,36,54,22,13,14,41
0.754871368143679,0.815532044748037,0.604671932679713,46,61,24,18,22,43
0.838085677853442,0.856503982524467,0.536964048917047,29,66,20,18,9,48
0.782811327049796,0.803660000572898,0.550103848357525,38,68,14,12,24,56
0.727968583599574,0.766996868183685,0.609243989116553,48,58,16,14,32,44
0.717715803452855,0.745321238632952,0.57057614450327,45,65,18,12,27,53
0.780547354076766,0.849231709879942,0.649885971400394,42,52,27,24,15,28
0.768097120271033,0.845756378743206,0.57057614450327,35,65,20,18,15,47
0.745682737369198,0.783624940797072,0.638342460752099,37,55,19,18,18,37
0.766611029081338,0.809685240721811,0.57316057642094,37,57,20,15,17,42
0.776832213202991,0.827688623131285,0.642632585235657,27,63,13,18,14,45
0.700705882352941,0.776000860134527,0.608859850894794,25,49,13,14,12,35
0.718867295020435,0.770866390180928,0.583402701715955,38,55,16,17,22,38
0.743753221736889,0.787795745077086,0.625961759301792,29,56,10,14,19,42
0.775596195199442,0.833819769289751,0.623615132821352,41,78,28,31,13,47
0.783274985883681,0.818648940698703,0.624306271794116,35,66,16,17,19,49
0.742352490971276,0.778261637485769,0.59792558744761,33,53,14,14,19,39
0.734246031746032,0.772729188629643,0.613908457481618,40,63,19,22,21,41
0.781650663262474,0.839741162043402,0.624895773620303,43,62,24,19,19,43
0.754670208056662,0.785681770390285,0.558180158630241,45,78,23,25,22,53
0.762292490118577,0.794825802713366,0.64999334398296,35,48,16,11,19,37
0.73305648659306,0.750497247766405,0.613696348675389,32,57,11,14,21,43
0.873395358295839,0.894202016120105,0.574476262442024,31,62,22,17,9,45
0.737034106891702,0.7809417925344,0.582690746753247,36,68,17,22,19,46
0.756642988687188,0.818551608593032,0.560935022527826,33,51,15,11,18,40
0.704040202342918,0.752238405016253,0.547308843537415,48,75,18,15,30,60
0.76768601133735,0.804024290792536,0.553975862778565,31,67,16,20,15,47
0.74343308865048,0.808850063147005,0.625919182509774,35,57,18,19,17,38
0.724285714285714,0.771339705472149,0.611847933712023,40,62,21,22,19,40
0.781755450070323,0.816886078648596,0.594549947248598,36,58,20,16,16,42
0.780119563228207,0.812399594844446,0.58896273541571,39,56,22,15,17,41
0.697333399053628,0.726638984623717,0.602864,32,50,11,14,21,36
0.745248842480482,0.765637856476826,0.573077435208386,41,67,18,17,23,50
0.806271076989309,0.835041721488425,0.657979738658053,33,49,19,16,14,33
0.682783018867924,0.711387272203904,0.545382912793271,28,45,9,9,19,36
0.757344242902208,0.808838857817891,0.695406929895246,32,59,18,22,14,37
0.751023157680673,0.803828123581271,0.514951548659414,31,54,15,11,16,43
0.735474673416543,0.775753728291369,0.688848074696005,27,44,14,20,13,24
0.679399875200087,0.735767164631836,0.567004533847517,29,62,11,16,18,46
0.711863545082488,0.761574976381698,0.586803697758754,31,54,12,11,19,43
0.749532848605946,0.798432956582942,0.618154513819976,43,61,20,20,23,41
0.725089285714286,0.753143343216524,0.623629112662014,40,59,17,16,23,43
0.731836761603376,0.784377284055256,0.568333333333333,36,60,17,14,19,46
0.698037705163596,0.758386618744945,0.540060622511762,37,72,13,15,24,57
0.746879686824779,0.808042397298462,0.577101464380635,31,62,18,18,13,44
0.617112721865998,0.692835248276509,0.557827572347267,34,56,12,13,22,43
0.67762045646661,0.745360482728156,0.580880906628739,26,53,9,10,17,43
0.714486395899054,0.768943038045116,0.544302552541193,32,53,15,12,17,41
0.748610556443025,0.793005941923778,0.565601350189198,48,76,23,20,25,56
0.730773574251835,0.79195276925907,0.558561711114385,35,66,17,16,18,50
0.780914737436477,0.802160643432687,0.649855152859961,35,52,16,16,19,36
0.684460755692718,0.743169229671153,0.593053326199393,38,54,16,14,22,40
0.694851002109705,0.730125482346688,0.592172325666301,36,55,10,13,26,42
0.751084384858044,0.796393171382836,0.587063220180629,32,65,18,19,14,46
0.833447723633036,0.854496058964709,0.622269413461411,31,61,16,17,15,44
0.731948051948052,0.79582821142602,0.579592740150509,35,45,18,11,17,34
0.783810214486638,0.82605080660895,0.561204237459547,36,64,19,13,17,51
0.748690535983354,0.769166500512785,0.544201304611651,33,64,15,14,18,50
0.769311338046609,0.799812032729086,0.64576,27,50,10,12,17,38
0.770801449078828,0.816916917448439,0.625499844285269,41,65,19,17,22,48
0.730097500508779,0.753626348469147,0.603350693709334,43,57,21,17,22,40
0.755980462896154,0.786606895901429,0.601192080173487,43,63,18,15,25,48
0.763509432208902,0.822713613514572,0.566689249269594,34,57,19,15,15,42
0.780033879164314,0.823279078919266,0.668695380774033,35,54,19,23,16,31
0.772799365582871,0.807840093068862,0.549735692673566,39,69,17,19,22,50
0.767636121440861,0.812570569899433,0.594847775175644,43,61,20,16,23,45
0.763606222370506,0.809077242043929,0.642506161792179,38,51,19,15,19,36
0.74107770745429,0.781060902092339,0.569797703166846,36,53,18,12,18,41
0.785203270497388,0.819329352020194,0.677938429174712,42,51,23,20,19,31
0.721110956230834,0.750760902372061,0.676181325747833,34,53,13,15,21,38
0.781756018200768,0.840904995250158,0.564621513944223,31,45,17,13,14,32
0.735517974810243,0.786669433095086,0.624626121635095,38,59,17,18,21,41
0.756146883225268,0.796243178227764,0.5660434776856,37,61,19,11,18,50
0.712621986821253,0.754656244229457,0.583777555666611,38,58,19,16,19,42
0.814077287066246,0.852029158935038,0.617603501064963,32,48,21,9,11,39
0.803986320208454,0.838710187266525,0.632356875334404,44,54,29,22,15,32
0.743843137254902,0.805359607171925,0.552285598705502,25,64,12,12,13,52
0.746377952755906,0.801625062737749,0.566243279569892,30,60,15,16,15,44
0.76456649010315,0.815068280222916,0.587544,34,50,21,14,13,36
0.784327090956925,0.813603873821893,0.552778933499757,33,46,16,12,17,34
0.676864108664267,0.746448100612277,0.642286378122105,39,51,17,15,22,36
0.704201828410689,0.767710270819921,0.583708145927036,36,58,15,15,21,43
0.795427058136625,0.825207471572334,0.6509660922062,38,53,24,19,14,34
0.741632973944295,0.803679112853236,0.577429718875502,28,55,15,13,13,42
0.742391445116649,0.782840877504848,0.579526627218935,43,65,22,19,21,46
0.687759996084765,0.720211083302451,0.616094730412571,49,58,16,14,33,44
0.782844227595609,0.820501654768566,0.637217962760131,33,55,16,17,17,38
0.752625760088447,0.778667154245725,0.57090898994947,27,58,10,19,17,39
0.781323877068558,0.803798609016625,0.592266366816592,31,58,16,15,15,43
0.738364373021007,0.784409691924852,0.642458100558659,23,47,9,15,14,32
0.769763741651403,0.830955560046682,0.605227642599135,43,61,23,19,20,42
0.729003984063745,0.763946374375193,0.64367086095344,45,61,21,17,24,44
0.770337689415094,0.805050171620327,0.584249726177437,21,55,10,14,11,41
0.70037195606269,0.739646486579457,0.662230863506377,41,53,18,17,23,36
0.7389486260454,0.777360440537541,0.64781222297199,31,61,15,15,16,46
0.716450216450217,0.749799419704427,0.577531945965681,33,55,15,14,18,41
0.739819311123659,0.792176478119061,0.583793117135712,35,61,19,17,16,44
0.730186559212693,0.766998199672903,0.633613782051282,41,52,18,19,23,33
0.75751968503937,0.816501924248164,0.623705585710436,30,63,13,16,17,47
0.756423659511198,0.802958261847578,0.621689508469521,34,51,17,12,17,39
0.797984029968454,0.827195827374758,0.681936809373091,32,58,18,22,14,36
0.720664682539682,0.781787203534379,0.590037719633308,40,68,20,19,20,49
0.722485906352312,0.781454081036696,0.625180274944098,41,61,22,23,19,38
0.76453373015873,0.793861240301557,0.516373595840114,40,61,20,13,20,48
0.709458793375394,0.754763079920509,0.58726262376529,32,69,15,18,17,51
0.813644178050367,0.847356708255575,0.644490254872564,34,58,23,21,11,37
0.806759185303514,0.837215941156834,0.67411119584559,48,67,27,26,21,41
0.773833069620253,0.808101210816662,0.591292134831461,36,54,18,18,18,36
0.729661262304574,0.781365808433601,0.630240435337887,44,58,22,19,22,39
0.707099737532809,0.758069602944686,0.553842640173575,30,49,14,13,16,36
0.776079112292791,0.821946464514494,0.610020957740009,29,56,16,17,13,39
0.711089238845144,0.765372860891314,0.584997534516765,30,52,14,19,16,33
0.750336864603662,0.789421732648712,0.667176878757908,34,51,14,12,20,39
0.809613095238095,0.847238229637378,0.663436741504854,40,64,24,23,16,41
0.64909264240237,0.696630079627544,0.56595629326883,23,38,7,6,16,32
0.705591686335773,0.759336598441357,0.588330897717805,47,59,22,17,25,42
0.764068349233184,0.800693122126416,0.569459489159955,26,51,11,8,15,43
0.721537698412698,0.783358271556791,0.611483235169573,40,63,18,14,22,49
0.721374704258675,0.745265481743167,0.593508719382322,32,48,14,12,18,36
0.668317100301148,0.691743207678819,0.565528824069821,29,56,9,14,20,42
0.694129534700316,0.719597079657071,0.561934310622466,32,58,9,10,23,48
0.705404378849128,0.762962285176642,0.588463726696569,29,61,10,13,19,48
0.82085661856702,0.859041901021972,0.663013024061402,38,47,26,20,12,27
0.70753280839895,0.75548711581715,0.559736736334405,30,56,10,9,20,47
0.688223798494499,0.728166703498102,0.590189971971348,44,65,19,13,25,52
0.813144841269841,0.856122395815006,0.617020121598147,40,44,26,16,14,28
0.811850565669172,0.837319287904939,0.652661345888838,29,56,18,18,11,38
0.739065454767279,0.793283565137303,0.627373813093453,39,58,19,17,20,41
0.792439708116668,0.84442062875449,0.590135553263592,37,66,21,18,16,48
0.730104588882455,0.788462913282885,0.592569322986534,44,47,22,14,22,33
0.739446715356749,0.76595130593617,0.589400927237293,41,67,17,19,24,48
0.767130286095588,0.813420022187781,0.648550547317248,38,49,20,17,18,32
0.746224165341812,0.795254211448078,0.63280395017979,42,62,21,18,21,44
0.73007548586204,0.779718541248664,0.629117305458769,38,70,18,17,20,53
0.719033418769716,0.766467363242532,0.555730070063781,32,59,14,15,18,44
0.790932662243575,0.840341454786778,0.575812306330235,31,45,19,13,12,32
0.738168116391251,0.807919238213965,0.567823427594482,41,77,19,18,22,59
0.753098628691983,0.804247599866489,0.565787207165824,36,56,20,16,16,40
0.674292369901547,0.730787289438371,0.642743774654833,36,52,16,16,20,36
0.716166902994411,0.766900039900535,0.590676883780332,38,58,17,13,21,45
0.672699974977062,0.702735213836893,0.541280268782693,38,59,13,12,25,47
0.706660425767977,0.750420285841835,0.625146772221617,46,67,19,19,27,48
0.794514551382683,0.813462298813965,0.5881726405483,26,61,12,18,14,43
0.682926829268293,0.739109770210199,0.564511943621191,41,59,18,13,23,46
0.787458245428973,0.830974934192343,0.588979636433166,36,59,21,19,15,40
0.754485410094637,0.790631121111752,0.546681872191644,32,59,18,17,14,42
0.737184542586751,0.79298431139445,0.656222212812804,32,57,16,14,16,43
0.786855197695732,0.833506597324648,0.555149778106509,27,52,17,16,10,36
0.696634856855851,0.748676061236017,0.627827601084813,33,52,14,16,19,36
0.719505652069342,0.785656933764323,0.550801349912102,43,63,22,16,21,47
0.72463015245624,0.763509146266051,0.645040219124887,35,46,13,15,22,31
0.713839327200074,0.783910219872066,0.59741543308959,34,54,20,13,14,41
0.681872037914692,0.722179166426568,0.620138736765243,34,55,15,18,19,37
0.71681240063593,0.75593375303274,0.524444620860292,42,61,15,14,27,47
0.689549961861175,0.735917347829016,0.653985123710322,46,57,15,21,31,36
0.775943460213245,0.848700676865728,0.575611325611326,29,42,18,14,11,28
0.80868160321842,0.855954316077294,0.594777361631294,37,54,24,17,13,37
0.704523809523809,0.762090725808588,0.569351739482201,40,64,19,12,21,52
0.80067283431455,0.817298180885769,0.561552,29,50,17,15,12,35
0.701537872808591,0.742078551154201,0.571471635277905,33,56,16,13,17,43
0.722523841477053,0.767078558457826,0.599215254548277,39,57,17,16,22,41
0.73967369873817,0.775535653559159,0.59453052638189,32,51,15,19,17,32
0.712402409965323,0.750301027884218,0.608047222091399,41,51,12,11,29,40
0.752179770710999,0.802409790625459,0.542229105029586,31,52,13,8,18,44
0.743931022936548,0.779483178588248,0.575297378450168,33,63,14,13,19,50
0.740981316206523,0.805910734144754,0.588794270705884,38,49,18,12,20,37
0.741162172302974,0.775671613748266,0.505145601026828,49,71,22,14,27,57
0.760533692837731,0.787218132592958,0.668303309250331,37,59,15,16,22,43
0.720618900658937,0.758167783824177,0.534030616970322,38,61,17,14,21,47
0.77466456195738,0.807548919579119,0.497234733289705,33,63,17,13,16,50
0.711279204538522,0.773849302587348,0.591801321561442,39,58,20,20,19,38
0.710536742013512,0.773029449225283,0.555286805236564,38,56,19,12,19,44
0.723284700315457,0.78454012705462,0.660230891719745,32,44,17,13,15,31
0.743740157480315,0.794569305303595,0.57659136644929,30,53,15,12,15,41
0.785138339920949,0.813443189025205,0.58976659393661,35,56,19,14,16,42
0.714271876634572,0.743884459165821,0.643806700799425,41,63,17,21,24,42
0.750113606467198,0.788905162285251,0.675727169861555,33,48,15,17,18,31
0.735403286345817,0.793289709624683,0.62233419429507,38,57,19,18,19,39
0.750161440769176,0.786780533495708,0.56288,33,50,14,12,19,38
0.772121289936017,0.832846855688595,0.602351223074115,37,55,21,15,16,40
0.737342564017016,0.78909024241965,0.65499084595482,38,53,21,21,17,32
0.772863199333788,0.830405871854154,0.612641935675644,42,54,25,18,17,36
0.757882882882883,0.809566688012747,0.494791666666667,42,60,23,15,19,45
0.741942405420666,0.782473554573336,0.599339763690972,35,61,17,20,18,41
0.731759845288326,0.783288998225676,0.652797714745062,36,56,16,17,20,39
0.777560700169396,0.823251540959345,0.586019333993434,35,62,19,18,16,44
0.689820461791958,0.739684603109635,0.60211874138723,37,56,15,14,22,42
0.72568223673196,0.798974596522773,0.651815555767761,33,68,17,22,16,46
0.721581027667984,0.774504997352559,0.549443476349707,35,51,16,14,19,37
0.754250615159757,0.796912544005998,0.659174471561937,43,53,20,17,23,36
0.680622283230382,0.736033194859155,0.605075185402696,31,59,12,11,19,48
0.622091876971609,0.690252675577139,0.55396410317366,32,47,10,10,22,37
0.790904307478893,0.821801277015001,0.607701612903226,33,60,17,16,16,44
0.745273169219726,0.772991483651305,0.552039862971037,49,65,21,15,28,50
0.741003787878788,0.77693664010443,0.598533418163428,24,49,9,13,15,36
0.735160197678938,0.777830706097448,0.575143796609527,58,87,30,25,28,62
0.757377291816988,0.784534408093714,0.595852852525693,43,67,21,23,22,44
0.729408310086624,0.776066668798035,0.631671327062982,49,67,27,24,22,43
0.819330091632926,0.839913787259244,0.588392295748803,41,63,24,18,17,45
0.665191432023046,0.723099199831771,0.566770498392283,34,56,14,17,20,39
0.718181818181818,0.751465618461162,0.621703037370204,35,58,15,16,20,42
0.762947487295313,0.807393936790505,0.584327190159164,35,74,16,19,19,55
0.6928740824393,0.742766423199915,0.625658761528327,35,46,14,14,21,32
0.702504571577847,0.751814844974063,0.558574012402389,24,56,10,11,14,45
0.733605807356799,0.768090532726221,0.661231884057971,39,58,19,24,20,34
0.743245996841623,0.789174034807319,0.633920239673886,47,66,23,19,24,47
0.77600059148265,0.819462379697344,0.600625705962785,32,54,19,18,13,36
0.726391076115485,0.789130671064774,0.542159217570135,30,51,17,13,13,38
0.7745330359632,0.807302828494746,0.60834860347604,34,58,13,9,21,49
0.772261779184247,0.799743012280305,0.595141547260595,36,53,17,11,19,42
0.700393700787402,0.733742133676086,0.592093503451677,30,52,15,14,15,38
0.706166007905138,0.737631301904653,0.622703207723451,35,65,13,17,22,48
0.722106622659109,0.762318719459435,0.625478927203065,33,58,17,13,16,45
0.708490813648294,0.772695729507603,0.57682432155588,30,59,14,18,16,41
0.729173353876442,0.771739826018071,0.691286203674867,37,65,20,27,17,38
0.775422436405783,0.815559594062041,0.681135971400394,39,52,21,16,18,36
0.715574454992968,0.776047131994787,0.66230455977647,36,54,16,16,20,38
0.798863723022954,0.84302843297801,0.60577083112678,31,53,17,17,14,36
0.743704121964992,0.813378288255329,0.556208007107557,35,58,19,19,16,39
0.75038961038961,0.788647307463501,0.593043932201178,35,49,15,14,20,35
0.689107611548557,0.722535519356037,0.595184323580853,30,47,9,11,21,36
0.769481803797468,0.821545956360439,0.662056451612903,36,60,20,23,16,37
0.701247565855642,0.738638554942322,0.59491766116004,37,62,15,20,22,42
0.686577694864988,0.724410890038621,0.640056168088205,33,46,14,11,19,35
0.8171654432524,0.863423059012077,0.732610441767068,35,55,21,24,14,31
0.693354110512129,0.725360800946909,0.538542145153882,28,56,9,11,19,45
0.705985319028797,0.769767059656473,0.546948747848298,35,58,16,9,19,49
0.746295165676861,0.790202636865068,0.627749539266393,43,54,20,18,23,36
0.703344760900141,0.741924000065304,0.649783526133927,36,59,13,16,23,43
0.771102677454333,0.820912835503949,0.623541783298785,38,53,22,18,16,35
0.746053534660261,0.784673107826393,0.640568128672807,31,39,17,10,14,29
0.78735716073067,0.812046749562185,0.625150320993136,38,43,17,13,21,30
0.832171731251742,0.851582288391459,0.631046013281213,34,51,18,16,16,35
0.783108643933386,0.832493447077457,0.640508606888157,39,61,24,21,15,40
0.778095238095238,0.818523269578714,0.602997311827957,40,60,21,18,19,42
0.747939017504235,0.816763272474897,0.598032221627727,35,54,19,18,16,36
0.675785745905268,0.703551796175979,0.565708256775379,45,56,11,14,34,42
0.766879150066401,0.810069644957798,0.666558230318803,45,53,24,17,21,36
0.717045348945265,0.755880590868188,0.595469068791623,34,63,14,13,20,50
0.686974789915966,0.725076637148205,0.584929757343551,42,58,17,15,25,43
0.709576510446076,0.734703451214173,0.579815348475123,35,59,12,12,23,47
0.703105158730159,0.768229910747296,0.621435848582278,40,61,17,17,23,44
0.688996163149554,0.727909093599357,0.573245261181917,38,57,14,14,24,43
0.7081273756505,0.743801389010329,0.614719055374593,49,72,18,21,31,51
0.814673867712069,0.852866083875251,0.609038978494624,38,60,22,19,16,41
0.75477337888123,0.784795772687546,0.605176478746273,39,46,21,11,18,35
0.739568813307314,0.783504540089439,0.659565977823437,34,47,18,17,16,30
0.721559268098648,0.769628881776611,0.611429836210713,43,45,19,11,24,34
0.74054455905585,0.777165934574956,0.595466155810983,34,58,11,17,23,41
0.749714024250744,0.784637984563573,0.685216790869769,31,62,13,21,18,41
0.716998398535804,0.774818747239921,0.639365205541676,31,42,15,14,16,28
0.765070485015773,0.818464191929873,0.564726290836591,32,51,16,14,16,37
0.763652497745192,0.824263495292951,0.523487420127796,27,48,15,8,12,40
0.724043911889216,0.775830005097377,0.595934139784946,33,60,15,19,18,41
0.726482939632546,0.804051193123603,0.5956,30,50,16,15,14,35
0.737578864353312,0.797377826099414,0.558534946236559,32,60,15,13,17,47
0.79750058847446,0.848126304911188,0.682514386896857,37,45,24,17,13,28
0.702461266046923,0.758250611210518,0.58412019590408,45,57,20,18,25,39
0.702952755905512,0.741782239245401,0.578449480830671,30,48,12,9,18,39
0.65226981466877,0.691252018543254,0.614104846118512,32,56,12,12,20,44
0.678462745098039,0.718698639006165,0.603122718242176,25,47,8,10,17,37
0.691826967753926,0.728047906387312,0.594805255969482,34,51,14,13,20,38
0.738541016573053,0.807123332818233,0.534407105354738,46,53,27,13,19,40
0.791326037271449,0.818098977560546,0.628003719473401,36,49,16,12,20,37
0.740369496855346,0.781062436562666,0.555158007649857,28,57,14,17,14,40
0.724508356337335,0.778550628506802,0.53468,37,50,18,12,19,38
0.726061937005632,0.771665238718949,0.579879634936731,39,74,19,23,20,51
0.709638926325247,0.760981811572943,0.629812584411019,28,43,13,13,15,30
0.767847110560065,0.828200553638866,0.686803801102435,41,56,23,16,18,40
0.797390053989528,0.839634080548746,0.595396580122599,29,47,17,12,12,35
0.80024421379808,0.839157019036025,0.650602196870695,43,69,27,25,16,44
0.730260883710527,0.765555753316013,0.644491920829036,39,66,16,18,23,48
0.699719392423595,0.737662010921234,0.568266638411095,39,69,14,14,25,55
0.748521825396825,0.807810925234771,0.626716247139588,40,46,19,16,21,30
0.736612374733922,0.766759323982741,0.657190906259732,33,65,17,19,16,46
0.784286063105347,0.834083333409877,0.598686166101896,29,54,16,11,13,43
0.743351709312808,0.797168629907293,0.627377664286831,46,62,22,17,24,45
0.714387815457413,0.754812849456939,0.624337401380671,32,52,13,8,19,44
0.675306530986738,0.74786682356724,0.546452818436624,38,65,18,15,20,50
0.722455845248108,0.759169029604527,0.612812852981392,29,54,12,12,17,42
0.776773685147055,0.818663435773129,0.601022067363531,31,70,17,21,14,49
0.748713881941479,0.79245621518102,0.624058461972771,39,63,18,15,21,48
0.79503531270328,0.822534700425936,0.588353413654619,34,55,21,19,13,36
0.765879139210943,0.809429073700272,0.620049246964407,38,62,21,22,17,40
0.708375449236298,0.761084047606291,0.534639476286912,28,51,11,14,17,37
0.716311840419691,0.756471259481824,0.573321949598322,39,71,19,22,20,49
0.749004777070064,0.816606067731154,0.654938342893072,44,63,24,22,20,41
0.776195123935013,0.810119051433774,0.587081905948303,39,65,21,20,18,45
0.702073490813649,0.743089483552946,0.610899797931772,30,47,12,15,18,32
0.704834896667429,0.769828954126277,0.564004348705502,31,64,14,14,17,50
0.761465012545302,0.796127376734311,0.566845633369441,34,51,17,13,17,38
0.71435449701483,0.756866755146108,0.596907570932252,37,44,16,13,21,31
0.754316456752023,0.783046770968209,0.649598721719868,38,67,16,18,22,49
0.668727583618317,0.706842191340289,0.553763367431951,38,59,12,11,26,48
0.752599206349206,0.781485122380543,0.555786783497627,40,55,18,14,22,41
0.718710317460317,0.765675672122585,0.614301075268817,40,60,19,22,21,38
0.665956754117041,0.693424098663767,0.587662841738296,29,57,9,16,20,41
0.720597213742577,0.785160977387672,0.614145463687003,43,61,22,24,21,37
0.7187010715956,0.768579051087288,0.5732802124834,39,45,18,13,21,32
0.755243835354332,0.825809880376294,0.569182995213715,33,63,16,18,17,45
0.702572510739978,0.745977628508488,0.608405660263161,31,67,11,16,20,51
0.679372758361832,0.722748699645255,0.565315808689303,38,55,14,11,24,44
0.738913062587904,0.78754115267578,0.625301446945338,36,56,17,20,19,36
0.756559278658726,0.800214137904064,0.625208141938447,33,56,16,15,17,41
0.695741877990662,0.747434684467133,0.500599850390256,41,57,17,13,24,44
0.69737884727667,0.745034310742122,0.535934566908018,38,57,15,11,23,46
0.756690827989964,0.792418430593421,0.548266063831457,34,51,16,12,18,39
0.711428238922347,0.768206643411528,0.589836045364891,27,52,12,8,15,44
0.740811727534616,0.764459824199667,0.562285641698776,34,57,13,14,21,43
0.776591412129261,0.822931546212962,0.624214398179389,45,61,26,22,19,39
0.718802741007341,0.769888940991898,0.644969182075629,39,58,18,18,21,40
0.715675850591716,0.764451167972138,0.649972411492218,52,63,22,21,30,42
0.709370078740157,0.739511869260728,0.610850675428989,30,55,8,9,22,46
0.69947451830845,0.751270648220431,0.616774804777216,38,56,18,18,20,38
0.751811724187415,0.803692122089689,0.626314563365282,33,48,18,17,15,31
0.71812959149953,0.793562828663691,0.577907359693136,31,41,18,12,13,29
0.811656746031746,0.846185323884834,0.620423387096774,40,60,22,16,18,44
0.782873338909023,0.816496761785215,0.595581012720397,34,66,20,15,14,51
0.727449723974763,0.771883221937535,0.587600213059452,32,59,14,15,18,44
0.713333333333333,0.747265229492846,0.595951417004049,30,65,12,19,18,46
0.703293963254593,0.741385185747199,0.59693622689682,30,43,8,8,22,35
0.739937086730436,0.785721944274155,0.612953632712669,37,55,17,15,20,40
0.644119970262987,0.692648667501918,0.566774193548387,34,60,11,11,23,49
0.730227925809822,0.75887044517705,0.556659886587771,24,52,10,15,14,37
0.728209191759112,0.799612953648965,0.631399577988783,38,58,17,18,21,40
0.713200756420423,0.755829729034571,0.613293891585761,39,64,11,9,28,55
0.715223977714065,0.759574228231691,0.586042419190516,39,61,20,12,19,49
0.72276681067049,0.7656827082437,0.588084331010766,41,63,19,14,22,49
0.735090197085447,0.779850741488888,0.543570309522801,37,57,21,17,16,40
0.713918336386006,0.75237451783618,0.533225806451613,43,60,13,12,30,48
0.740409669947886,0.789586304184311,0.644441878071627,44,63,20,21,24,42
0.814441520388508,0.858826760968693,0.578926615553122,29,55,16,13,13,42
0.751116662881369,0.794850749397864,0.614699528239496,42,74,23,25,19,49
0.712011224303056,0.773811703448797,0.545617411724831,39,67,16,17,23,50
0.792204751577287,0.83670084532659,0.703249800319489,32,48,19,18,13,30
0.713675035449162,0.747230205378417,0.560033602150538,38,60,15,14,23,46
0.738211598052235,0.779582699158555,0.563174666972898,45,56,22,12,23,44
0.696261582247331,0.732312149532331,0.552924926425676,37,58,13,11,24,47
0.745641838351823,0.780260955841135,0.610879572399016,38,69,16,19,22,50
0.759810179275129,0.777320535009826,0.555933380362418,43,74,21,16,22,58
0.764248642701681,0.782765586728318,0.61418552919801,33,47,15,11,18,36
0.79038101340694,0.830213525903087,0.642129427486471,32,61,20,22,12,39
0.722889747615022,0.784533859165989,0.578555638493339,26,56,11,12,15,44
0.801719160104987,0.832300066596355,0.625760615996998,30,49,16,14,14,35
0.739079238601151,0.804263684806426,0.677285863430724,45,53,22,18,23,35
0.768214285714286,0.808235667732458,0.693181996577654,40,51,18,18,22,33
0.692429904166349,0.739754883091001,0.584480106138234,31,57,13,11,18,46
0.772476340694006,0.834059610805506,0.490506855697551,32,48,20,12,12,36
0.62987096360018,0.669484546221309,0.603682795698925,37,60,10,11,27,49
0.795254073565673,0.835892529173286,0.619634843659525,31,44,18,16,13,28
0.749824191279887,0.796058228612444,0.588995983935743,36,55,16,12,20,43
0.723530183727034,0.776820494988117,0.628284584745259,30,54,13,18,17,36
0.776098901098901,0.820746743224662,0.582216065686725,26,56,16,14,10,42
0.777654437475717,0.812526396187688,0.608720024914357,43,65,25,25,18,40
0.753209677156234,0.818728299452808,0.537015098722416,49,70,27,17,22,53
0.767716535433071,0.825297889820552,0.659815005138746,30,49,19,17,11,32
0.751263477088949,0.817660602647058,0.604631115867071,28,54,15,15,13,39
0.754878728742682,0.783210518671015,0.560677994336165,34,58,16,16,18,42
0.750671890377773,0.789686199221323,0.586018545962654,42,57,22,15,20,42
0.754910751522229,0.801965924702337,0.652084841366312,38,59,20,17,18,42
0.737335104028331,0.782992557421524,0.600424489795918,45,75,21,23,24,52
0.803363237186766,0.838277503107169,0.658448327289282,42,51,23,14,19,37
0.784506963162624,0.817700441244262,0.557702595707346,28,37,14,10,14,27
0.789611902250351,0.827885412243397,0.601364692218351,36,70,19,23,17,47
0.803501984126984,0.842106205212435,0.59317186930012,40,62,22,17,18,45
0.702970073404856,0.76050264554039,0.606451612903226,35,60,16,15,19,45
0.739732379438262,0.781928948278754,0.635205786860198,42,68,18,22,24,46
0.752177355502771,0.785084493953505,0.576641659720293,37,61,19,17,18,44
0.757630289351146,0.799116733803064,0.602135222183727,39,63,23,22,16,41
0.752912828646373,0.775269734379325,0.585205559664694,39,52,16,14,23,38
0.72466744371057,0.763752236540755,0.539526484751204,43,54,16,13,27,41
0.781535855448899,0.809613029167477,0.719656764065963,35,39,19,14,16,25
0.756746573729572,0.79891068151836,0.610134875957661,51,79,26,20,25,59
0.776181102362205,0.823018388152407,0.583873198684563,30,57,14,12,16,45
0.763369069782371,0.793792936141955,0.618168794767985,37,65,21,22,16,43
0.681057542102673,0.731202027992361,0.543196298543689,37,64,13,17,24,47
0.724147279179811,0.769395168165815,0.536805236564079,32,56,15,16,17,40
0.72848176059203,0.769884786431685,0.610335760517799,41,64,20,20,21,44
0.721547619047619,0.774523175182401,0.566953279092702,40,52,21,14,19,38
0.780716198610307,0.820465434098215,0.593868883214342,44,62,23,24,21,38
0.683370951015677,0.732569787484508,0.468087185366616,39,62,15,14,24,48
0.741515390686661,0.782771019922979,0.545456,33,50,20,12,13,38
0.743260994246175,0.796015489130891,0.648053441467068,43,53,17,11,26,42
0.723357686269774,0.774269345395702,0.560265272148234,26,44,9,7,17,37
0.812247388088157,0.830529750082263,0.582477190540316,31,53,13,12,18,41
0.746561679790026,0.795616076179975,0.592879376232742,30,52,16,14,14,38
0.79675248921566,0.816856619923445,0.581575555881825,29,49,15,14,14,35
0.739557197286497,0.784631348638617,0.56344,34,50,19,16,15,34
0.83732682262094,0.862697487124984,0.57893900328471,42,69,28,21,14,48
0.72609126984127,0.787532707239419,0.585292923987777,40,68,14,11,26,57
0.755852970334782,0.806442304375401,0.605425516884096,31,51,16,14,15,37
0.767118092172208,0.797190359772315,0.585765019905899,43,72,22,23,21,49
0.673863836146273,0.722124876256788,0.592564828696763,36,58,12,15,24,43
0.779558345149721,0.797446775260791,0.640144,38,50,22,14,16,36
0.792187722401838,0.829092053372554,0.593090591239979,39,59,22,16,17,43
0.756064580410338,0.790531984562025,0.57362113845096,39,66,17,15,22,51
0.802093253968254,0.836241769528156,0.653128094220647,40,62,22,20,18,42
0.771804062126643,0.839100476969577,0.584846465656061,31,58,14,14,17,44
0.786535249648383,0.82106471926196,0.621356461450932,36,61,18,19,18,42
0.737476193533201,0.790046268149717,0.581142292540837,37,63,17,11,20,52
0.821657652035226,0.836438254209809,0.584156287456355,46,62,27,19,19,43
0.760985379938592,0.792770147916321,0.634764579989299,39,54,17,17,22,37
0.761732181024068,0.801025361154603,0.622898868200073,34,55,18,19,16,36
0.743604957805907,0.780030242358648,0.610847354100728,36,58,17,16,19,42
0.735793606542143,0.780276749010014,0.59755169196012,34,66,13,15,21,51
0.752987012987013,0.786858075059973,0.59316,35,50,19,16,16,34
0.750865376595212,0.799510917024228,0.612544,38,50,20,15,18,35
0.744947030945079,0.804852463481734,0.566273511802803,34,49,18,9,16,40
0.749179304918744,0.806041772025391,0.607302453155818,29,52,15,9,14,43
0.710050818746471,0.777430777601082,0.562617016850427,35,46,17,12,18,34
0.754214313880126,0.789203970702192,0.542096422235828,32,51,14,11,18,40
0.68609824957651,0.708129571152779,0.583333333333333,35,58,12,14,23,44
0.806425748164879,0.851623297063701,0.584774100098619,35,52,19,14,16,38
0.733999837217504,0.773342960151177,0.552917985451719,29,58,11,15,18,43
0.747754958083507,0.814118995632516,0.596941807746515,29,47,15,16,14,31
0.784799138537271,0.824369200305187,0.643552761341223,36,52,20,17,16,35
0.743386291256514,0.786882843406416,0.629528249685068,44,69,21,21,23,48
0.777907108789462,0.819773400410097,0.680749128919861,42,70,23,25,19,45
0.774878870467106,0.811425846287032,0.57875605815832,42,62,22,16,20,46
0.728412073490814,0.741636158090226,0.500433003345163,30,47,8,10,22,37
0.78875,0.836616122590692,0.678413527790538,40,56,22,19,18,37
0.76323907941555,0.799075179024916,0.63819033530572,42,52,17,14,25,38
0.72992125984252,0.747734422723506,0.604609267340377,30,56,12,13,18,43
0.702821336224873,0.719251155762415,0.530339458112737,38,65,13,12,25,53
0.759142053445851,0.811713102300583,0.647049731182796,36,60,17,21,19,39
0.716489981683965,0.754800938595985,0.595650996597558,43,69,20,23,23,46
0.747900984365953,0.79772888390818,0.557856281580156,44,56,23,18,21,38
0.787914663605271,0.817121811099468,0.615706536208733,33,48,17,10,16,38
0.728937463810075,0.781856136746227,0.594708847695789,44,61,23,16,21,45
0.700320280833816,0.751483222668122,0.579900342572407,44,65,20,17,24,48
0.692124040261537,0.74514590609287,0.575305309675968,29,61,13,16,16,45
0.799650257223612,0.830481912561867,0.652196570952108,39,62,20,22,19,40
0.714524371069182,0.769917252213047,0.63404386315229,28,48,13,10,15,38
0.702154057886396,0.759871259213586,0.559152,38,50,18,14,20,36
0.727868690851735,0.780854392280367,0.564341397849462,32,60,14,15,18,45
0.721031498412871,0.764153698617096,0.504177219541824,29,71,12,13,17,58
0.775671406003159,0.829003827843372,0.590238095238095,34,70,19,19,15,51
0.667616,0.694433385615846,0.563056229773463,50,64,18,16,32,48
0.709383202099737,0.75171317588764,0.579138062547674,30,46,12,6,18,40
0.72580699937172,0.770071694201555,0.624407212465475,47,62,22,21,25,41
0.750491247882552,0.797136265718163,0.653319892473118,35,60,21,25,14,35
0.757809241804988,0.810508441864366,0.577176,38,50,22,15,16,35
0.775656324582339,0.808041775325658,0.577463876709034,43,43,22,8,21,35
0.808134920634921,0.833213703069921,0.628998729645456,40,63,21,18,19,45
0.711870082035828,0.73377664811131,0.55597662700597,33,57,12,14,21,43
0.823611460896182,0.857999640373924,0.608791529755385,41,55,27,17,14,38
0.739901581934549,0.802837166422434,0.647920339409907,26,41,15,14,11,27
0.675839895013123,0.746947404306403,0.648550724637681,30,58,13,18,17,40
0.69564501443267,0.738662511838278,0.567327447387417,41,58,17,15,24,43
0.749945059774965,0.797875305589652,0.569476343592099,36,56,20,13,16,43
0.803259455440944,0.818158399246645,0.626549835706462,34,55,19,12,15,43
0.717807396501288,0.76404430457541,0.639333111222167,41,58,17,12,24,46
0.725514816675038,0.7758830660922,0.674888,33,50,15,19,18,31
0.73938785604143,0.793815252950049,0.570994057952605,27,57,12,13,15,44
0.708981683509417,0.760562339016218,0.563156809039755,56,71,24,20,32,51
0.677022793044892,0.730184921835809,0.553891080097087,33,64,13,13,20,51
0.770061119873817,0.807121985703632,0.536117674374138,32,59,9,8,23,51
0.725661480309423,0.796227177790196,0.544628339140534,36,70,17,14,19,56
0.671842035864979,0.707981500511219,0.600759887885394,36,65,15,21,21,44
0.791341418083821,0.815645443818676,0.634771223096566,34,62,16,17,18,45
0.806990881458966,0.837174736998235,0.660801830264735,47,67,27,30,20,37
0.808614441037078,0.838026519099409,0.626536,34,50,21,17,13,33
0.683344564240791,0.735986816855182,0.554540365181442,28,56,11,14,17,42
0.766376675867508,0.804483193767419,0.551763560147352,32,57,16,16,16,41
0.784972854033627,0.834117249829484,0.657517547574136,33,63,22,24,11,39
0.71814230153283,0.751722817190125,0.511058418370947,31,57,9,10,22,47
0.766494435612083,0.797166471676281,0.588665011459129,42,68,24,18,18,50
0.731582586063157,0.782824516727461,0.547815227377124,39,56,17,16,22,40
0.713045578179415,0.786451074700109,0.507442543563688,31,61,15,19,16,42
0.751160940593144,0.785497014992609,0.623813093453273,43,58,20,19,23,39
0.756577442232898,0.829706287959919,0.66514156161652,31,59,18,21,13,38
0.776582996297961,0.827860209293861,0.67616935483871,37,60,18,22,19,38
0.733150584087255,0.771229567727054,0.639902611775122,41,45,18,16,23,29
0.80901841868823,0.871087799351518,0.58345927221477,28,47,19,16,9,31
0.690003565909901,0.745300274896525,0.609346290767111,47,56,15,16,32,40
0.781705606051363,0.826475083462613,0.646615553121577,39,55,23,18,16,37
0.76955611134834,0.816219563076285,0.627415279953705,39,57,20,16,19,41
0.691800571766562,0.764574915268082,0.567119386637459,32,55,14,14,18,41
0.75542015367298,0.803889503256818,0.590297714745062,49,56,31,21,18,35
0.747278755525899,0.780816829019238,0.621516719745223,38,44,18,12,20,32
0.741735281097831,0.8057577403498,0.60898616739793,45,73,24,21,21,52
0.720968059936908,0.777317752046421,0.551851466611192,32,46,15,12,17,34
0.774174260362106,0.800190204626649,0.563551512989715,33,54,18,14,15,40
0.795317883203869,0.844705769403548,0.60583424607521,37,55,25,20,12,35
0.742298578199052,0.814682019712578,0.627330343084719,34,61,19,21,15,40
0.832038590441504,0.85487301627817,0.710329301075269,41,60,23,26,18,34
0.777645921237693,0.831164571714786,0.629939516129032,36,60,23,18,13,42
0.755406930491573,0.807974646538655,0.598180845371857,43,54,24,18,19,36
0.798736622689951,0.834005373549244,0.606288952730812,31,51,17,14,14,37
0.803402777777778,0.837200468763341,0.609245808451998,40,56,20,18,20,38
0.742577362698634,0.782943646793762,0.625289373742264,34,53,16,19,18,34
0.790545886075949,0.835897305689671,0.613968477262288,36,56,23,18,13,38
0.733199492814877,0.787909578231045,0.607482144095416,26,46,13,15,13,31
0.729552899513059,0.779329318546779,0.531234382808596,45,58,22,17,23,41
0.749136904761905,0.784987232177751,0.610856907675733,40,67,17,19,23,48
0.730147813789496,0.808346700097159,0.6022356776898,41,57,23,19,18,38
0.749373235460192,0.79544375703649,0.620000252831715,35,64,19,23,16,41
0.77640667115903,0.803933174357183,0.621091195529398,28,54,18,14,10,40
0.743992917220009,0.782282455486333,0.594120034377387,45,68,22,24,23,44
0.707959739803094,0.759389352373539,0.632629197006473,36,64,16,23,20,41
0.793838862559242,0.833835932296192,0.616413068477564,34,67,20,25,14,42
0.732816711590297,0.757676426111353,0.583654189655857,28,61,13,17,15,44
0.749477279063284,0.795173622801055,0.592634408602151,34,60,15,19,19,41
0.748081574776879,0.816393563630116,0.613216502373129,38,55,24,18,14,37
0.820587238848108,0.8454031787655,0.678557073954984,35,56,22,20,13,36
0.756654262998434,0.805697239369095,0.612259948886455,39,55,16,12,23,43
0.723531304413657,0.771176814548478,0.578125,42,56,16,11,26,45
0.740985919314143,0.762401465879073,0.568120468218518,29,67,10,12,19,55
0.668937007874016,0.722165422132569,0.545224219108865,30,56,9,7,21,49
0.80621408045977,0.845718841166251,0.586635808889813,24,46,12,11,12,35
0.747747177185871,0.776965880538321,0.530127960275019,44,68,21,15,23,53
0.821034211454462,0.85137889332677,0.610075205142009,29,49,14,12,15,37
0.704372421007769,0.743644843560618,0.587531924773624,41,59,19,14,22,45
0.744248999593418,0.801345492652146,0.658953597010277,37,65,16,22,21,43
0.722215618685368,0.774619260919363,0.586056865928189,47,68,20,17,27,51
0.74279009197211,0.796616093332112,0.619101861993428,29,55,17,16,12,39
0.782986111111111,0.822276775022035,0.669016668783786,36,57,22,23,14,34
0.778818897637795,0.811209247251843,0.587201060157791,30,52,15,15,15,37
0.791806058916458,0.841133463508172,0.639608,34,50,18,16,16,34
0.760833333333333,0.81703327488143,0.52257594673325,40,54,23,14,17,40
0.762801655066848,0.814624260992773,0.599772762558044,33,57,16,18,17,39
0.73828345567476,0.771522580189491,0.617564308681672,35,56,15,12,20,44
0.770404271548436,0.794862904731646,0.594979372329453,46,66,25,19,21,47
0.697634978161881,0.750072162037116,0.575433871480232,34,53,17,22,17,31
0.779491812535291,0.815090124893505,0.656954365079365,35,40,19,16,16,24
0.70843734831149,0.750014892800033,0.636071467480118,46,67,21,19,25,48
0.728104929518726,0.76666814636282,0.613215112496406,38,53,19,18,19,35
0.748203054806828,0.822391209617701,0.61521967284308,28,44,15,17,13,27
0.730565518391859,0.780837715296853,0.644944,38,50,17,13,21,37
0.712769541778976,0.724209083425587,0.570528603691566,28,47,10,11,18,36
0.712670807453416,0.768233046954135,0.569326447887168,35,58,17,7,18,51
0.701718359518782,0.758368922925293,0.572493279569892,41,60,16,13,25,47
0.724687968682478,0.76317038898488,0.60264,31,50,14,16,17,34
0.732872200263505,0.780446960812694,0.634039240112115,46,65,23,21,23,44
0.832558021302016,0.881070397249578,0.652975963642009,31,57,17,21,14,36
0.724167137210615,0.783559980616689,0.612856,35,50,15,15,20,35
0.735830761531404,0.779673794428267,0.571512854683769,38,58,20,15,18,43
0.754801775668073,0.799664072131728,0.609507128100499,36,63,15,14,21,49
0.72395011829653,0.744844121889001,0.593958141938447,32,56,15,17,17,39
0.778541666666667,0.826858583340327,0.603261554682039,40,71,21,20,19,51
0.813195092200617,0.854382043218693,0.622803144792923,33,47,21,16,12,31
0.712712743244068,0.772442083746108,0.586054160602345,39,71,20,18,19,53
0.749090909090909,0.789784166624841,0.555496746693766,35,57,15,9,20,48
0.736406356959168,0.800490166893014,0.516830985185416,43,79,23,20,20,59
0.775229010523128,0.810142072173299,0.594224241214058,42,48,26,13,16,35
0.77706937247348,0.824932632111996,0.548425298576022,29,56,18,17,11,39
0.724946357989836,0.761194875507726,0.594596922370234,35,56,18,15,17,41
0.791170634920635,0.826412208322801,0.689773519163763,40,70,21,26,19,44
0.764865658493613,0.810734309779063,0.638523928604507,49,61,30,26,19,35
0.728616600790514,0.771524752110087,0.657914484738739,35,49,12,13,23,36
0.721170634920635,0.745874326425365,0.607670140264139,40,59,14,18,26,41
0.763501984126984,0.799818891891178,0.617036638054527,40,71,21,21,19,50
0.747003066629495,0.791480384362991,0.673152587419876,34,62,13,15,21,47
0.765163502109705,0.785406076913076,0.628703906535232,36,55,14,12,22,43
0.736523719473759,0.779867831974031,0.643102372034956,39,54,15,9,24,45
0.633793327757643,0.682698151308002,0.574450529390288,34,55,8,14,26,41
0.797515772870662,0.858284317199956,0.603688979289941,32,52,21,13,11,39
0.754642857142857,0.792783260164212,0.549812218180106,40,69,21,17,19,52
0.741615565144977,0.77300592897696,0.562389201629708,42,79,18,17,24,62
0.731269716088328,0.777844851821432,0.629072037039839,32,53,16,16,16,37
0.657480772583738,0.695391195791478,0.556425556308302,41,62,16,22,25,40
0.779396974171321,0.81648394081896,0.596589996349032,37,55,22,18,15,37
0.695558585061347,0.742210341256719,0.529758064516129,33,60,14,13,19,47
0.763262156977229,0.815093390288569,0.613078572501673,38,59,20,18,18,41
0.802558398220245,0.822705045534545,0.57559251132412,29,63,16,15,13,48
0.756278086174993,0.805118732893722,0.6316,39,50,21,16,18,34
0.757182943939486,0.787490436822288,0.615261347647089,39,62,19,22,20,40
0.731626984126984,0.782024017610776,0.581841703106323,40,53,17,11,23,42
0.766570141570141,0.812829079740905,0.611058994416789,42,53,23,12,19,41
0.789689842887309,0.824721882146314,0.639681657603302,41,61,24,22,17,39
0.783240445859873,0.809741638682243,0.637775649526055,44,66,24,19,20,47
0.686155348761496,0.724115131307549,0.557096,29,50,11,9,18,41
0.756840761503025,0.801065422611654,0.577349002032414,43,62,24,20,19,42
0.795403921568627,0.833764179711879,0.603133819475032,25,49,15,10,10,39
0.762230431309904,0.804162450786084,0.601262655425954,48,63,25,18,23,45
0.758767009264621,0.792401960711798,0.522308290299295,44,58,20,10,24,48
0.801508280757098,0.86171298361579,0.641868913806526,32,59,21,19,11,40
0.705800524934383,0.765061685752331,0.569950382149901,30,52,13,16,17,36
0.660651133763262,0.703926808466866,0.583579844255663,46,64,18,15,28,49
0.759602833237037,0.795263521087472,0.608239095315024,37,62,18,15,19,47
0.726818301403937,0.797816804566628,0.61753046542358,33,49,15,15,18,34
0.757348544641362,0.79500731092589,0.528861720960494,33,53,17,13,16,40
0.763724068213783,0.804428435984445,0.598381901938895,36,63,18,13,18,50
0.756116097278518,0.800264554740092,0.693650953146532,44,56,21,19,23,37
0.787959274015051,0.827420125198232,0.662111348909102,45,54,27,19,18,35
0.78472049689441,0.838650062161589,0.565819642205184,35,55,23,18,12,37
0.790152721482339,0.84250791805412,0.607029818424121,44,58,26,18,18,40
0.823309748427673,0.85146895270137,0.616307462138855,28,57,17,14,11,43
0.736393909352043,0.773514853598101,0.597627415279954,31,57,16,15,15,42
0.761200781702374,0.814449944840908,0.62528,44,50,28,17,16,33
0.779626768096993,0.809111026444152,0.643431952662722,47,65,26,22,21,43
0.725622534516765,0.783025116013214,0.638287476895184,52,69,26,19,26,50
0.716045023645974,0.778604395551968,0.627122791562668,37,49,17,13,20,36
0.756577380952381,0.792416199804723,0.579528565483622,40,54,20,17,20,37
0.716519617507887,0.775384336215294,0.578782114753244,32,62,17,18,15,44
0.775144356955381,0.815561274110848,0.579744069912609,30,54,15,13,15,41
0.753426726140693,0.791612154871594,0.641921204072598,34,45,17,15,17,30
0.771265974440895,0.824657813294572,0.622390650802388,48,57,27,18,21,39
0.729068241469816,0.784805375405885,0.559258715476598,30,49,15,11,15,38
0.784946357989836,0.831333104019435,0.655677254472435,35,55,21,20,14,35
0.780866315869748,0.815737203538211,0.612617743702081,31,55,17,14,14,41
0.783580492606621,0.815020482218693,0.622168322893609,37,51,19,13,18,38
0.775532334384858,0.811654851155201,0.650763926044825,32,54,16,20,16,34
0.731401824203068,0.768896274719262,0.554508757815698,43,57,21,16,22,41
0.765441959531416,0.826596645395604,0.601616329811667,48,56,32,21,16,35
0.725551181102362,0.754756537944969,0.559484146815481,30,58,13,10,17,48
0.787119652253489,0.830566580002547,0.627382256297919,31,55,16,18,15,37
0.728419479606188,0.772569172047791,0.579426824911682,36,61,17,16,19,45
0.726647055558639,0.773647155689622,0.602776869908366,43,67,16,16,27,51
0.692521106885748,0.744652360339958,0.639792158394322,33,47,13,10,20,37
0.712753411008764,0.740383314191544,0.674398342203175,39,51,17,18,22,33
0.714997176736307,0.745165340211771,0.680770252324037,35,45,13,13,22,32
0.799394406282767,0.841828458330584,0.648824386183937,37,54,24,16,13,38
0.707230154743967,0.756761207278356,0.626841397849462,33,60,15,17,18,43
0.767042457805907,0.823286502539528,0.54464,36,50,22,12,14,38
0.776325459317585,0.794873890780946,0.534785387313477,30,54,14,14,16,40
0.770948982289188,0.820802669645735,0.608030642555631,39,62,22,19,17,43
0.723402777777778,0.761026684716144,0.605259870064968,40,58,14,10,26,48
0.763333333333333,0.827437833447076,0.597063140215763,30,53,17,17,13,36
0.713664596273292,0.755666890873074,0.605799041232467,35,59,14,17,21,42
0.803849206349206,0.852003905590711,0.603850627022654,40,64,28,24,12,40
0.76976108403661,0.795276589858253,0.63377758409897,47,67,22,25,25,42
0.700957160115231,0.762014861560621,0.531066843736166,34,45,11,9,23,36
0.755160980899157,0.791947424363914,0.554927312018074,38,66,17,16,21,50
0.76928259455441,0.811955740760231,0.578973642172524,34,48,17,12,17,36
0.751977470058358,0.785901655823947,0.628120377218935,39,52,18,19,21,33
0.724677716390423,0.759508505531434,0.587211189679751,33,57,13,9,20,48
0.728950325150659,0.759813187875238,0.623110252908209,23,51,8,8,15,43
0.719868766404199,0.760076142342718,0.621218536172305,30,59,12,17,18,42
0.717369873817035,0.766199629618838,0.605375653860337,32,59,14,18,18,41
0.761639709797657,0.809568346240213,0.610361175448755,48,44,28,14,20,30
0.730810333612118,0.766998066513632,0.594169454206716,34,57,18,15,16,42
0.737837301587302,0.782783145881327,0.592291618295798,40,59,19,19,21,40
0.802388522976758,0.82930150886644,0.494870620245433,42,58,24,16,18,42
0.736130471145804,0.784790794261865,0.588749629504171,34,57,20,16,14,41
0.778610736747529,0.801231342707636,0.599577908566673,28,54,10,12,18,42
0.744851833249623,0.792599482517576,0.60105399408284,33,52,15,12,18,40
0.742919440335306,0.792069380430884,0.540087592272101,52,69,28,16,24,53
0.798539004259851,0.838409823645358,0.642189885924728,48,63,31,23,17,40
0.733648293963254,0.779225010631221,0.597433726218605,30,59,14,12,16,47
0.733031496062992,0.746184200241974,0.56436,30,50,10,7,20,43
0.788699561525226,0.830904893002443,0.637643552072143,43,53,25,16,18,37
0.704958712152807,0.761789490198294,0.585877250388164,38,63,17,20,21,43
0.75825130283729,0.809455156608928,0.611378691343042,44,64,21,17,23,47
0.758790436005626,0.802793830041639,0.567969108865411,36,56,17,14,19,42
0.749810364285582,0.79189386437752,0.64795493728078,43,54,24,19,19,35
0.708793375394322,0.748355263680605,0.655062796393768,32,62,16,19,16,43
0.810982142857143,0.847054845622725,0.637983870967742,40,60,23,21,17,39
0.712753247413508,0.758532496931727,0.529404328478964,31,64,16,14,15,50
0.723851682520002,0.783129923141186,0.642340102978735,41,59,21,22,20,37
0.742857142857143,0.771313083034125,0.624637096774193,40,60,13,14,27,46
0.746502116667863,0.781993278167164,0.508896,33,50,15,13,18,37
0.746453103935289,0.785629002032354,0.628373758991737,37,54,17,14,20,40
0.803136230907457,0.849318434055422,0.572316413563553,28,46,18,13,10,33
0.764105139795748,0.828438772542093,0.651856,33,50,16,10,17,40
0.738621031746032,0.805372710462142,0.668064516129032,40,60,20,21,20,39
0.744970262986711,0.807514751023948,0.671259318423855,34,48,17,17,17,31
0.7321709344115,0.778639624995609,0.57162178229594,28,54,14,13,14,41
0.781624452895171,0.803830378609489,0.594719905153068,33,57,17,15,16,42
0.751351706036745,0.797294607780727,0.573334103245179,30,63,15,19,15,44
0.76201832084185,0.802720918873295,0.593873697207394,42,67,19,18,23,49
0.757343129405485,0.812454185662184,0.600752688172043,51,60,29,14,22,46
0.826486779547919,0.865867700371413,0.626324961802903,38,68,23,20,15,48
0.739877065843917,0.799117030671552,0.621791550887769,33,51,17,18,16,33
0.746167385873268,0.794756571232564,0.602752829499817,42,55,19,14,23,41
0.738164356059578,0.796960139815402,0.605946437376726,29,52,15,14,14,38
0.727261434217956,0.774500365111175,0.558432934926959,35,45,19,10,16,35
0.733682523737772,0.775595864187804,0.643329006922258,33,48,16,16,17,32
0.733343501359974,0.794396604027547,0.587346577907219,31,46,17,13,14,33
0.749221031338195,0.795369251911084,0.596966911764706,49,68,24,21,25,47
0.626542552161026,0.682325405386476,0.557441839576035,41,63,14,16,27,47
0.748690843243772,0.783703061700543,0.615891980576615,49,61,27,24,22,37
0.751835331288914,0.805314189784842,0.571015229142849,34,57,15,13,19,44
0.721255739165811,0.773590994192322,0.565611958891311,41,65,18,12,23,53
0.721806888763411,0.771574499740504,0.605322216277273,35,54,17,11,18,43
0.688368055555556,0.758651863866712,0.598685974792169,36,57,17,20,19,37
0.75010498687664,0.796686674969143,0.599364683899097,30,65,15,18,15,47
0.805217071233461,0.84248774545555,0.620470383275261,41,70,27,24,14,46
0.72594246031746,0.78649941510342,0.630324936108068,40,55,17,16,23,39
0.701619273301738,0.740955662872226,0.606906005971521,34,56,13,16,21,40
0.659405006382861,0.705460757157712,0.58505172827483,43,57,15,13,28,44
0.761570411392405,0.814545974606359,0.52166787309305,36,59,20,16,16,43
0.72782676790031,0.797531140132141,0.524075347423277,23,44,12,8,11,36
0.760217699557928,0.817995009939021,0.671233827530679,38,58,19,23,19,35
0.716925938123559,0.752970978490374,0.565832887462101,41,54,14,13,27,41
0.767667967660998,0.798836582754094,0.535158817086528,34,55,14,12,20,43
0.718090717299578,0.751218317607568,0.616323782553168,36,58,16,15,20,43
0.745495495495495,0.804997897388724,0.60295646148516,42,63,21,18,21,45
0.726896,0.75385776331196,0.531216520090889,50,69,17,13,33,56
0.719841897233201,0.764918447660893,0.597632,35,50,14,13,21,37
0.749933439829606,0.790537183177891,0.675178231292517,48,75,27,27,21,48
0.726712460679206,0.771180876777108,0.605481981231606,37,58,18,16,19,42
0.778743780883327,0.810865291601293,0.649469086021505,47,60,23,16,24,44
0.784500652671674,0.831595774541731,0.56725630644659,37,65,21,22,16,43
0.730982567353407,0.766529420121798,0.61204,38,50,12,10,26,40
0.809873857243319,0.842405841458567,0.621597494363832,36,53,21,15,15,38
0.782574648462769,0.839960197295331,0.56275077598607,23,42,12,10,11,32
0.780611764705882,0.822055550663901,0.656166399143927,25,54,14,19,11,35
0.751865633705443,0.785016083670594,0.629277675700505,39,56,20,16,19,40
0.759884183456365,0.812429715183027,0.558345740881965,43,67,25,21,18,46
0.755504125927467,0.818210533541793,0.61203022875817,46,76,25,21,21,55
0.730660589330423,0.761484459547027,0.498657843362425,37,56,18,13,19,43
0.767956349206349,0.807331338165408,0.620890752400334,40,59,18,15,22,44
0.804861868994886,0.838135177268767,0.685484709798211,37,46,20,14,17,32
0.728629849449913,0.76906384521346,0.566592741935484,44,60,23,18,21,42
0.640810554253279,0.702969733544252,0.642147506484608,41,49,16,19,25,30
0.752291666666667,0.788828265400343,0.61084,40,50,18,16,22,34
0.735111283787534,0.78432613971034,0.630793324524054,43,49,22,16,21,33
0.76845016743446,0.815186162465864,0.62264431365555,43,54,21,16,22,38
0.727161841176093,0.769524164838616,0.634830230010953,37,55,17,16,20,39
0.751107636174094,0.799185220957107,0.546544843821773,21,56,10,14,11,42
0.672072275550536,0.720526823876623,0.555108608205953,35,57,14,17,21,40
0.675525559876967,0.71395642362514,0.60406368782525,31,49,11,13,20,36
0.750579160094637,0.778751078993122,0.67940188172043,32,60,15,19,17,41
0.792924764367337,0.836643539728381,0.616524800150696,38,69,20,19,18,50
0.716919595314164,0.766040081272314,0.574068232215923,48,89,23,26,25,63
0.771169530599198,0.811721698742044,0.555743035009862,41,52,23,11,18,41
0.80379565186195,0.834849831175541,0.540306681270537,33,55,21,21,12,34
0.764910714285714,0.81579859728982,0.656511476600445,40,53,23,17,17,36
0.727141182942288,0.779719314256232,0.63373868621245,33,58,14,19,19,39
0.746672910094637,0.802039215645484,0.556040422599908,32,56,17,9,15,47
0.790922929351906,0.817816570909937,0.579955213596693,38,56,20,18,18,38
0.75273253450049,0.7941507470174,0.618569131832797,33,56,16,13,17,43
0.785834932021019,0.825204204903711,0.555018500182396,38,62,21,15,17,47
0.757245662460568,0.799683755163992,0.574012413289522,32,55,18,12,14,43
0.794415714404871,0.834865615721472,0.552506720430108,38,60,23,16,15,44
0.766916846377205,0.802458833634348,0.654346240033352,47,62,24,17,23,45
0.773805892759104,0.803955217050879,0.610947580645161,39,60,20,22,19,38
0.702780875383329,0.731749883356686,0.615216,34,50,12,10,22,40
0.741641337386018,0.794275464657827,0.617425446496898,47,69,19,20,28,49
0.756234271333791,0.792792626596299,0.633159443552702,31,54,16,12,15,42
0.733846834882691,0.770107326146733,0.614388041108689,45,65,22,22,23,43
0.704267726047765,0.73846572288552,0.600396504600223,34,63,15,21,19,42
0.770242800677583,0.784204999258801,0.559616,35,50,13,8,22,42
0.741435824132492,0.790492318537228,0.550768070495773,32,61,14,17,18,44
0.709002499079796,0.74815975994637,0.611348500596682,41,63,17,18,24,45
0.722292179236327,0.780564440514071,0.616952,41,50,19,14,22,36
0.642870548002336,0.669708952044722,0.593229523512924,38,65,8,13,30,52
0.73224414046209,0.787740475525766,0.55810704894822,38,64,18,16,20,48
0.723605086750789,0.780198594772117,0.567824445633434,32,54,17,12,15,42
0.818829365079365,0.878143149310744,0.567024952539642,40,59,27,17,13,42
0.695861316164363,0.75631070327629,0.555819892473118,43,60,20,15,23,45
0.704971004258415,0.737951293506235,0.631734438869408,37,41,15,11,22,30
0.725576695583596,0.754949137067982,0.614555112881806,32,45,12,13,20,32
0.737165354330709,0.772625170993929,0.589434449441945,30,58,16,17,14,41
0.821948769462582,0.862440804174774,0.645331951835979,33,51,24,20,9,31
0.719949354149243,0.758725129489942,0.5670961892872,34,54,14,14,20,40
0.680719339622642,0.734014560905954,0.63833554670208,28,45,11,10,17,35
0.769631375287306,0.813705523927097,0.591606905710491,27,45,15,11,12,34
0.782755505364201,0.82651334240029,0.575524692664888,35,57,17,11,18,46
0.737083244541739,0.780581549671591,0.603957675944678,41,51,15,15,26,36
0.763723150357995,0.815665661140751,0.629966265586801,43,59,23,15,20,44
0.725333481341696,0.774604442924922,0.583974105082014,43,59,19,14,24,45
0.734590040870798,0.773437297958786,0.648963336376507,38,61,18,17,20,44
0.753763866877972,0.810855826093819,0.605611559139785,38,60,19,21,19,39
0.771295453224588,0.815151362729816,0.594773968446602,41,64,24,25,17,39
0.678446855406475,0.710651723757459,0.575186304653708,37,62,14,11,23,51
0.728719159124484,0.770444284771431,0.610234627831715,47,64,22,19,25,45
0.70036474763407,0.752525018404381,0.535796028773557,32,54,14,11,18,43
0.724116865869854,0.778806171256827,0.570164293537788,45,55,21,12,24,43
0.786219676549865,0.827570784090594,0.688917652859961,28,52,14,19,14,33
0.741894788247104,0.776099378011406,0.555805187178191,29,59,13,15,16,44
0.774049899347282,0.825581395131067,0.525699414443722,39,53,21,12,18,41
0.764246188594015,0.799727690197484,0.536527404089102,35,59,16,10,19,49
0.801390858286763,0.844395101448268,0.678799489144317,38,58,24,23,14,35
0.788832357587585,0.81775728691449,0.624275091869545,34,56,16,17,18,39
0.759066638929339,0.812053623422367,0.614172481796116,46,64,23,22,23,42
0.709001809715529,0.753637643036178,0.576545992191088,39,56,16,18,23,38
0.742668659048072,0.797900276073715,0.57587972546029,47,67,25,17,22,50
0.674254130512302,0.718759583843336,0.54102758456691,47,54,18,18,29,36
0.78657083631996,0.818580374894574,0.599103226164695,41,58,22,21,19,37
0.747902903969469,0.789447011532613,0.545970347594976,41,62,19,14,22,48
0.750659583886675,0.813953875087044,0.622897178273088,45,63,29,23,16,40
0.758753280839895,0.779874157796823,0.6053362207785,30,58,12,10,18,48
0.722224232773596,0.770667186224053,0.626830876465879,44,51,19,16,25,35
0.778556430446194,0.826366962316335,0.577227222442262,30,59,14,15,16,44
0.748514609728967,0.790133819161427,0.566505961567353,29,59,12,16,17,43
0.713557566002479,0.756420047832369,0.653406021315259,43,66,19,15,24,51
0.748176317237091,0.791907337822045,0.627408222890291,33,57,17,17,16,40
0.775249598405824,0.845876005890499,0.610790863979647,39,71,23,29,16,42
0.750209088374686,0.787759188735304,0.548454449834377,34,51,15,13,19,38
0.684219194230636,0.720393123271503,0.606658361881034,46,65,17,14,29,51
0.75701354561212,0.795824277743713,0.677336869842591,37,46,18,18,19,28
0.726011509517485,0.773769088972123,0.632037656490381,45,57,23,21,22,36
0.724761904761905,0.780030313834523,0.643538303959312,40,69,21,21,19,48
0.741028439365731,0.78389921306502,0.611317204301075,37,60,16,15,21,45
0.742608207874928,0.782982922521948,0.581158980582524,44,64,20,17,24,47
0.739367588932806,0.777725959077829,0.601012127697521,35,54,15,14,20,40
0.779455502173416,0.815092063049769,0.580629087511679,31,65,16,22,15,43
0.713266965541491,0.74832502447092,0.627159617039293,36,59,15,15,21,44
0.736517363231023,0.782659032990431,0.614943618527508,43,64,19,16,24,48
0.721551951476793,0.769596893797401,0.58147475382073,36,59,18,17,18,42
0.861561679790026,0.906150868665036,0.62057037886289,30,62,20,20,10,42
0.71237532808399,0.798734783852318,0.562011943040882,30,56,13,16,17,40
0.749022063994374,0.788478946196481,0.52150287222481,36,57,16,9,20,48
0.719771825396825,0.778392066747826,0.643953034452498,40,53,19,19,21,34
0.673732690782651,0.720617601744919,0.661597390776699,39,64,17,20,22,44
0.767156713231257,0.814059631804376,0.620647556138939,39,57,21,22,18,35
0.810478436657682,0.840096885382167,0.677565332563549,28,47,19,20,9,27
0.740354368620402,0.77838278628795,0.571619556913675,37,68,14,21,23,47
0.777259285384845,0.803152191448557,0.622149763205277,29,53,15,18,14,35
0.692531365013522,0.759074378466076,0.587334494773519,39,70,18,19,21,51
0.707720775127595,0.768275005176866,0.613741751382201,39,54,16,14,23,40
0.746101190476191,0.786612617246417,0.609299150485437,40,64,16,20,24,44
0.736850382046586,0.786163686144329,0.544654489551305,43,62,23,17,20,45
0.745600133455668,0.779730745755911,0.649886820007302,38,55,20,15,18,40
0.712503484806245,0.770845713194891,0.609146140441765,34,51,14,10,20,41
0.751896134528966,0.792155966903972,0.658783602150538,39,60,16,17,23,43
0.768402032749859,0.806349627443662,0.667436450391401,35,47,20,16,15,31
0.724843321848124,0.799843248938948,0.570726542533771,29,55,14,12,15,43
0.717084410709817,0.764565470088794,0.619612997444323,38,55,19,17,19,38
0.699875776397515,0.752676468101313,0.590745192307692,35,52,12,14,23,38
0.718388554462552,0.772390846691512,0.621328993520005,49,54,20,18,29,36
0.700221154579425,0.773839227725465,0.534590526781762,31,45,17,13,14,32
0.767374802839117,0.818171197738005,0.621678259318709,32,54,20,21,12,33
0.766402233495625,0.827182770715298,0.57694584744038,23,43,13,12,10,31
0.731617000703235,0.778346877515625,0.560384345584757,36,49,18,10,18,39
0.774047206351244,0.81154591927848,0.651957215172318,37,46,20,17,17,29
0.773099993065668,0.810776960633947,0.589949330284682,46,57,22,14,24,43
0.762876386687797,0.798670251079696,0.632960213816007,38,61,18,17,20,44
0.789914617705592,0.835598589113807,0.660313001605137,37,54,23,21,14,33
0.708371459362736,0.779791499126852,0.630520387856205,39,57,17,19,22,38
0.704488657277359,0.751603931030679,0.582045703267497,41,62,19,18,22,44
0.728247829358059,0.774544302080186,0.599183222324299,39,56,21,16,18,40
0.79521568627451,0.835356776094425,0.594392371163868,25,44,12,15,13,29
0.75568564690027,0.790810063609169,0.599567530399537,28,44,16,9,12,35
0.76028386099758,0.809858625973233,0.659766011777581,39,62,18,18,21,44
0.699865273647017,0.744774174711125,0.599764432684686,31,73,12,15,19,58
0.750791139240506,0.77946845360186,0.612576335578266,36,51,17,16,19,35
0.728534345047923,0.781200803434022,0.585680598259419,48,62,22,18,26,44
0.712877041399485,0.76601955318759,0.635107703541438,41,55,18,17,23,38
0.725372364958355,0.758755095685453,0.628745982805592,29,49,9,9,20,40
0.74801366044048,0.786639964810173,0.627540710804707,34,47,18,14,16,33
0.734364011954993,0.7756183649217,0.568622884645241,36,57,18,20,18,37
0.711968627450981,0.761660329440404,0.528092712017197,25,46,9,9,16,37
0.714102056962025,0.759818169437356,0.61643445930748,36,61,13,22,23,39
0.735036699407246,0.779500536900191,0.671634977970071,37,61,14,16,23,45
0.771973654326595,0.80388773990205,0.61003323452798,42,63,25,24,17,39
0.725591151792525,0.781203676021721,0.582994304312449,46,71,24,21,22,50
0.776752267350158,0.818201375170244,0.608054034319095,32,55,16,15,16,40
0.786850350386262,0.833186516692575,0.59263294234424,33,67,22,15,11,52
0.758875608676405,0.801365228849918,0.623729520631068,45,64,23,15,22,49
0.780590551181102,0.82671432716082,0.569555293982545,30,56,16,14,14,42
0.784844440737342,0.819682394240441,0.68213364684466,38,64,20,22,18,42
0.711794670846395,0.788465910870473,0.52704972406882,24,57,13,15,11,42
0.730656167979002,0.777230573156641,0.642561107709697,30,51,15,17,15,34
0.731472446798625,0.778069216093054,0.629300278451451,34,63,15,15,19,48
0.672390654547673,0.715097060607228,0.645374916116272,39,69,16,17,23,52
0.70075968776136,0.753112989465734,0.559065860215054,34,60,15,16,19,44
0.781217345872518,0.806405239362479,0.614145658263305,24,42,14,10,10,32
0.756683502617898,0.821353855024456,0.600214866434379,43,70,26,21,17,49
0.702140369607768,0.754004004233173,0.68784112087327,31,48,18,17,13,31
0.785070581592321,0.805780902609842,0.660402175851614,35,54,13,13,22,41
0.742623826781898,0.797742699893461,0.583080710354317,34,76,17,15,17,61
0.806811023622047,0.85531639725995,0.587046519228674,30,67,19,14,11,53
0.76322997581905,0.79743922657091,0.709283130454754,37,56,15,20,22,36
0.723430907172996,0.774219587429209,0.625347336692884,36,51,18,14,18,37
0.707614126731774,0.754832379325925,0.586378904455673,42,56,22,16,20,40
0.727435634165714,0.771153163398723,0.591279465167905,41,63,16,10,25,53
0.761053332018927,0.804937051789454,0.613784860557769,32,45,16,12,16,33
0.693585687591349,0.742867099611811,0.61940188172043,43,60,16,15,27,45
0.777370457653254,0.80837731551247,0.59019816321499,27,52,15,15,12,37
0.809396325459318,0.854647360039857,0.606928,30,50,19,17,11,33
0.748998015873016,0.791720890487678,0.59287456445993,40,70,19,16,21,54
0.744776962168266,0.781300377237159,0.534752526412494,35,56,18,18,17,38
0.77202001974737,0.817886221973745,0.617448504442953,23,39,15,18,8,21
0.737751217352811,0.777885812143407,0.574577308905948,45,51,20,13,25,38
0.694674299357009,0.743811583193049,0.543044865127245,29,46,11,9,18,37
0.730001758087201,0.778341425610885,0.551841555860714,36,73,18,21,18,52
0.723481861198738,0.786848888758565,0.500567399494636,32,53,17,10,15,43
0.68591756070017,0.725133425134781,0.611734209565535,35,55,14,18,21,37
0.701727988492694,0.724073805877644,0.540812926869898,42,58,17,13,25,45
0.767532890054698,0.805723840000663,0.592266723154439,39,53,17,16,22,37
0.729182993730407,0.788278889139742,0.592809772622875,24,56,9,14,15,42
0.691667175013725,0.722883375819008,0.559722526469514,39,55,14,14,25,41
0.771634475677561,0.80866607528106,0.615025337726088,41,61,18,18,23,43
0.700422060716178,0.740914104661521,0.619179930933196,42,61,12,17,30,44
0.745222549089953,0.787119610059058,0.617041198501873,33,54,15,15,18,39
0.742618233380599,0.796496509859531,0.61880376344086,38,60,23,23,15,37
0.748548842461886,0.803247988943952,0.588622355488922,35,58,19,19,16,39
0.816239412761152,0.860818645520601,0.603130056634304,35,64,23,23,12,41
0.689508752117448,0.71405350577373,0.595792381586984,35,58,12,11,23,47
0.764033207629073,0.780459492529117,0.56577285254938,29,56,10,11,19,45
0.724775729495268,0.77195559961165,0.599614483039191,32,41,12,6,20,35
0.725257323832146,0.782805628984476,0.589751732509068,37,57,15,15,22,42
0.73412230458221,0.758429846067204,0.547101723381398,28,53,12,15,16,38
0.759911935024329,0.801809138253955,0.698218797194112,43,57,24,22,19,35
0.733305371260073,0.802984665663363,0.513745069033531,31,52,15,10,16,42
0.637533748790138,0.664402798158519,0.609836134987509,47,57,12,7,35,50
0.701535855448899,0.776538508515794,0.578656178380443,35,68,19,22,16,46
0.746646825396825,0.800848516460202,0.626448462265882,40,57,21,20,19,37
0.78264880952381,0.823678907543116,0.604397805719921,40,52,24,13,16,39
0.638037836932865,0.710688604107705,0.609082397003745,33,54,11,14,22,40
0.701220238095238,0.737017333963658,0.622928314696485,40,48,17,14,23,34
0.810372129849565,0.843362382058428,0.64281744929147,37,61,22,21,15,40
0.752783738001129,0.781715573403383,0.610797723642172,35,48,20,15,15,33
0.711744776962168,0.768761477390521,0.549458830960037,35,56,18,15,17,41
0.727566644299396,0.775807437880084,0.617096,39,50,16,12,23,38
0.668571428571428,0.719057646011297,0.548757396449704,40,65,15,14,25,51
0.679534093898735,0.711327011477716,0.562596152489026,33,57,13,15,20,42
0.745590551181102,0.810191114648793,0.542469234884965,30,54,16,13,14,41
0.71969696969697,0.745565659133763,0.6053362207785,22,58,10,10,12,48
0.744470774091627,0.780236893552723,0.610753553231429,34,57,17,13,17,44
0.631226206285967,0.667742920252653,0.558393429487179,45,52,10,10,35,42
0.765691467178247,0.804780174971907,0.597608004585961,38,62,19,16,19,46
0.728640789038867,0.791493509411179,0.652931616110572,31,59,17,21,14,38
0.742735165387099,0.77236455521356,0.583131557707829,33,61,15,17,18,44
0.672288985135932,0.730644306348102,0.577031686582248,39,54,16,15,23,39
0.7988701290364,0.845801534379267,0.626837390904915,37,56,21,19,16,37
0.740101445983799,0.778487966759341,0.602556397928994,42,52,22,17,20,35
0.710770482218663,0.778865837372486,0.598136,31,50,15,13,16,37
0.699170074860682,0.746611170452642,0.627351766382973,33,57,14,15,19,42
0.738274666305043,0.782916625110334,0.573111316215521,41,53,20,15,21,38
0.757628968253968,0.81662351915732,0.586405238673139,40,64,21,19,19,45
0.767614638020884,0.811868378466507,0.624753451676529,41,52,23,16,18,36
0.716311840419691,0.768297723849105,0.59396,39,50,19,16,20,34
0.787690799899908,0.824078951985448,0.67008619542066,38,48,19,17,19,31
0.741522082018928,0.77937402298967,0.602431544359255,32,55,15,14,17,41
0.69481557611054,0.734248392445969,0.641024,49,50,17,13,32,37
0.714831349206349,0.75683310395177,0.603353494623656,40,60,17,17,23,43
0.750454730264706,0.792719906291715,0.606377366872119,37,58,20,11,17,47
0.790964734950584,0.817093755780734,0.580907258064516,28,60,17,18,11,42
0.785296,0.843024096761502,0.636130753270949,50,57,32,24,18,33
0.793483274098592,0.8326809231486,0.607128,29,50,18,20,11,30
0.720204906607192,0.769669653541665,0.611881022956205,34,63,13,9,21,54
0.730267857142857,0.783734758554497,0.592047811687047,40,71,21,21,19,50
0.74410591714371,0.772618520455494,0.586394397799652,29,44,14,10,15,34
0.731565855875248,0.801875516556289,0.569640025746087,33,51,13,6,20,45
0.78793792398476,0.83716909981284,0.623745901238193,34,49,22,15,12,34
0.720419582701186,0.755491499378178,0.607356014149333,49,59,20,17,29,42
0.776340863258774,0.811272434850851,0.595951489209916,43,54,22,15,21,39
0.760317774261603,0.804922408331131,0.625794753449819,36,51,15,12,21,39
0.698906749201278,0.737483727317777,0.605447154471545,48,70,18,21,30,49
0.747515188489794,0.793018090003785,0.590735530546624,31,56,13,14,18,42
0.744309134337001,0.784197106115477,0.557111587343426,44,71,18,16,26,55
0.731681124364,0.786622253473868,0.569615898596171,38,61,21,19,17,42
0.751128460450609,0.805260550509535,0.603521505376344,41,60,22,16,19,44
0.738238741001172,0.779040041376404,0.624738955823293,33,55,13,13,20,42
0.720599842146804,0.781704071027332,0.605249043767907,33,57,15,15,18,42
0.738236864180584,0.780140045260508,0.615855810080309,31,57,12,12,19,45
0.729060220137777,0.770340455926134,0.578027374019152,31,49,17,15,14,34
0.707086614173228,0.747390737733351,0.51224099717359,30,39,7,4,23,35
0.735744,0.779590209758708,0.59894108344125,50,71,25,23,25,48
0.76881568627451,0.841876570472162,0.590663922038668,25,62,15,15,10,47
0.788785996612083,0.816642118463921,0.630492085387673,35,59,21,20,14,39
0.731764705882353,0.778130248789081,0.513571641627027,25,51,10,12,15,39
0.706385520730064,0.760854936949834,0.612687404507257,31,68,15,19,16,49
0.74788016621743,0.788490817611709,0.585640339256204,28,59,13,13,15,46
0.726081920347003,0.783103258521801,0.586498785892581,32,47,14,8,18,39
0.692058209234009,0.723885308815291,0.560479762897101,47,61,19,12,28,49
0.721569734613213,0.764235494453225,0.555256806537663,35,57,18,18,17,39
0.72797619047619,0.796690875429427,0.634617593017914,40,56,20,17,20,39
0.825062592283495,0.838243622897586,0.663605017537602,37,54,25,20,12,34
0.772718253968254,0.811700768090802,0.619741100323625,40,64,24,21,16,43
0.808891939296881,0.855148188528406,0.570322580645161,31,60,19,14,12,46
0.726377952755906,0.773521238167431,0.636010434589554,30,43,15,16,15,27
0.728012394864984,0.775061459363617,0.625411436922111,45,59,21,16,24,43
0.808966861598441,0.850599910834616,0.584291187739464,27,58,18,19,9,39
0.728467184524192,0.769413526545938,0.532145172600855,37,61,15,12,22,49
0.778644243399752,0.813569223105441,0.691958083594649,43,61,28,25,15,36
0.7637998327293,0.803988489001738,0.614581598089844,34,58,19,19,15,39
0.744959460429074,0.777614182620512,0.560316721006055,33,57,17,19,16,38
0.738906497622821,0.767728661527265,0.578090474867357,38,61,18,15,20,46
0.791666666666667,0.831984209306132,0.612740662999421,28,44,14,14,14,30
0.755867616033755,0.798596295215273,0.601394823436963,36,66,20,19,16,47
0.769082352941176,0.816239562813738,0.607085987261147,25,44,13,12,12,32
0.742470238095238,0.77731583110204,0.62085988066343,40,64,19,17,21,47
0.729353519408768,0.785721223067798,0.647168000451652,33,57,14,19,19,38
0.759756850853549,0.794473711089205,0.544196637968861,28,53,11,12,17,41
0.763110632183908,0.794761512355997,0.579904770710059,24,52,13,11,11,41
0.757266285545133,0.801547468447902,0.674719356796117,43,64,23,27,20,37
0.762659340252724,0.80206485592429,0.683784263647414,43,59,24,22,19,37
0.682597402597403,0.723030134137621,0.63610962487367,35,54,13,10,22,44
0.705484896661367,0.740112416294801,0.630071628776082,42,65,19,18,23,47
0.753002752523146,0.803357702592425,0.623676075268817,38,60,17,20,21,40
0.737703171312889,0.780303134649816,0.639430584304754,41,67,17,23,24,44
0.698117720217168,0.743109342948295,0.579532676159182,33,55,16,15,17,40
0.811189340601105,0.836841886877137,0.691423232637808,42,65,24,27,18,38
0.752782400665696,0.795898784514297,0.568128103514133,46,68,25,20,21,48
0.746181962941517,0.772484247543555,0.645329923892815,44,53,17,12,27,41
0.74917526252207,0.79596584597121,0.572877258635054,34,59,17,14,17,45
0.707559571352503,0.784366177356594,0.635435958891673,48,67,19,18,29,49
0.724417884019478,0.772269584543566,0.613497676998821,45,46,26,17,19,29
0.704788934307135,0.750638180084383,0.65808867229288,41,47,15,10,26,37
0.764064697609001,0.808232721915313,0.661684379895838,36,57,16,15,20,42
0.769965277777778,0.798925816770302,0.647211818560133,36,54,21,18,15,36
0.722672,0.75876576728833,0.593940274297612,50,67,22,19,28,48
0.745275140646976,0.792687636947338,0.607228984841525,36,56,17,15,19,41
0.782425556760364,0.82278867099251,0.636829694095576,38,62,17,22,21,40
0.739012176211902,0.783022471140223,0.567608941204447,31,54,12,13,19,41
0.665446993670886,0.693933884317871,0.4425,36,60,10,9,26,51
0.829346358069231,0.866360618149458,0.615652196570952,43,62,26,22,17,40
0.697961184806941,0.760478621238333,0.622789892441432,43,66,23,20,20,46
0.768076865464039,0.792312297904304,0.578990948624596,37,64,16,10,21,54
0.718911641062399,0.761960911929687,0.623338064242484,41,49,19,18,22,31
0.732770076606389,0.775913753357481,0.588458391036133,62,78,28,21,34,57
0.678748745218264,0.773920288289063,0.575043145956607,29,52,13,14,16,38
0.752234001221069,0.800318923422984,0.616288492706645,43,66,21,20,22,46
0.777065328501069,0.838412830466587,0.619186189283434,34,66,20,19,14,47
0.707445409102868,0.775183914825408,0.59676184771033,33,48,13,10,20,38
0.726128608923884,0.765967234898382,0.619112,30,50,13,16,17,34
0.786478174603175,0.831691717148512,0.614082532051282,40,52,24,17,16,35
0.741928726340694,0.794883866950576,0.633325677537896,32,56,16,15,16,41
0.768290641218818,0.823356834307273,0.610241935483871,33,60,17,19,16,41
0.721051587301587,0.758193907919831,0.636574349221443,40,47,19,15,21,32
0.736387855913859,0.786324675438395,0.629404602750191,43,68,20,22,23,46
0.791364200166738,0.813505071261661,0.558911345888838,39,56,20,16,19,40
0.650073404856014,0.695778004680817,0.558750052927976,35,57,10,12,25,45
0.778622247317899,0.802732780565808,0.658189296535267,35,51,15,13,20,38
0.778645418326693,0.828924873564878,0.623690572119259,45,59,21,18,24,41
0.796668548842462,0.818342180951643,0.562151557493895,35,57,19,13,16,44
0.710033116871103,0.750898903971671,0.663606740927882,43,56,18,19,25,37
0.753316693344909,0.798873416070866,0.587583852657484,29,61,13,16,16,45
0.655401695845788,0.694015213415953,0.594467731047583,39,51,13,9,26,42
0.744194111597427,0.795634250784913,0.631687130389653,33,59,14,20,19,39
0.794862595967568,0.839251283506345,0.621806097841066,33,56,20,20,13,36
0.73968253968254,0.770047385566186,0.535343303374098,40,66,15,12,25,54
0.801726905052321,0.845671298168948,0.630016,37,50,22,12,15,38
0.714547088656352,0.76333759666844,0.624913172982964,37,69,17,25,20,44
0.759003467715376,0.788458258752561,0.636751774851449,41,57,18,16,23,41
0.726694356540084,0.765767815496457,0.540620475931958,36,72,18,16,18,56
0.744264240506329,0.778890191610985,0.643122104806022,36,44,15,11,21,33
0.683989577301679,0.729500890272447,0.56760162601626,44,70,17,18,27,52
0.720862669392081,0.757168412608698,0.629760481759998,42,53,19,14,23,39
0.713525026624068,0.74746627593686,0.622687047465808,48,57,23,20,25,37
0.734291338582677,0.788448326253702,0.628821499013807,30,52,15,18,15,34
0.804701071221772,0.827323922126527,0.607334374356926,44,67,22,19,22,48
0.776692383119646,0.823041000157932,0.601601177758091,43,62,22,16,21,46
0.724326464231452,0.775237495775099,0.58463650145454,37,59,17,10,20,49
0.721762811233353,0.771080640937055,0.63672330501416,44,58,22,19,22,39
0.769773504580134,0.781830031128904,0.571594581835349,33,67,13,17,20,50
0.770355866555392,0.815911462443044,0.665712365591398,37,60,18,21,19,39
0.691696555175578,0.724957961618884,0.595180070403466,38,69,13,20,25,49
0.713259354104425,0.772604572460989,0.592377088163605,22,54,9,12,13,42
0.737067071026723,0.757934109176844,0.615840053763441,36,60,15,18,21,42
0.722198499359483,0.792629094236754,0.611808,39,50,20,14,19,36
0.709776902887139,0.743225416436676,0.605838990947817,30,48,15,12,15,36
0.766404359584375,0.806803959020795,0.582946240789215,39,53,22,17,17,36
0.738154761904762,0.783485052787572,0.632148816747573,40,64,17,16,23,48
0.707033530736508,0.754885459858438,0.623293172690763,38,55,16,16,22,39
0.764043140527701,0.799848289579704,0.610234373817918,37,53,21,15,16,38
0.682587575699215,0.733741294928641,0.606601331360947,37,52,13,13,24,39
0.752106303307676,0.792453075132127,0.625867015288521,46,67,18,19,28,48
0.740099771448664,0.790393837985564,0.581055694710476,36,66,17,19,19,47
0.744183753943218,0.793742956896428,0.601831491825892,32,59,18,21,14,38
0.816338582677165,0.842336981838578,0.580716917695403,30,47,19,14,11,33
0.719980661040788,0.762870718780432,0.57197789993892,36,58,12,14,24,44
0.709146825396825,0.745831965024282,0.592016300824303,40,61,16,15,24,46
0.746078620187884,0.797682529062348,0.595340926733568,37,57,17,17,20,40
0.703471589918441,0.739409124958,0.594230662446555,41,58,15,16,26,42
0.744730478697224,0.798213246480502,0.588000923894214,37,63,18,18,19,45
0.698912740451631,0.742617876542622,0.545238736831299,34,63,15,8,19,55
0.737389682141063,0.773436176765485,0.61230918136897,33,47,11,8,22,39
0.685257936507937,0.740471745612208,0.605389311517502,40,59,18,16,22,43
0.765832269523228,0.814773976324705,0.626335400489864,43,62,25,24,18,38
0.698122851036149,0.746212135581537,0.60688,34,50,14,10,20,40
0.805062970469022,0.831943461035713,0.667187239713476,44,58,26,21,18,37
0.731319006309148,0.764349670981066,0.627788978494624,32,60,12,14,20,46
0.712309069698039,0.742655907034487,0.576668006430868,29,56,13,14,16,42
0.73056733044164,0.776790086626777,0.577821330528961,32,59,15,13,17,46
0.76002358490566,0.804365995449419,0.649057104913679,28,45,14,11,14,34
0.706469074116133,0.759242812521373,0.541059305111821,42,48,19,14,23,34
0.662745098039216,0.706382946690996,0.588991024898668,25,44,11,12,14,32
0.82331223628692,0.85164917765799,0.637340939008337,36,53,22,17,14,36
0.764757315114175,0.795741507184995,0.646642010495838,39,72,19,23,20,49
0.688151639002419,0.733350555043351,0.57235746982938,38,54,15,13,23,41
0.73129958121957,0.77362393975645,0.580735411670663,23,49,9,13,14,36
0.695830047318612,0.733728073813179,0.645232,32,50,11,15,21,35
0.644387840520437,0.676033928095022,0.566075209930632,33,55,9,13,24,42
0.713993777832001,0.765565814503717,0.644073427484496,39,62,17,20,22,42
0.770088378164388,0.826092772976957,0.663538584812623,37,52,21,20,16,32
0.74031598853169,0.79004288478804,0.594808081609971,39,61,15,15,24,46
0.759165040423752,0.784434247290009,0.616328065317036,34,68,13,17,21,51
0.776912774150343,0.816882077417795,0.682114318906105,33,51,17,18,16,33
0.709194981597836,0.764320413407965,0.602576178589931,39,51,16,15,23,36
0.782844227595609,0.802164179552715,0.655632246225707,33,38,17,11,16,27
0.772343308865048,0.817243268472942,0.62203628330635,35,53,19,16,16,37
0.758776,0.79276663932333,0.602029590070938,50,71,26,21,24,50
0.690687124178811,0.751644177749812,0.648854101657305,37,46,18,14,19,32
0.768076865464039,0.806661156178466,0.595914325915889,37,62,18,15,19,47
0.737169423982611,0.774734386204674,0.586030854289281,26,54,13,15,13,39
0.752206249653105,0.781209955310802,0.570463546823701,43,62,22,13,21,49
0.683045608898107,0.751377619197242,0.627985286918324,39,61,17,16,22,45
0.729952830188679,0.808895074754693,0.564926086337664,28,39,11,8,17,31
0.846150638084911,0.876256289692777,0.66070564516129,38,60,24,22,14,38
0.735190021954728,0.773067968153059,0.57048199767712,42,70,20,18,22,52
0.725433070866142,0.766436638484676,0.568555999777889,30,58,12,13,18,45
0.752846359162566,0.818202654123421,0.595986014559063,38,59,22,16,16,43
0.688876498466685,0.726106911591178,0.555793353546163,34,54,13,9,21,45
0.696015492927607,0.741360415756514,0.573394345747891,37,49,17,15,20,34
0.784685438156305,0.82360254866297,0.604955964354578,34,62,18,17,16,45
0.65725207913947,0.701377524431533,0.574903671084388,39,57,12,17,27,40
0.711997239747634,0.752978031603558,0.602219781682641,32,48,12,12,20,36
0.777795275590551,0.833697947831396,0.594820717131474,30,45,15,13,15,32
0.720594958202717,0.784124285933634,0.613926253196351,24,53,9,10,15,43
0.752316449466093,0.786744955321498,0.61310225430971,37,66,16,16,21,50
0.797959792723622,0.838258186518025,0.620804888217208,29,62,18,18,11,44
0.755934210282881,0.79748669212055,0.632150537634409,43,60,21,16,22,44
0.749249011857708,0.795271570544292,0.550127677047645,35,63,19,15,16,48
0.720097685519232,0.769875536689165,0.611064044005697,43,66,22,23,21,43
0.652608641254483,0.682525439256908,0.555510968432317,38,54,11,15,27,39
0.737125984251969,0.776902380740374,0.599515374331551,30,68,12,18,18,50
0.734584483438486,0.779077092554571,0.582023270944607,32,53,16,10,16,43
0.788170244401078,0.814777443547276,0.614075772578039,34,62,18,16,16,46
0.784548066875653,0.808709296519818,0.674748277689454,24,42,14,13,10,29
0.741511469452646,0.785304074219845,0.574073371763754,42,64,22,21,20,43
0.694140718950621,0.727278226783979,0.635576,43,50,16,17,27,33
0.761644991417183,0.838235133849566,0.66563651491739,27,47,13,9,14,38
0.736487613645842,0.778120105248532,0.594717081310679,38,64,19,15,19,49
0.732390997584368,0.7717786024404,0.593235372611815,33,51,14,11,19,40
0.799832413249211,0.838358051267159,0.586677319001102,32,67,17,17,15,50
0.751040121032266,0.815667470249393,0.635582976184869,27,51,16,17,11,34
0.800482929020665,0.834782592298156,0.627542529585799,28,52,17,15,11,37
0.757596877613605,0.795902844048049,0.617006111416917,34,57,15,19,19,38
0.740138888888889,0.777364701898299,0.561518132432829,40,49,20,11,20,38
0.739634967843616,0.804195937093223,0.501655601025623,31,47,14,13,17,34
0.78453373015873,0.829291690072049,0.722846909878394,40,58,27,29,13,29
0.783363628964432,0.844423204248072,0.61440029286475,29,48,19,17,10,31
0.707671220146827,0.757830339246436,0.605628445107947,34,56,12,12,22,44
0.72785636829653,0.759838986047616,0.608704696745562,32,52,12,15,20,37
0.7865065865663,0.821898881070745,0.613537787513691,44,55,27,20,17,35
0.768098647573588,0.800822716207296,0.694473337493932,43,46,24,19,19,27
0.748144841269841,0.783689533400828,0.582334930777423,40,48,18,15,22,33
0.801151055133873,0.842063006658413,0.608025298452134,38,53,22,19,16,34
0.720288071800811,0.769083729465754,0.592106593851133,44,64,20,20,24,44
0.737085292580982,0.780441628181839,0.561584519897773,24,55,12,12,12,43
0.763208246633661,0.804418206253794,0.63370274227902,33,48,18,14,15,34
0.776253232129452,0.806274194612496,0.587871228036669,38,68,16,19,22,49
0.686009509537289,0.740297678751765,0.575124148285021,43,63,16,15,27,48
0.772438443208896,0.805816157188805,0.625457601171459,41,48,19,16,22,32
0.728030101814962,0.774959543531577,0.641723147193163,45,66,20,20,25,46
0.687646852047141,0.733355281389952,0.63088634122288,43,52,19,17,24,35
0.771444421330005,0.809020899273375,0.650048293838235,46,61,24,19,22,42
0.813687637217049,0.838362012190255,0.609769989047098,42,55,25,20,17,35
0.776982255166217,0.808688028576373,0.570568,28,50,16,15,12,35
0.738383979184091,0.785179996365747,0.579468791500664,34,45,15,8,19,37
0.796281749148992,0.858754688674422,0.589356536957841,27,57,17,20,10,37
0.76990813648294,0.820280022720076,0.568353413654619,30,55,16,11,14,44
0.813494056587979,0.839104238066006,0.624521883953649,33,57,20,18,13,39
0.691096,0.724672250401179,0.558305457932845,50,57,18,12,32,45
0.750123044659862,0.788516062377941,0.628905599854746,37,53,16,14,21,39
0.732331223628692,0.786311031380164,0.53578859758635,36,54,17,10,19,44
0.712039219109133,0.744146930741683,0.583044906900329,27,55,9,11,18,44
0.762428059054133,0.810881122057442,0.595337154832347,38,52,17,13,21,39
0.79844023688381,0.837426235426961,0.655297351324338,38,58,22,21,16,37
0.677258251302837,0.719750316318845,0.613844086021505,44,60,20,22,24,38
0.678042146470424,0.731236852466675,0.603562405611777,31,57,13,15,18,42
0.754097584979938,0.805278184024348,0.647486412221133,42,67,23,25,19,42
0.783907396950875,0.817771423769167,0.60400811003011,35,53,21,21,14,32
0.683647656691135,0.725153895480433,0.588587182688306,35,54,14,12,21,42
0.762471183091497,0.80197161203813,0.577715163934426,41,80,22,23,19,57
0.723048210859955,0.760150140605185,0.580845199816261,38,56,15,16,23,40
0.741129343825617,0.798371026499027,0.584541062801932,39,58,20,13,19,45
0.760665282080964,0.796149062776916,0.554335882559775,23,36,11,6,12,30
0.676837270341207,0.704882424323354,0.517318844740469,30,56,11,12,19,44
0.712206989694918,0.766356811008808,0.628765927043226,43,61,22,19,21,42
0.772020997375328,0.799127422200486,0.54732,30,50,14,10,16,40
0.686129121996105,0.739153349788645,0.606765040498548,37,47,13,11,24,36
0.713054046558672,0.754029793809855,0.616400600511122,49,71,21,21,28,50
0.689291338582677,0.749187758267473,0.509840089572807,30,56,13,12,17,44
0.731055900621118,0.782118184302011,0.661663464011741,35,53,19,16,16,37
0.712203800439094,0.756476740600136,0.564762418036468,42,63,19,16,23,47
0.770779464509133,0.808295514854878,0.55495436290617,38,55,22,19,16,36
0.767857142857143,0.815716187109519,0.580744797371303,42,55,23,17,19,38
0.777802743360938,0.826353558034957,0.591471943129178,37,63,21,19,16,44
0.748481629039398,0.788544021800914,0.589061441450831,45,62,25,18,20,44
0.740605158730159,0.782998686202239,0.587609552039625,40,63,18,18,22,45
0.722870433920537,0.768766088032199,0.555324582002027,31,63,16,17,15,46
0.775134090851318,0.817953014999398,0.603996923028619,31,51,16,13,15,38
0.759094488188976,0.790418767276497,0.574237712378641,30,64,15,16,15,48
0.707413226266329,0.735903775140896,0.581500494513258,27,51,9,15,18,36
0.704593794311452,0.756522294048952,0.518134087848572,38,53,17,13,21,40
0.695521272855134,0.7332405838424,0.594376422899661,36,58,18,18,18,40
0.75690570299266,0.807722597812769,0.57654313298038,35,65,19,22,16,43
0.795007192066016,0.834095651841696,0.602733166925697,42,51,26,18,16,33
0.706586634140078,0.750581869210706,0.559479222400571,37,54,16,19,21,35
0.751328341987683,0.773349341532844,0.563991707119741,26,64,12,15,14,49
0.760239230827466,0.810887550637283,0.610609711573567,42,55,25,17,17,38
0.688276320977918,0.734029341732066,0.624651299368668,32,49,12,16,20,33
0.653867761870629,0.700137070173302,0.6419640376295,41,61,18,21,23,40
0.73054268533123,0.780784774535013,0.58592,32,50,12,14,20,36
0.729043569228385,0.771637598671593,0.65191637630662,41,70,16,21,25,49
0.754625234894128,0.792709283122659,0.604844660041759,41,51,25,20,16,31
0.66487153748067,0.704372723108897,0.607794801779935,29,64,11,18,18,46
0.792625055334219,0.830600153651123,0.642852185018602,45,58,25,17,20,41
0.706656746031746,0.758867396812906,0.608947131209112,40,59,19,19,21,40
0.748117518639803,0.801557070475396,0.571103968730501,43,69,23,18,20,51
0.719499653201311,0.766042171707036,0.62251423351115,33,49,16,15,17,34
0.754318993784564,0.80047572183834,0.602676612549364,49,53,26,19,23,34
0.692264743735332,0.726185746991881,0.590938252775054,42,67,15,20,27,47
0.720725984949093,0.75609124144329,0.520572417857669,45,66,18,14,27,52
0.744339451757034,0.776198006789229,0.566746347941567,26,45,12,11,14,34
0.754988933156264,0.803581246232968,0.666859877534035,45,54,22,23,23,31
0.71914172783738,0.798643570942621,0.602648853550296,35,52,17,14,18,38
0.74049891176963,0.789455737215626,0.576085949800871,33,61,16,13,17,48
0.748355695869508,0.787384027503776,0.587278225806452,33,60,19,18,14,42
0.751780063291139,0.813427807899308,0.656984300839722,36,55,20,21,16,34
0.796323639554043,0.846977667443227,0.60399297937692,37,53,20,19,17,34
0.774129988344341,0.827441692349838,0.613640377211881,43,69,24,21,19,48
0.726877309359635,0.812413150984199,0.576451612903226,27,60,13,18,14,42
0.66807453416149,0.70857044893141,0.615666278313235,35,53,16,17,19,36
0.722020997375328,0.754808992018762,0.601634248575331,30,51,11,15,19,36
0.767162698412698,0.800565445605312,0.613660920387014,40,66,22,24,18,42
0.751397114021186,0.778348908291615,0.557600160114906,38,69,19,15,19,54
0.707100211850806,0.742300112719732,0.585454545454545,37,55,15,14,22,41
0.708067092651757,0.786560032781931,0.614752542675643,48,73,24,20,24,53
0.744231276371308,0.80490690363446,0.582398320885108,36,73,18,19,18,54
0.756640274034142,0.793628394255341,0.581761587771203,28,52,13,13,15,39
0.719439860323838,0.763009897640392,0.609755397335783,33,56,15,17,18,39
0.699220228631993,0.728930092780657,0.630387610724689,42,54,14,12,28,42
0.80588467614534,0.850140391352477,0.580888240003768,34,51,19,14,15,37
0.738511620864562,0.783169092656377,0.61903076239658,42,58,19,18,23,40
0.769129099819028,0.824782479662146,0.635982463568199,39,59,22,19,17,40
0.760403162256285,0.814204832098615,0.629896,31,50,19,14,12,36
0.710638348759896,0.731708876962281,0.603513006167874,33,57,13,14,20,43
0.740144132974292,0.785276008846154,0.639287634408602,41,60,17,16,24,44
0.711483927934659,0.764093901784228,0.564555213924644,47,62,21,13,26,49
0.738347115858111,0.763659069405901,0.542738970588235,47,68,22,17,25,51
0.645393292452116,0.706335622702627,0.574158451989777,42,55,14,13,28,42
0.720407843137255,0.765132420316993,0.622240518239722,25,44,9,12,16,32
0.714630626630405,0.763255397040756,0.646164632642998,43,52,18,15,25,37
0.743797524560138,0.804189588555919,0.585543440891901,43,66,23,22,20,44
0.696076498422713,0.743175599830874,0.530955079965583,32,59,12,8,20,51
0.755723996997248,0.801467514356856,0.622948914159515,38,41,14,8,24,33
0.745254755943592,0.804908143438864,0.587094205097087,37,64,18,16,19,48
0.713676702908652,0.755112952530791,0.591281489594743,34,55,13,17,21,38
0.764612954186414,0.786400531466777,0.596489201986373,34,63,15,17,19,46
0.746256352343309,0.79193585351424,0.611325175368026,35,57,19,15,16,42
0.738337796757383,0.802635442666333,0.642069437013257,44,54,23,15,21,39
0.771028750095325,0.812655438674611,0.586043240142586,31,59,17,16,14,43
0.754102606797284,0.782671864578213,0.605737662202303,43,62,19,18,24,44
0.679211212360384,0.729538755294938,0.617987656889259,33,46,11,12,22,34
0.752153300521135,0.801334790125375,0.531450535201577,44,61,24,14,20,47
0.719552127285513,0.766809357349377,0.512866009492515,36,55,14,13,22,42
0.767916431394692,0.799398965985771,0.579092398245322,35,58,19,18,16,40
0.751791401273885,0.794589460407131,0.570224533269823,44,61,25,16,19,45
0.695509796303491,0.743455005574395,0.619345320790166,43,61,20,18,23,43
0.674811507936508,0.701612551688815,0.597638329036085,40,67,13,17,27,50
0.751429502026636,0.792301444033935,0.694302126998913,44,57,22,25,22,32
0.637310232649842,0.698953969214085,0.577705240443055,32,59,12,15,20,44
0.746335403726708,0.791961429270208,0.586962216469428,35,52,17,15,18,37
0.770237300859121,0.797232772213741,0.571825210694346,38,53,22,13,16,40
0.785264035462291,0.831305929463828,0.568736024557086,39,61,23,17,16,44
0.797224128727217,0.822191872306987,0.580652120315582,31,52,16,14,15,38
0.791400714140349,0.834639602814343,0.631788272530402,43,58,25,15,18,43
0.753600393742912,0.780716869579916,0.622489959839357,37,55,16,18,21,37
0.67340734866508,0.745549121115123,0.519788243884629,39,55,19,13,20,42
0.704120222929936,0.730302902688527,0.572933306709265,44,48,16,9,28,39
0.718740952518819,0.7590848547037,0.618761699572634,44,69,19,17,25,52
0.738923652143591,0.765048567899046,0.627214170692432,41,58,18,17,23,41
0.702496,0.783152225262268,0.617823697068404,50,72,24,25,26,47
0.718582304965226,0.754881572292146,0.620621841984382,41,56,20,11,21,45
0.709208020371916,0.752293238003618,0.568017524644031,37,55,18,13,19,42
0.793660714285714,0.833258611066784,0.608730121351984,40,51,21,15,19,36
0.742742782152231,0.791013518932426,0.562891041001065,30,48,12,11,18,37
0.773075065456671,0.80139649539719,0.600629804575345,31,61,12,14,19,47
0.806864625907081,0.855594145964412,0.586886564762671,38,57,22,19,16,38
0.738894747553237,0.773278141694168,0.538249283708063,43,57,18,14,25,43
0.709318902563207,0.770985523299854,0.605142937879716,27,51,10,8,17,43
0.800966088328076,0.825008938941265,0.623636279585799,32,52,18,17,14,35
0.696322949526814,0.759805687507503,0.594502688172043,32,60,14,17,18,43
0.751557658915257,0.795826654196753,0.581559115829443,23,41,12,9,11,32
0.706826084304276,0.756948367892285,0.672342846557906,39,61,15,18,24,43
0.809734613212874,0.832827001212022,0.536033365795825,35,57,19,9,16,48
0.767108386075949,0.817553084003739,0.613843034603804,36,53,19,14,17,39
0.70883137254902,0.781407835945535,0.541992,25,50,13,12,12,38
0.718133872239748,0.752265718080479,0.543347997572816,32,64,14,10,18,54
0.680905613283051,0.73969804089395,0.554976268711209,29,55,13,12,16,43
0.806388062736724,0.858788853168686,0.615602038469453,31,67,22,25,9,42
0.772146967684816,0.802485507648023,0.606175993124522,45,68,21,17,24,51
0.781350291215975,0.822221579130731,0.586940173796791,47,68,25,19,22,49
0.733571807101219,0.801460799524118,0.561976101301944,42,54,25,19,17,35
0.729823074145591,0.763657172206661,0.612377830165513,51,66,21,13,30,53
0.787117616033755,0.826381735052136,0.573607943293407,36,59,21,18,15,41
0.736965860850555,0.793064821725287,0.574613951011715,31,48,16,14,15,34
0.71510346450964,0.774180577611204,0.610847354100728,37,58,19,21,18,37
0.782089215132693,0.825024870363875,0.636559139784946,35,60,20,19,15,41
0.72019597933513,0.753375671960013,0.580477345107122,28,44,12,13,16,31
0.76500992063492,0.840000399488956,0.613519719070773,40,66,23,22,17,44
0.693807137834037,0.728243866890234,0.638829894822006,36,64,11,15,25,49
0.789463579898363,0.815323604587157,0.550187993096647,35,52,17,14,18,38
0.762289750023232,0.803076978595912,0.604004869329388,34,52,16,14,18,38
0.72546046720575,0.760887638890153,0.552843806267117,28,53,13,13,15,40
0.747602305613355,0.788295475340436,0.631084413914148,33,53,17,15,16,38
0.724980221518987,0.770704473942113,0.593517236440031,36,68,17,20,19,48
0.744167545466319,0.809374326683626,0.620503833515882,43,55,27,25,16,30
0.757874112776025,0.828062600669657,0.602029527854792,32,59,18,17,14,42
0.728634256507786,0.776486365500207,0.635208641518738,47,52,24,16,23,36
0.741515390686661,0.767539061671011,0.604750467040299,33,51,14,10,19,41
0.76810400984366,0.801761988322009,0.633785034013605,44,75,23,24,21,51
0.708482676224612,0.745980681810845,0.635050585729499,31,48,14,16,17,32
0.751290447910307,0.798110876483376,0.542565889992361,43,68,23,18,20,50
0.647369812318266,0.70486135086176,0.537173910253943,39,63,11,14,28,49
0.731149386938027,0.788503720725496,0.52245777710356,38,64,18,14,20,50
0.745964823393167,0.800993160217604,0.59528149971136,44,81,25,22,19,59
0.795848434160394,0.841283032088221,0.563827366504854,34,64,19,17,15,47
0.722732919254658,0.76840632694005,0.601376518218623,35,65,18,16,17,49
0.773083989501312,0.806059722103747,0.635376,30,50,19,18,11,32
0.746944834177189,0.791934816935134,0.589729056368732,39,65,21,22,18,43
0.760847929936306,0.831804854530718,0.666164303992213,44,51,26,18,18,33
0.717035762520582,0.777541911597121,0.55398187711802,43,66,19,16,24,50
0.726515430364788,0.769284985600554,0.589912871642863,41,63,20,14,21,49
0.749202884594809,0.79711520940187,0.563580275985494,37,51,21,13,16,38
0.766720048806528,0.815164556796443,0.599840255591054,31,48,17,12,14,36
0.797834645669291,0.834565976067743,0.611141983884412,30,61,18,20,12,41
0.697323546019198,0.728851035802069,0.539928448624595,35,64,12,11,23,53
0.750513833992095,0.809837832876965,0.584890529724168,35,53,21,19,14,34
0.749420839905363,0.780693299511642,0.620446721083903,32,58,18,14,14,44
0.722924901185771,0.763982345330829,0.593367279020234,35,48,17,14,18,34
0.781076572128971,0.804753789578068,0.613891102257636,23,45,12,12,11,33
0.762527469546108,0.786472734483314,0.594515250314039,29,57,12,15,17,42
0.739168181448221,0.771550022087676,0.576591787794254,29,49,12,11,17,38
0.784117879746835,0.82848900036206,0.607477181453085,36,55,20,16,16,39
0.814137785291631,0.851202967654844,0.563296,26,50,13,13,13,37
0.741363532372455,0.778422239815028,0.61425556959118,31,56,13,12,18,44
0.674156341614774,0.70365554879843,0.54518102750809,37,64,15,15,22,49
0.786366813099041,0.820736050015921,0.596107131734662,48,65,29,18,19,47
0.760944092827004,0.798575596213273,0.617632497785189,36,62,19,16,17,46
0.738737253867792,0.804844208075835,0.607994241436253,36,57,20,16,16,41
0.780689526995632,0.81356920152134,0.56956297384194,34,61,16,13,18,48
0.699545098039216,0.752856270029189,0.569845064187694,25,45,9,15,16,30
0.756853052577518,0.786514150854311,0.560435060247654,37,58,17,12,20,46
0.733519307003377,0.771856620218694,0.582086577390221,49,65,21,15,28,50
0.737965359960552,0.787278702047523,0.65795453207596,52,69,26,27,26,42
0.714753652940466,0.77532487302986,0.555078495801387,26,55,11,11,15,44
0.697986859838275,0.736167145690037,0.600876787475345,28,52,10,14,18,38
0.716301812501337,0.782553618225061,0.538915524519256,37,62,15,13,22,49
0.752467532467533,0.792922904785969,0.684773564721265,35,47,14,18,21,29
0.696356385143384,0.746831922665206,0.619344797830375,29,52,12,10,17,42
0.74858004477253,0.790220814885021,0.599819231956263,43,74,22,26,21,48
0.713680066621243,0.786574962575472,0.636892916119744,42,57,20,21,22,36
0.735539577582333,0.766897757088665,0.643819888178914,37,48,14,14,23,34
0.765295358649789,0.801524140036249,0.618110335760518,36,64,19,19,17,45
0.785735067353292,0.829395003187241,0.545545244967938,27,41,14,10,13,31
0.677092005698322,0.734580121946031,0.562230337771203,43,52,16,10,27,42
0.698889015065486,0.735004856981498,0.586856451321028,42,72,14,17,28,55
0.764494424699531,0.812454725039102,0.640327578574591,29,45,14,12,15,33
0.7055648659306,0.75776314634499,0.590678094660194,32,64,15,17,17,47
0.769899349507736,0.823251995020177,0.643855496729991,36,65,19,25,17,40
0.738682313642757,0.793108212030382,0.616440070064225,36,38,19,12,17,26
0.7018747839525,0.750140191576482,0.623337519480716,39,53,16,10,23,43
0.738994246347187,0.782433662704673,0.549389764746329,42,66,19,16,23,50
0.823632637017071,0.860714651471912,0.701163098070315,28,39,16,16,12,23
0.806703762586116,0.852318238045975,0.659336077961332,42,62,28,26,14,36
0.727825212385782,0.763947815202714,0.595750236411625,37,57,17,17,20,40
0.778286927933432,0.82677669819937,0.554927302100162,27,62,13,13,14,49
0.746821005081875,0.785967622974455,0.705037627268703,35,45,17,15,18,30
0.765318971696468,0.795485462423461,0.556277273771245,41,56,21,16,20,40
0.656723352848248,0.717654579464864,0.628702965914121,34,45,15,13,19,32
0.73757217847769,0.773291025336609,0.59375,30,64,17,17,13,47
0.686795634920635,0.75013375697974,0.597439516129032,40,60,20,14,20,46
0.71490813648294,0.773933059464121,0.606116502067065,30,56,11,17,19,39
0.748216175153965,0.786490009397129,0.589546146721298,29,51,13,17,16,34
0.71037434677403,0.759571779477496,0.614959677419355,39,60,18,13,21,47
0.735631307354025,0.768372260730705,0.526696560650888,31,52,11,13,20,39
0.737450396825397,0.790129239620623,0.572312098703261,40,78,16,16,24,62
0.751754019143202,0.801392551351696,0.587405231611956,34,61,17,16,17,45
0.753918572555205,0.794214204817998,0.644552723638181,32,58,15,19,17,39
0.716090893108298,0.771191398514093,0.633394337535339,36,59,18,22,18,37
0.749299719887955,0.811645425153787,0.559736678762414,42,68,24,16,18,52
0.763789996483826,0.815409477270327,0.547804284258855,36,61,21,17,15,44
0.797228543412703,0.835312252165294,0.637703594913931,43,61,28,23,15,38
0.706979024658583,0.74200300651546,0.553493695338652,33,61,12,12,21,49
0.739356955380577,0.775146289674972,0.651254384400452,30,54,14,23,16,31
0.700902777777778,0.753458099829832,0.625637765114052,40,51,18,19,22,32
0.743504462423889,0.786765945304907,0.612251810933347,38,62,15,18,23,44
0.805720982516563,0.844007956674186,0.635740261341223,33,52,20,17,13,35
0.745646813594652,0.795614743304433,0.527779879257387,31,53,16,11,15,42
0.799985199163753,0.848142359350466,0.715990518239722,43,44,25,19,18,25
0.751087816455696,0.799189076241078,0.599314516129032,36,60,20,15,16,45
0.730430519324342,0.771545006837653,0.561129873745627,43,67,21,17,22,50
0.726617440225035,0.777574259784358,0.581341273807541,36,58,18,13,18,45
0.769181997123174,0.799218448341871,0.56469348591342,42,69,22,21,20,48
0.648030855678233,0.682117533562963,0.586235852500913,32,55,10,15,22,40
0.751464195145514,0.782274087064049,0.601392,26,50,9,12,17,38
0.768301555712482,0.820080421661355,0.556875,37,60,23,16,14,44
0.797860804416404,0.821314153668668,0.614431641233261,32,65,15,20,17,45
0.787132644956315,0.818302913727657,0.640802838349111,41,51,22,17,19,34
0.770651791826238,0.824789207793788,0.592151134070091,43,57,25,17,18,40
0.692725388984478,0.757297869498279,0.597701612903226,43,60,19,15,24,45
0.777547505488682,0.802133938862541,0.582101875767456,42,57,25,17,17,40
0.709454449785942,0.738192180783134,0.535528506034124,33,54,11,13,22,41
0.699779962210901,0.74846539075362,0.619877262325775,33,46,13,13,20,33
0.765078118181025,0.816722082616546,0.560377713935855,27,51,14,12,13,39
0.750531737425974,0.796689157341549,0.632978307711201,38,73,22,26,16,47
0.768194444444445,0.811128223629166,0.613053140808408,40,66,21,23,19,43
0.755110152168976,0.808167450647872,0.620282986656469,42,59,22,16,20,43
0.722956923669513,0.770426506983105,0.619591091639284,37,55,20,17,17,38
0.740207694452189,0.781779660947103,0.592259948886455,34,55,16,10,18,45
0.70524211059641,0.746865440812587,0.554952457943566,44,63,16,15,28,48
0.721875,0.776152455521683,0.577437156850291,40,57,17,17,23,40
0.729474222121281,0.765496785167889,0.590239602421012,42,58,18,17,24,41
0.76826515698137,0.816700945671749,0.62200956937799,43,57,21,16,22,41
0.65734474522293,0.69161574639085,0.592400913511124,44,66,11,15,33,51
0.730544488711819,0.77382013232648,0.604116100323625,45,64,22,14,23,50
0.771315398197194,0.804901668279118,0.580860159248283,34,59,17,13,17,46
0.735514982628836,0.772690564880692,0.604007000606907,44,57,22,17,22,40
0.714942849177586,0.75444349845463,0.57041266025641,34,52,17,13,17,39
0.769352290679305,0.800535570505331,0.604349694423224,34,68,19,17,15,51
0.753203208200213,0.781497622977786,0.612269923139159,48,64,23,21,25,43
0.788134920634921,0.823611306705963,0.597741023504828,40,59,22,16,18,43
0.728408491561182,0.749838872242896,0.604931475914243,36,57,13,12,23,45
0.672456,0.718966142097105,0.658763435720236,50,59,19,20,31,39
0.727222534338131,0.739907830872204,0.61477421364061,41,65,17,17,24,48
0.776839785153324,0.804114958525038,0.545498084291188,37,58,20,15,17,43
0.695937219227313,0.727741776457655,0.586558468580941,28,54,12,15,16,39
0.751034416780273,0.817557282166406,0.606921567797208,33,57,18,18,15,39
0.695275532334385,0.736634699426206,0.594279472088461,32,54,11,14,21,40
0.783539012738854,0.824443247399554,0.636531897913094,44,47,24,16,20,31
0.737839730486789,0.762012561155896,0.615896312522819,42,55,21,18,21,37
0.715856573705179,0.748939690990208,0.610708174382643,45,51,21,17,24,34
0.709772375810521,0.76121639352356,0.648966231808977,29,51,13,16,16,35
0.776652007981557,0.822229665192209,0.551949356913183,41,56,22,16,19,40
0.737461012417908,0.782296075459542,0.58316830330925,41,59,18,14,23,45
0.756683502617898,0.797265641806735,0.631886626209027,43,83,24,25,19,58
0.692564705882353,0.723661618957235,0.52320554947061,25,55,10,13,15,42
0.76016821602479,0.792401875277146,0.558703697944204,45,79,24,20,21,59
0.727759841558371,0.755897270158086,0.591058298319328,29,68,13,20,16,48
0.747306606437041,0.799866554637583,0.626865227988823,35,54,17,16,18,38
0.764527559055118,0.789009967015836,0.633187294633078,30,55,14,15,16,40
0.751153744725738,0.802528589278,0.661504,36,50,18,20,18,30
0.752252252252252,0.806093901720084,0.612495967125707,37,47,21,15,16,32
0.754166666666667,0.785461320294871,0.547829581993569,40,56,22,19,18,37
0.675245939144361,0.704382949287161,0.662806644477317,31,52,9,16,22,36
0.710128375387339,0.757588856296573,0.531020895147491,45,51,20,10,25,41
0.716517733251929,0.755450867721971,0.623027613412229,43,52,21,13,22,39
0.742328463922089,0.775010883657068,0.637648021905125,45,57,19,15,26,42
0.833312795741325,0.873394019954569,0.630384586266939,32,42,18,15,14,27
0.741871933704466,0.7792536515988,0.598273672134282,31,59,12,13,19,46
0.817509920634921,0.843686570407791,0.627601582450151,40,61,23,18,17,43
0.752193959588524,0.803305630630579,0.549737087326944,41,48,21,11,20,37
0.694094488188976,0.727384630774218,0.524320044510068,30,37,12,4,18,33
0.735399820305481,0.786531027142123,0.6004372758772,28,53,15,18,13,35
0.697886508396063,0.755559184853879,0.63425650778557,44,47,20,15,24,32
0.718585435396119,0.745797627685464,0.553244456334344,27,54,11,15,16,39
0.744875750400612,0.800202821264843,0.60252808988764,33,54,17,17,16,37
0.674402936530062,0.737446264943428,0.554180357794816,34,55,13,13,21,42
0.702906746031746,0.744602578478806,0.622891702304837,40,57,15,12,25,45
0.79049430303442,0.824127616649288,0.578162771958098,47,59,27,18,20,41
0.724897808946318,0.779745900868552,0.590587805768529,41,55,20,18,21,37
0.731208103312303,0.784925568146138,0.603428367662291,32,47,14,13,18,34
0.680439215686274,0.735044478541569,0.588769841269841,25,40,10,6,15,34
0.717304489363313,0.763849123631942,0.587231182795699,42,60,20,21,22,39
0.774528,0.817413027592081,0.629883855981417,50,70,25,23,25,47
0.748944870390653,0.779161642084733,0.598106856378915,55,68,28,21,27,47
0.65654667721519,0.738874775197158,0.586292421786749,36,66,18,20,18,46
0.766544689196623,0.82341907199748,0.640516318887106,33,54,19,17,14,37
0.769063042848871,0.819839920742949,0.604823420484106,44,74,19,18,25,56
0.736374141362265,0.786903565052418,0.612087031558186,37,52,18,14,19,38
0.718701298701299,0.765350793591045,0.645966453674121,35,48,15,11,20,37
0.782352142093019,0.816623266434871,0.692695884947896,47,59,26,22,21,37
0.730394108280255,0.7694255873021,0.625793577416174,44,52,22,18,22,34
0.77983060417843,0.797866209803295,0.579635499207607,35,38,19,9,16,29
0.830224015634047,0.853474788783292,0.645276966606648,44,53,32,23,12,30
0.796460605590965,0.838085103717011,0.719571735820029,41,51,25,21,16,30
0.751873230837542,0.794455563952118,0.616195851174895,43,53,21,14,22,39
0.734313387223975,0.777058959716494,0.59744,32,50,17,17,15,33
0.778796653796654,0.820172361489397,0.578264395782644,42,67,25,24,17,43
0.785887560867641,0.815154665152671,0.603977295280435,45,61,21,16,24,45
0.70007874015748,0.760633138572948,0.544432630670612,30,52,14,11,16,41
0.765125511406976,0.795627255487141,0.60036090477989,46,78,18,17,28,61
0.782330008849346,0.813599690186139,0.564730338376256,33,63,17,15,16,48
0.734121292607348,0.790046023654951,0.509573341638119,45,65,21,14,24,51
0.778927159796725,0.815278427600034,0.634422745377801,35,54,18,16,17,38
0.723537174303684,0.755703965774804,0.598172655771676,28,51,11,12,17,39
0.732233421069525,0.80039141353479,0.628918810289389,37,56,19,17,18,39
0.744805375446706,0.791796009201782,0.637530111002167,37,67,17,23,20,44
0.861269820889773,0.883679817464259,0.67614845238756,37,43,24,15,13,28
0.737245609144132,0.785832559204231,0.570882642998028,34,52,17,14,17,38
0.732657159561758,0.791167084530261,0.598122285939084,31,53,15,13,16,40
0.649757199322417,0.706268927331278,0.609092245747376,35,72,14,15,21,57
0.732928160441065,0.779708384499104,0.601046587014912,43,61,20,19,23,42
0.73358647009822,0.787192546385846,0.669662246138297,41,59,22,23,19,36
0.728330650681764,0.772968648289396,0.606726587783171,43,64,22,21,21,43
0.78719246031746,0.831513054552286,0.629760199314855,40,65,20,21,20,44
0.738385636427567,0.776128614973502,0.615014792899408,36,52,14,14,22,38
0.74156824892119,0.78816444164929,0.617430381611905,42,66,20,14,22,52
0.755878707146954,0.785192621047145,0.577838679539085,43,65,20,17,23,48
0.76446075663467,0.805042024748156,0.641798647772529,35,61,17,19,18,42
0.682870536461696,0.73452950031017,0.541847131989561,33,58,12,14,21,44
0.754366015274034,0.787149683885046,0.606434630421589,28,57,11,14,17,43
0.80265873015873,0.835158465448404,0.654704089493251,40,73,23,29,17,44
0.735804416403786,0.802169371213133,0.628787003888055,32,63,16,20,16,43
0.650275590551181,0.738104989508308,0.551067118482849,30,54,15,15,15,39
0.688964884477438,0.726400727823459,0.633237357270892,38,57,15,16,23,41
0.747654099591292,0.784863453662807,0.61758064516129,38,60,19,19,19,41
0.747116522082019,0.801333237846713,0.591457233208757,32,53,17,16,15,37
0.724153390608057,0.757087720631093,0.630721722901626,38,66,17,19,21,47
0.765471119672265,0.807455031085722,0.608759135131864,29,53,17,15,12,38
0.705278656821378,0.773265867796518,0.614967897271268,36,54,18,14,18,40
0.654843679784297,0.692130681688563,0.585896498184291,37,63,14,20,23,43
0.722057401547117,0.778994567414362,0.598497388715659,36,63,19,26,17,37
0.737767857142857,0.774996663901773,0.621459118431638,40,57,17,16,23,41
0.722043650793651,0.772365904472661,0.587950268817204,40,60,15,15,25,45
0.772813864882446,0.805744035386937,0.630590805075931,34,46,19,16,15,30
0.66016939582157,0.698291660962148,0.575451360819186,35,63,12,14,23,49
0.747216261998871,0.813583690761358,0.568564019105836,35,61,18,18,17,43
0.684295634920635,0.729681073018177,0.58746948738812,40,71,16,15,24,56
0.764657046250453,0.824480423632258,0.631726146449704,26,52,11,15,15,37
0.734329385269831,0.782055723619772,0.613786486899526,38,47,20,12,18,35
0.799461016634142,0.830637239525083,0.616702657690082,34,57,23,23,11,34
0.769679588607595,0.806158870314345,0.58648,36,50,17,9,19,41
0.808136614766449,0.836608250672616,0.614832535885168,33,57,19,20,14,37
0.695543210770121,0.744625359503827,0.551833181174665,44,61,20,12,24,49
0.806558405352663,0.848123398253426,0.63661494560371,34,54,20,14,14,40
0.718985224421522,0.768699171700573,0.623685524504093,34,53,15,16,19,37
0.708497763746382,0.764209004297385,0.602197279720161,33,47,17,15,16,32
0.753120313175221,0.789651253138704,0.596004725772098,31,48,18,12,13,36
0.776417322834646,0.808506565864327,0.589263288496164,30,53,15,15,15,38
0.741770694997787,0.777856523677177,0.624393941463281,45,59,20,20,25,39
0.731389331210191,0.770183989032943,0.605994623655914,44,60,19,15,25,45
0.714943435937911,0.749963698886465,0.634786873550918,33,54,14,17,19,37
0.802659671811139,0.846638624549679,0.570527406957929,39,64,25,20,14,44
0.688423920779194,0.717653366254456,0.60391772189525,39,54,11,12,28,42
0.726626864394085,0.752163148396941,0.578221897962374,37,62,12,14,25,48
0.734670832555059,0.787501136093439,0.620140445046641,47,62,24,20,23,42
0.735400483619011,0.778062454462672,0.669543629061701,37,55,19,17,18,38
0.780730570530099,0.826899306893541,0.599970792259949,28,55,16,15,12,40
0.681967913133655,0.725433471051313,0.573353494623656,39,60,12,13,27,47
0.781377952755905,0.824339077218521,0.596257426842134,30,58,17,19,13,39
0.742020997375328,0.783204761278057,0.655499255657685,30,59,12,17,18,42
0.708925008233402,0.72885214729425,0.534780338994111,41,49,17,9,24,40
0.749621682665161,0.789271179792361,0.612736,35,50,17,12,18,38
0.777739647677877,0.840637941967179,0.548916003921996,31,67,15,16,16,51
0.839535829583874,0.86382387687803,0.596050330271179,31,47,22,16,9,31
0.758102646228933,0.798347380837851,0.616766244575233,31,54,17,18,14,36
0.765390871451104,0.801591255356735,0.533487560679612,32,64,14,13,18,51
0.756000698263071,0.78992563313738,0.68187801667398,27,53,14,16,13,37
0.682952755905512,0.729395469315119,0.649519102768903,30,48,11,19,19,29
0.779713781247096,0.835913923014286,0.628640813423915,34,53,19,15,15,38
0.81357830729394,0.846459797676224,0.598952840835507,27,43,19,17,8,26
0.747711702605571,0.791962071049538,0.619738765240236,28,43,14,10,14,33
0.791742983478567,0.831215940598643,0.647867985782294,43,63,23,20,20,43
0.736087835173502,0.783227864733344,0.557896379525593,32,54,14,14,18,40
0.624733759318424,0.668488641976149,0.627733479755539,48,68,12,15,36,53
0.762967933467537,0.800702852523002,0.672775564409031,39,45,17,11,22,34
0.75694195307455,0.784061671192685,0.60211723372781,33,52,18,14,15,38
0.78658894984326,0.826440141339554,0.635433386837881,24,54,15,19,9,35
0.744782531330232,0.783308558455905,0.558366650008329,31,58,16,13,15,45
0.7142667877962,0.761179203967554,0.621710230845235,42,63,16,21,26,42
0.703844379934344,0.733953873467213,0.605168871304614,29,47,11,9,18,38
0.763052785152233,0.804870514266809,0.60921678519286,33,51,19,15,14,36
0.727012047677131,0.779706552321535,0.521269989132122,37,57,19,14,18,43
0.794097423277359,0.828653365009742,0.577253192151978,44,65,26,20,18,45
0.745485637750831,0.792264708563026,0.598925089267544,33,43,18,14,15,29
0.746487321824356,0.804671559257258,0.630638059645035,39,53,20,14,19,39
0.741377512719993,0.792182942955379,0.626968563508492,38,67,18,16,20,51
0.688510449526814,0.75562794548069,0.593821510297483,32,46,14,15,18,31
0.709272,0.751590423333559,0.603995842476036,50,63,23,20,27,43
0.765877725035162,0.808576747175431,0.60971226206286,36,45,18,9,18,36
0.771765932026742,0.822380019659454,0.602411826118533,31,53,15,15,16,38
0.810954263128176,0.834506350467053,0.653041743224621,35,56,19,20,16,36
0.719120946728431,0.764406830463972,0.650643958535353,44,59,21,20,23,39
0.77805852070558,0.808395918225191,0.655997760144225,42,59,17,17,25,42
0.777648996522906,0.836814386906575,0.576853735207101,39,52,22,14,17,38
0.742508685581934,0.802459298326123,0.604222983494239,44,65,24,19,20,46
0.715121568627451,0.760824495722095,0.572929748377237,25,53,12,16,13,37
0.696438528017842,0.739921178728466,0.600235133495146,34,64,15,15,19,49
0.727534307215582,0.785194296394728,0.600348432055749,45,70,22,22,23,48
0.742844720726721,0.779539510795838,0.535663110092147,43,74,23,20,20,54
0.724226374176328,0.74566356185557,0.61454363475382,38,63,12,16,26,47
0.779372387669801,0.81286254459105,0.656373639435567,24,47,13,11,11,36
0.711676853312303,0.768389939466333,0.595188024826579,32,55,15,17,17,38
0.664133258046302,0.740113427519991,0.53115669499311,35,56,16,18,19,38
0.747998808593023,0.788018186505684,0.618816621924991,21,51,11,15,10,36
0.768105442436259,0.798720556497226,0.622416,31,50,13,9,18,41
0.709011982492645,0.738887706013365,0.58773590781688,33,65,11,16,22,49
0.775836502355839,0.813156278761797,0.602160044379724,33,46,17,8,16,38
0.70774437349023,0.765744367998237,0.56027405792588,33,65,15,14,18,51
0.670948750644347,0.724641875027819,0.573409508497933,29,56,12,11,17,45
0.786272965879265,0.827287969596027,0.632736750946664,30,47,19,16,11,31
0.748415213946117,0.786876899335599,0.571121635320997,38,53,18,14,20,39
0.682101960784314,0.732675620954874,0.567575212992545,25,48,7,8,18,40
0.798369110677446,0.836163069021021,0.592494397832091,34,62,22,16,12,46
0.654874782860452,0.719562966219534,0.591566490189972,44,65,19,14,25,51
0.685377477285496,0.73289799880804,0.574914037216828,41,64,13,19,28,45
0.77924142630025,0.810893902250135,0.650739562135511,42,59,23,21,19,38
0.776273291925466,0.827562297323821,0.592472439136426,35,56,19,14,16,42
0.80073195977918,0.842157883025182,0.592418796592119,32,48,21,16,11,32
0.689015748031496,0.728350637181625,0.599569185834246,30,55,8,13,22,42
0.654543650793651,0.698281218404728,0.585369623655914,40,60,16,21,24,39
0.710939770239641,0.756785396669648,0.599713484895671,41,65,19,16,22,49
0.690300725068347,0.729106615328175,0.578334623323013,47,76,17,18,30,58
0.741435763494587,0.789855264032462,0.600386191305986,42,51,21,17,21,34
0.78383773659306,0.834905625645133,0.623844396362591,32,53,18,13,14,40
0.730323665861798,0.790996824781537,0.600787896282963,29,47,15,12,14,35
0.734225443731995,0.781967952595221,0.56397412168243,34,47,15,9,19,38
0.713358316299493,0.770522623567138,0.543536,42,50,20,11,22,39
0.716751192998224,0.761135334933893,0.6350857977364,37,55,16,15,21,40
0.779092702169625,0.803184895515896,0.635587359388011,39,57,18,20,21,37
0.768397080054495,0.804654023173282,0.655497994652406,39,68,20,23,19,45
0.755476190476191,0.810985375085065,0.58625,40,60,21,18,19,42
0.666537698412698,0.705221071019336,0.530072,40,50,12,8,28,42
0.793263572360959,0.834573669264748,0.688712932774414,37,57,19,24,18,33
0.793270588235294,0.841293705764135,0.636580066568047,25,52,14,11,11,41
0.690561529271207,0.733428126402175,0.540914570987078,31,47,14,12,17,35
0.713412738274617,0.755693798648405,0.555491396235131,33,63,13,14,20,49
0.801160714285714,0.847576060022345,0.653751451800232,40,70,24,25,16,45
0.799640090282437,0.844178249602864,0.559145673603505,39,55,23,16,16,39
0.749462589279523,0.788524200298862,0.60171031131751,46,76,23,24,23,52
0.703941546482983,0.746362379193466,0.654453574648083,33,46,9,12,24,34
0.764342935375849,0.805472935670227,0.649648571327659,43,69,24,27,19,42
0.754121544392569,0.795979569828505,0.613138440860215,41,60,21,13,20,47
0.780064779965258,0.813518308122447,0.62381442493095,44,62,25,18,19,44
0.79948051948052,0.851348381350052,0.616684193993362,35,59,21,20,14,39
0.723771024997677,0.772519269308575,0.550419861263235,34,55,16,15,18,40
0.729264523475467,0.763008421387022,0.602910811143984,39,52,18,15,21,37
0.744065971712426,0.783978003316434,0.598927256162503,49,63,25,15,24,48
0.796831047819972,0.828175600681781,0.624249726177437,36,55,17,13,19,42
0.684223602484472,0.714605936360528,0.602836021505376,35,60,10,16,25,44
0.714936608557845,0.775015500670863,0.650678164016887,38,63,18,22,20,41
0.791090196078431,0.821701111384917,0.547054277391356,25,54,14,15,11,39
0.730013472635298,0.758487378295053,0.598858493077742,31,48,10,12,21,36
0.723580464557624,0.775572344480143,0.622355024347056,41,45,20,15,21,30
0.761186228045721,0.806361651072829,0.579219058185404,34,52,19,18,15,34
0.747099156118143,0.794050301358725,0.615813045475425,36,56,18,12,18,44
0.740031314178816,0.78759542099415,0.617730210016155,39,62,21,21,18,41
0.753353117453667,0.77380322447139,0.632587242137804,27,54,13,11,14,43
0.724150552064906,0.760631051599664,0.563583222933938,39,59,20,18,19,41
0.753622831230284,0.782532691504834,0.619651199003426,32,65,15,16,17,49
0.719120734908136,0.787205649573695,0.592883462668319,30,47,12,8,18,39
0.750257920660277,0.793884428380212,0.660708959324322,48,51,24,21,24,30
0.7713759938185,0.81652922453107,0.60415709692237,39,56,20,15,19,41
0.773813722564367,0.816656781838363,0.60322888139081,29,53,13,13,16,40
0.731733202017286,0.783156536164877,0.580327868852459,47,80,24,23,23,57
0.775636557940712,0.817464625358204,0.636217556566991,34,49,20,17,14,32
0.805141250813121,0.833341643777714,0.580196208437699,34,66,16,17,18,49
0.658929624433193,0.715527489271682,0.589864645523705,39,57,15,15,24,42
0.715031055900621,0.776733556180512,0.601019806025026,35,53,17,16,18,37
0.75751360158273,0.796704750773009,0.526397588659163,27,51,15,11,12,40
0.725196013011927,0.762236800781488,0.656914449962146,38,63,19,22,19,41
0.762514386896857,0.805824629207935,0.607184635217724,45,68,23,18,22,50
0.721233874323762,0.756724828894292,0.578515200868621,54,72,22,20,32,52
0.745402035198932,0.782478205158303,0.63239714047987,38,47,17,18,21,29
0.714999165902077,0.74659350073046,0.592293006430868,38,56,19,14,19,42
0.768804859965081,0.80779392686032,0.591670459142395,33,64,17,20,16,44
0.740387021436317,0.782289829211602,0.544062808185404,38,52,16,12,22,40
0.759453253928392,0.801289227852916,0.630705480593037,33,58,15,14,18,44
0.764931201985834,0.807236928481433,0.639873734457405,37,63,21,19,16,44
0.795703066486915,0.845585441879303,0.652639758865916,37,51,21,13,16,38
0.743803249354399,0.790329046437973,0.566152489350373,39,48,20,8,19,40
0.678001129305477,0.71956892774046,0.586427483915328,35,66,14,14,21,52
0.695277777777778,0.729945594357031,0.558817204301075,40,60,16,18,24,42
0.772816211085066,0.815174882608425,0.604522448979592,41,75,24,22,17,53
0.745989141706826,0.782090469852192,0.621740165919105,39,61,21,16,18,45
0.767707511829653,0.804170050408257,0.582073647513797,32,57,15,15,17,42
0.736374141362265,0.805660981137102,0.631442839308008,37,54,19,20,18,34
0.763010181496237,0.798746583399453,0.651297657326596,45,56,21,14,24,42
0.808265960412601,0.85168185690504,0.582023545364891,34,52,22,14,12,38
0.731696428571429,0.797077752915042,0.595070951528975,40,59,22,13,18,46
0.692939657028055,0.70575883031121,0.547113843688363,33,52,13,9,20,43
0.73245079046184,0.762221796084264,0.613111609727852,33,44,15,12,18,32
0.763212079615648,0.804878064097453,0.574287352128824,31,62,14,16,17,46
0.76795138061353,0.79742340660839,0.560011402859961,23,52,11,12,12,40
0.754470253201341,0.795247083243953,0.623357707627371,41,54,20,14,21,40
0.706419406657313,0.7368261358165,0.604190484255691,39,57,14,16,25,41
0.741044743319269,0.80202125309321,0.571699764294082,36,57,17,10,19,47
0.736748417721519,0.78848311719779,0.502234946736488,36,49,17,12,19,37
0.717490079365079,0.774795961650315,0.528595220956655,40,57,21,13,19,44
0.724694426475094,0.75946489583373,0.58111971627099,23,44,8,13,15,31
0.677644638970606,0.733861432883927,0.569169781059448,33,53,12,13,21,40
0.748176261829653,0.808415323785378,0.659941536696823,32,43,17,16,15,27
0.733439321674616,0.785669878752071,0.602012463779621,42,61,19,16,23,45
0.782163544431314,0.821344899254166,0.589505378947209,41,53,23,14,18,39
0.772710469242902,0.820611107869068,0.611305695911805,32,56,18,11,14,45
0.72791437716231,0.79011179838162,0.587481233398776,43,63,20,21,23,42
0.714036128691983,0.759344123530256,0.593199852497303,36,59,17,17,19,42
0.760851864330638,0.800008832606889,0.64202263599854,28,55,13,14,15,41
0.750394944707741,0.798944238297597,0.598436782269178,34,56,18,19,16,37
0.73985462880108,0.78611663431155,0.575613976781765,51,71,26,20,25,51
0.747299607973976,0.785770920041168,0.57941573698914,38,43,16,11,22,32
0.718494909251881,0.761959257679241,0.60653278594396,45,56,18,10,27,46
0.786002656042497,0.827977224648059,0.587760544217687,45,75,25,24,20,51
0.701125506658946,0.761384475237687,0.597013508579774,44,55,18,16,26,39
0.724491801437556,0.765127527351504,0.58695975269009,28,54,11,9,17,45
0.733808074067896,0.781496203587075,0.613741751382201,38,54,17,15,21,39
0.713404856013552,0.753066595596806,0.546878101059818,35,61,15,17,20,44
0.747787698412698,0.789930449650571,0.558488040862433,40,66,18,19,22,47
0.78431164231961,0.812697546443196,0.637856182795699,45,60,23,18,22,42
0.711474103585657,0.745099584348856,0.612148890085836,45,71,15,17,30,54
0.804643137254902,0.864307400007819,0.586157184471791,25,54,13,16,12,38
0.740823136818687,0.775873584080121,0.583239247311828,29,60,13,12,16,48
0.701071488364306,0.744097543565511,0.621594121744356,33,59,14,18,19,41
0.751479289940828,0.801239347566911,0.638078913943102,39,59,23,24,16,35
0.750271081825006,0.787011173912699,0.570259218692953,38,55,17,13,21,42
0.748525260567458,0.791398690174694,0.649597425608422,44,62,23,21,21,41
0.724882571829439,0.752794679653749,0.607007237460141,39,61,14,15,25,46
0.719986679247378,0.755375728425132,0.609542450996724,43,58,18,14,25,44
0.723594383082644,0.769081911113607,0.615928147037592,43,58,19,17,24,41
0.706895707923457,0.750549840625004,0.668518246627188,49,49,21,14,28,35
0.755148166750377,0.785949554641314,0.55850170020773,33,61,13,12,20,49
0.763604486720006,0.80825812785386,0.564032924301342,41,53,21,13,20,40
0.688680444342764,0.722194452338725,0.585845044378698,31,52,11,9,20,43
0.707509881422925,0.766268723858328,0.554106505201056,35,57,16,15,19,42
0.739069687122247,0.771956406139619,0.529794179106516,51,59,24,15,27,44
0.734384027733196,0.771380997079196,0.493794769282026,37,58,16,11,21,47
0.745565042477156,0.766005973202769,0.594384924762499,37,46,15,12,22,34
0.732546459065796,0.788905270154501,0.577101429605501,33,72,13,18,20,54
0.750075705958059,0.78679668626723,0.594361207897793,42,70,21,17,21,53
0.692986111111111,0.728532434673168,0.577502915209062,40,58,16,20,24,38
0.739814082278481,0.795299537864824,0.568148461969103,36,53,17,14,19,39
0.803386349987408,0.84657873583241,0.674372979915597,41,57,25,19,16,38
0.69432123655914,0.737212748549318,0.603526069518716,60,68,23,18,37,50
0.726314933556361,0.780580698753271,0.609062597321707,34,65,15,13,19,52
0.656875902316029,0.711202762913925,0.50811975173421,39,55,16,14,23,41
0.715427316537546,0.750992884962201,0.579711519012945,39,64,17,18,22,46
0.758958333333333,0.788999031381982,0.639476574180659,40,61,19,22,21,39
0.655028590040533,0.744034806310265,0.525395101222307,44,68,21,15,23,53
0.726199894514768,0.783374424442334,0.55644945025476,36,57,19,16,17,41
0.766375639297255,0.818151013789738,0.632806876402591,37,57,22,20,15,37
0.753713137691038,0.810465165318982,0.610290548505652,33,46,20,14,13,32
0.744591221135844,0.782278259389763,0.603418408592216,46,63,20,16,26,47
0.742126580361875,0.791507449356936,0.654216750795899,42,67,21,28,21,39
0.801049848750604,0.834388149473978,0.633756845564075,31,55,19,11,12,44
0.718680832226649,0.781688180007664,0.576449704142012,45,65,19,18,26,47
0.756185922712934,0.810515681887812,0.652084993359894,32,45,17,14,15,31
0.701960267229255,0.751627660609274,0.577955404940818,36,66,18,15,18,51
0.737570857726977,0.785198286265874,0.611561845503162,34,39,16,12,18,27
0.7919154308703,0.822522965714359,0.630281485499525,37,41,23,15,14,26
0.718042798189563,0.764757798278081,0.613558486803653,48,71,20,22,28,49
0.742798468113449,0.794071962886761,0.602594086021505,43,60,24,21,19,39
0.777713426656151,0.827898174934594,0.59464716352779,32,56,15,13,17,43
0.770894152973559,0.821494665827622,0.591712585754879,38,51,20,12,18,39
0.759882689274448,0.793465665042506,0.603419877400622,32,47,15,14,17,33
0.773029818956337,0.81126485452304,0.607524223266109,48,69,27,24,21,45
0.749373235460192,0.792287770096846,0.584039032779197,35,62,16,18,19,44
0.684341037214979,0.707789821637832,0.621744683213949,41,58,18,16,23,42
0.787777777777778,0.815801853544996,0.542063215869029,40,53,17,12,23,41
0.759414432176656,0.813855667465482,0.582151774567505,32,54,15,13,17,41
0.777932149641282,0.83423298889099,0.58058379406694,51,54,29,15,22,39
0.690087950182962,0.740730691874461,0.583576802021143,37,57,16,16,21,41
0.739040090344438,0.778610862851537,0.563757837783172,35,64,14,14,21,50
0.658707982317124,0.723862633657574,0.539115530121963,38,59,17,15,21,44
0.766425748164879,0.788549598422197,0.60667469234885,35,54,17,10,18,44
0.671382837298896,0.72517019465533,0.573296,29,50,12,15,17,35
0.760811740011581,0.805588120933446,0.61495436290617,44,55,26,22,18,33
0.707783624393096,0.767471138904111,0.562165243196294,31,44,12,12,19,32
0.766824146981627,0.792655473369692,0.543424520957675,30,59,16,14,14,45
0.716470327287066,0.758276528923755,0.51920912249792,32,49,13,11,19,38
0.775920616523313,0.80497666060447,0.613959491388847,39,59,17,18,22,41
0.737686378112333,0.773118645869837,0.65579044117647,44,68,21,18,23,50
0.745914757412399,0.828518733565267,0.554648950716366,28,54,15,17,13,37
0.72496923347398,0.776086850794426,0.665067945643485,36,49,17,10,19,39
0.815234330886505,0.849195529949396,0.62973366625052,35,54,19,21,16,33
0.669893601621309,0.704583791502454,0.596796622168285,44,64,20,14,24,50
0.762767857142857,0.792809439821557,0.629489247311828,40,60,16,20,24,40
0.724397855133615,0.770376731691163,0.616763178913738,36,48,14,10,22,38
0.790002427016157,0.83230247005616,0.644313634439148,46,59,24,19,22,40
0.75182697822427,0.785392726233119,0.63922329231318,43,54,21,18,22,36
0.822787736520131,0.842508195585427,0.55469246031746,22,40,15,13,7,27
0.70260663507109,0.739841620192188,0.532222832314744,34,68,15,13,19,55
0.756261230907457,0.801729749169034,0.587651424387647,28,48,14,11,14,37
0.711805555555555,0.757733881668907,0.575503777504333,36,61,15,17,21,44
0.748737303657657,0.789517160120501,0.594345880792085,43,57,18,14,25,43
0.735352936005626,0.765503406605599,0.618131905652905,36,59,14,19,22,40
0.750066560170394,0.78450317364235,0.637751479289941,48,65,24,22,24,43
0.764667192843988,0.799193940090165,0.63826198642221,33,57,14,15,19,42
0.702738095238095,0.748450902712104,0.644192246055227,40,52,14,15,26,37
0.706466069142126,0.770242643547263,0.616632766272189,22,52,9,7,13,45
0.731806239052465,0.786101960158258,0.599332738194308,38,53,18,15,20,38
0.750050818746471,0.80352194966436,0.63102369542066,35,48,16,13,19,35
0.794785031847134,0.831747012563219,0.557665679908327,44,68,25,20,19,48
0.672658823529412,0.705802920504667,0.588395728066146,25,56,8,8,17,48
0.734056346694796,0.791046142778154,0.61597390776699,36,64,22,27,14,37
0.731183458201893,0.798288063752794,0.614092741935484,32,60,18,20,14,40
0.712037765538946,0.737546836348893,0.626947923353228,29,59,11,17,18,42
0.764899074151305,0.797432082709257,0.630904,38,50,18,17,20,33
0.707103973343149,0.780542618125169,0.627350189867556,41,61,19,17,22,44
0.82990790655885,0.864645425847308,0.657372514149412,28,57,14,13,14,44
0.796020659224466,0.833478663782761,0.619064775485437,39,64,24,19,15,45
0.808104322810205,0.854795354004008,0.635582329317269,42,55,26,23,16,32
0.69300477984959,0.738763069028195,0.547183673469388,49,75,21,18,28,57
0.685536509485756,0.724533725400313,0.611284163987138,39,56,14,14,25,42
0.658052235502435,0.70835190788461,0.6001393728223,45,70,15,18,30,52
0.773189455756374,0.797443440443346,0.624833416625021,31,58,11,13,20,45
0.692410714285714,0.715863677547341,0.618260314287301,40,58,14,14,26,44
0.779646761984861,0.810328158066193,0.630132249368393,29,57,15,17,14,40
0.767595867138201,0.814855985219991,0.625742841707185,46,66,21,21,25,45
0.736653587777183,0.764386288378983,0.630823477150314,54,58,19,14,35,44
0.751091999240348,0.802946255319445,0.612105370570966,29,51,14,12,15,39
0.754669823730597,0.810313390975843,0.62888,33,50,17,14,16,36
0.740407491002257,0.793453168750394,0.648433911345889,39,56,17,22,22,34
0.737347799105519,0.771326471122695,0.569152164401349,37,57,16,11,21,46
0.758794151708165,0.776326965075417,0.600661287242169,44,68,20,15,24,53
0.757194094586705,0.81144437386686,0.562066872732918,38,57,25,18,13,39
0.759340496845426,0.804588455322578,0.556706989247312,32,60,15,18,17,42
0.726199887069452,0.774754511483215,0.623476688915858,35,64,16,19,19,45
0.711088272239351,0.742606593905609,0.625577956989247,49,60,18,18,31,42
0.765731506062998,0.796638261216365,0.589521723256663,33,55,12,13,21,42
0.746127133128951,0.825348708809582,0.55219423147134,29,55,10,11,19,44
0.820165738834236,0.855379170289919,0.608255339917318,31,56,19,15,12,41
0.748621031746032,0.790441095740644,0.614492420762517,40,56,22,19,18,37
0.744452290770581,0.783562903354968,0.582304608422975,37,61,18,18,19,43
0.816079851752022,0.853411170558619,0.587089861544187,28,63,18,19,10,44
0.719841897233202,0.78338219853259,0.564860557768924,35,45,16,14,19,31
0.684593253968254,0.725922025548598,0.561333174559071,40,61,17,12,23,49
0.799496668703267,0.845314042625345,0.583012620484016,27,46,17,12,10,34
0.690445408290933,0.73380026743302,0.586633064516129,38,60,18,14,20,46
0.676753691983123,0.756610152815035,0.586070280202113,36,56,15,12,21,44
0.73901124430815,0.781626763155553,0.606588576199597,34,66,16,20,18,46
0.705372211716383,0.753296471069001,0.602812975787044,39,66,14,21,25,45
0.719758433477704,0.76975031478524,0.640559695781679,39,69,20,24,19,45
0.812862605485232,0.843875424623,0.539226218395848,36,53,23,19,13,34
0.702495765104461,0.747491661692821,0.562934148374548,35,61,14,16,21,45
0.72387556918502,0.760256899548979,0.607647032122377,34,53,18,16,16,37
0.716152852650494,0.757871616985592,0.496120745476165,28,69,11,15,17,54
0.737701430130802,0.775186668548575,0.658860168171909,43,65,22,23,21,42
0.788464758078018,0.819505059709578,0.645387240834763,33,47,17,15,16,32
0.725996364524268,0.766692841367622,0.566219309196837,29,54,10,10,19,44
0.757690288713911,0.785328684961533,0.614811842339932,30,54,10,12,20,42
0.695352121717917,0.765661177761152,0.546224245093721,37,49,17,9,20,40
0.747348001844868,0.788141482755712,0.569773175542406,29,52,15,12,14,40
0.764304779381099,0.798316112854825,0.586134875976114,38,56,14,12,24,44
0.689444883966245,0.725314585204207,0.595247461832927,36,53,15,10,21,43
0.730113372363163,0.779999159685582,0.567368,34,50,17,11,17,39
0.736904761904762,0.771329338732218,0.601214856391586,40,64,17,12,23,52
0.73668610395397,0.798617417079724,0.630622675790868,41,47,23,16,18,31
0.755408119169272,0.789382222098625,0.551870406522738,31,56,14,15,17,41
0.720256613595234,0.771200421158598,0.593491578348483,39,61,18,23,21,38
0.745210097057285,0.781305627480736,0.561364692218351,41,70,22,19,19,51
0.75335661551824,0.815486645506891,0.629467180036783,44,61,24,17,20,44
0.719837816455696,0.756949526799614,0.586148268698977,36,61,15,14,21,47
0.781940063091483,0.808107404128152,0.540318355522682,32,52,17,12,15,40
0.715046900149858,0.768150767830025,0.61613727637824,43,55,20,16,23,39
0.706391869000564,0.78235683142624,0.579016624107562,35,62,16,15,19,47
0.739909324005366,0.776769589676321,0.598783025696706,47,72,19,20,28,52
0.775909810126582,0.832752736437064,0.551619623655914,36,60,18,14,18,46
0.767969870107637,0.795609058505164,0.646241589312902,37,66,18,20,19,46
0.703655630678626,0.753139776188579,0.587675958671382,41,46,17,11,24,35
0.741908526256352,0.788872672751798,0.603376819102341,35,51,18,13,17,38
0.723728312302839,0.769936221009122,0.558472432120358,32,47,12,10,20,37
0.705912551579845,0.763278525810971,0.542211129055939,41,49,20,11,21,38
0.689654120661258,0.746780123403759,0.571559294718584,39,59,21,14,18,45
0.783811280826935,0.815727984983201,0.578716246126605,29,45,14,11,15,34
0.782423620335708,0.822954485553712,0.54368017524644,26,55,14,13,12,42
0.761859736879562,0.815372486495009,0.655493345120574,39,66,23,20,16,46
0.751527996845426,0.796501302577471,0.599932795698925,32,60,17,20,15,40
0.772545246515498,0.810451012121274,0.67862133209129,46,57,21,14,25,43
0.735549625255508,0.772877130177982,0.59592,42,50,17,11,25,39
0.689898932545991,0.730242467672541,0.621978353238401,42,56,16,17,26,39
0.703139469226426,0.736598755552386,0.64163372859025,35,46,7,7,28,39
0.713733325932915,0.760833181919162,0.621169778831632,43,57,19,19,24,38
0.710959142951239,0.777667924078089,0.583798488406411,41,63,14,16,27,47
0.722605062535609,0.75836828464884,0.580340301035531,29,63,13,13,16,50
0.745942834681042,0.804562243931233,0.610541841328986,28,57,15,21,13,36
0.765544889892716,0.798332950701799,0.608640124382253,35,58,18,13,17,45
0.740128968253968,0.788341760945785,0.678840101057148,40,57,18,19,22,38
0.719889064976228,0.74498560923137,0.622842302860933,38,57,17,14,21,43
0.69143089511041,0.72461290185071,0.574473190216087,32,57,14,14,18,43
0.69502624671916,0.76816407762153,0.621676906293064,30,56,15,14,15,42
0.751160940593144,0.788085999046853,0.615338914762562,43,59,21,13,22,46
0.794505784989528,0.834967599496192,0.609007416138697,39,66,20,18,19,48
0.763148529449147,0.799489512006869,0.622578873801917,31,48,15,14,16,34
0.762947361546499,0.80509218816451,0.637914333869312,24,41,12,12,12,29
0.805969045741325,0.838204593519519,0.622372608202789,32,59,15,14,17,45
0.710545462326935,0.762681249057429,0.679046858359957,37,48,13,14,24,34
0.686930008685582,0.737307500726088,0.567966422962361,44,69,22,17,22,52
0.708519189666388,0.768203076103964,0.635272641457049,34,58,18,17,16,41
0.761734423499129,0.807322770396099,0.550288426433005,42,55,23,15,19,40
0.753844902890066,0.821296198413744,0.696068233825671,34,46,19,18,15,28
0.702696,0.748658866427652,0.586206116539993,50,72,23,22,27,50
0.733476527403414,0.790897686680071,0.539152351588117,28,49,12,14,16,35
0.659065628476084,0.697516328986189,0.624512,29,50,8,12,21,38
0.749152030480438,0.780366130786415,0.647397598240295,34,54,19,11,15,43
0.747420634920635,0.779759090822996,0.566531419059509,40,54,18,17,22,37
0.68246719160105,0.751048177573731,0.559145723320876,30,53,14,15,16,38
0.792370727342972,0.837458435288091,0.591417004048583,39,65,20,19,19,46
0.789013364779874,0.863626432298108,0.681652513367005,28,43,17,16,11,27
0.756917168543249,0.808436298090492,0.651591020949691,27,37,13,10,14,27
0.784684519815368,0.822903206559572,0.564604824029126,39,64,19,17,20,47
0.819688881474685,0.834440033918976,0.63250656692208,38,67,21,22,17,45
0.754386829652997,0.795142764705849,0.582551251331203,32,48,14,10,18,38
0.74300061533052,0.790673640928431,0.576525506539988,36,69,19,21,17,48
0.768917026269967,0.80665566322103,0.647011736064251,42,61,23,17,19,44
0.791073870414012,0.835389768728004,0.612935796550107,27,62,17,15,10,47
0.758311474409809,0.802866398980138,0.61326801813539,39,62,21,21,18,41
0.701434648427725,0.758297842541648,0.652408,38,50,16,12,22,38
0.749126984126984,0.789803074349923,0.601701530848516,40,61,18,13,22,48
0.705580877789904,0.751869562572806,0.65731323964497,37,52,13,17,24,35
0.747496077025901,0.774487673542787,0.627869639967637,41,64,19,20,22,44
0.739207385616225,0.801500798181244,0.559707336171879,33,49,15,13,18,36
0.79556640625,0.809245927334547,0.566759289784769,20,51,9,7,11,44
0.709484501347709,0.749623617897197,0.65729488645185,28,57,11,15,17,42
0.707425933833547,0.741297853800134,0.556975627022654,39,64,12,13,27,51
0.738429641519529,0.773313475619967,0.564553098723139,54,65,23,18,31,47
0.76854360336432,0.809961261056657,0.642566056708874,45,61,20,22,25,39
0.783154774287497,0.802543641108259,0.59392,46,50,25,16,21,34
0.644446911250486,0.673036777899354,0.58361559139785,43,60,13,11,30,49
0.765260853561673,0.79940856900495,0.569886820007302,41,55,19,11,22,44
0.727916431394692,0.792027255845188,0.617101131799927,35,55,14,15,21,40
0.711020894844424,0.747694931349361,0.622188229831055,42,59,17,14,25,45
0.739342637077709,0.798224495868624,0.634060650887574,31,52,17,17,14,35
0.717847769028872,0.759721452473169,0.632384,30,50,11,10,19,40
0.693267847679612,0.754081249960808,0.546473650606552,42,66,17,12,25,54
0.724733136497842,0.763346572755192,0.633722694174757,42,64,21,18,21,46
0.712251344086022,0.75418306014082,0.577675810251086,60,73,26,18,34,55
0.709052539934893,0.745338847906151,0.550493385174064,42,63,16,13,26,50
0.720035601265823,0.772797955748168,0.583396181478982,36,61,18,20,18,41
0.680919524207787,0.739657591214009,0.581626719255663,34,64,16,17,18,47
0.722489132921528,0.77686765288723,0.579926842798696,31,46,14,16,17,30
0.723047553561089,0.771968949182842,0.659552168360264,44,58,21,19,23,39
0.687396950875212,0.722368939426443,0.587306775126799,35,67,16,16,19,51
0.72745224881686,0.77769163436847,0.582208456607495,23,52,7,7,16,45
0.831089238845144,0.8635069425043,0.561113634643047,30,42,17,13,13,29
0.775834658187599,0.818091985919773,0.58005376344086,42,60,24,16,18,44
0.770406746031746,0.835775408702335,0.580745967741936,40,60,25,20,15,40
0.717029380924868,0.750862777668365,0.600692318560731,37,51,16,13,21,38
0.655511543991969,0.699607125141578,0.560142583157364,29,41,8,8,21,33
0.772260383899339,0.80764383327218,0.585506072874494,37,65,19,20,18,45
0.783027021530796,0.822434092751482,0.621496,31,50,16,18,15,32
0.759717673630717,0.809319840720742,0.611528300521135,35,44,16,14,19,30
0.70976210389369,0.753115389164162,0.557104223008113,34,46,16,13,18,33
0.695758704072243,0.744576661097836,0.651372965976331,37,52,17,14,20,38
0.750836353498745,0.800323831046053,0.688076276510842,34,47,20,14,14,33
0.712689341139299,0.745469085965743,0.521025949211045,34,52,16,12,18,40
0.76666898987083,0.818326302180053,0.548037900528094,34,47,19,8,15,39
0.697867063492063,0.760441263038692,0.593516038617253,40,65,16,16,24,49
0.799786831926864,0.836692975505945,0.628148959474261,36,55,23,17,13,38
0.69390873015873,0.73780747870205,0.557489128557748,40,51,14,12,26,39
0.764902458397102,0.816091714582194,0.578510492836336,41,54,23,16,18,38
0.679136904761905,0.720422348438774,0.599040757399078,40,58,20,12,20,46
0.72847551342812,0.788106342391027,0.69434942061144,34,52,16,20,18,32
0.763842290408508,0.806368845902715,0.68471279286475,39,48,21,21,18,27
0.722297522729168,0.763466401291234,0.522794629809203,38,59,15,9,23,50
0.698950131233596,0.785508920687687,0.553224372274209,30,57,12,11,18,46
0.770292531948882,0.836243853054823,0.648456462378641,48,64,26,23,22,41
0.718009478672986,0.763563196927986,0.648918034057227,34,41,16,14,18,27
0.798884462151395,0.834470094942878,0.653911306634304,45,64,27,25,18,39
0.769572097424101,0.816087841309744,0.594829931972789,49,75,26,21,23,54
0.745306960615277,0.787348026089511,0.643057220282454,41,62,20,14,21,48
0.751660026560425,0.809227966994773,0.654925511028987,45,63,22,21,23,42
0.744891150221036,0.787799835555137,0.693673632522553,38,49,17,17,21,32
0.76351529535865,0.784252203845687,0.573096185562331,36,53,19,12,17,41
0.755542799741695,0.797923223671512,0.528904569892473,33,60,16,19,17,41
0.765153825819964,0.789703451709243,0.580134646302251,39,56,19,14,20,42
0.74861573537927,0.79874860647665,0.562632328598376,44,63,24,16,20,47
0.739190764278182,0.773263203749479,0.629905913978495,43,60,21,13,22,47
0.74881709440533,0.786354685291505,0.622122482392627,42,57,22,15,20,42
0.754915716057667,0.795235641374444,0.555442881707156,39,74,18,18,21,56
0.789331198047739,0.820468007264688,0.638050383351588,31,55,16,18,15,37
0.678207376903328,0.719019549384372,0.539593548122755,31,59,11,11,20,48
0.676932541980313,0.702076726392712,0.603878351530794,44,47,15,13,29,34
0.748596000976695,0.778372512180373,0.676850009174182,29,57,11,14,18,43
0.755341176470588,0.808241458899216,0.584911106960316,25,47,13,12,12,35
0.727679277244494,0.77053870115042,0.550423664057326,35,47,17,11,18,36
0.752058350607334,0.800037265345375,0.662193036873402,41,53,23,21,18,32
0.774903884069401,0.808550081737583,0.550047043010753,32,60,13,17,19,43
0.731139753198577,0.762640299400713,0.584663527790537,42,56,14,12,28,44
0.766574085255404,0.798180895628291,0.636294995069033,26,52,11,11,15,41
0.732575906940063,0.76853164932513,0.606646342324032,32,57,15,18,17,39
0.681845238095238,0.715661673518335,0.5618524970964,40,70,16,16,24,54
0.786168521462639,0.822260714141366,0.587770529935275,42,64,22,20,20,44
0.745322109659211,0.797753763956758,0.595734492411964,49,66,26,20,23,46
0.686194407008086,0.752582793172416,0.590455271565495,28,48,15,11,13,37
0.792081526025237,0.843223035664826,0.57181764536775,32,53,20,15,12,38
0.742791888510663,0.768601467921065,0.559773645428273,27,53,8,7,19,46
0.793202099737533,0.820577324632135,0.677539934892876,30,42,19,15,11,27
0.790803571428571,0.832857859083306,0.645257184567749,40,69,22,22,18,47
0.760344862644625,0.814479660789873,0.644423385108481,39,52,21,16,18,36
0.723652393486123,0.765726822127388,0.586145525147929,37,52,16,12,21,40
0.739851490445315,0.767907875443771,0.579431270096463,37,56,17,16,20,40
0.736269590654604,0.769537766816908,0.623734244342477,41,73,18,16,23,57
0.786665257819104,0.826427814802035,0.587487649330818,26,63,12,14,14,49
0.735486111111111,0.784201780827756,0.617233050141596,40,58,17,16,23,42
0.715307964106866,0.757794396577818,0.568185469149325,31,55,13,14,18,41
0.750990491283677,0.788720008023737,0.63064465898474,38,65,17,22,21,43
0.773185896719908,0.836184584387862,0.567387765917178,21,42,10,10,11,32
0.783283221608833,0.808014543962639,0.613753158015618,32,56,20,16,12,40
0.754306563095162,0.785495733713598,0.552855133230446,37,59,17,17,20,42
0.731345359611393,0.785235981302858,0.545872883802279,37,47,15,9,22,38
0.731857707509881,0.771040925388065,0.561490088289189,35,58,14,13,21,45
0.737138552055679,0.780340965851835,0.66743580820384,33,53,17,18,16,35
0.717955458196422,0.75968563544725,0.558531015176072,55,66,24,16,31,50
0.724558130635479,0.773463546560145,0.641375737729182,33,43,15,15,18,28
0.755697346132129,0.80603356695889,0.591351154566258,35,46,23,18,12,28
0.768879173290938,0.795766413878056,0.617459260716285,42,53,22,15,20,38
0.73546974522293,0.768080681929868,0.631340544840949,44,63,21,22,23,41
0.727678450310643,0.766418276363924,0.606550891221056,29,58,14,8,15,50
0.741698692531365,0.778331034255142,0.618296954998653,39,63,12,16,27,47
0.737034106891702,0.773145606532706,0.622737892048275,36,67,19,14,17,53
0.697996031746032,0.761208822847061,0.625870755750274,40,55,17,15,23,40
0.709562076965392,0.78636373509575,0.619141817979899,33,58,19,15,14,43
0.795413590014065,0.818184523716061,0.653860336797826,36,59,22,19,14,40
0.72208670197937,0.790794533888827,0.56705621956618,34,45,15,10,19,35
0.765690928270042,0.805638354225191,0.590339458112737,36,65,20,17,16,48
0.709286274509804,0.771831112498432,0.577777777777778,25,45,12,13,13,32
0.744655581947743,0.782366918097963,0.645973217066334,37,65,21,19,16,46
0.761387992077918,0.8102124162104,0.643504,29,50,17,17,12,33
0.720724206349206,0.773170362154926,0.531085517744541,40,62,20,14,20,48
0.758344795521029,0.802430136187221,0.62631045411967,41,63,23,20,18,43
0.827237238903998,0.861929731899582,0.714392113910186,43,55,26,17,17,38
0.726301524562394,0.76474180282024,0.570996714129244,35,55,13,12,22,43
0.735496352523659,0.804059303216913,0.602624,32,50,15,10,17,40
0.703326892887332,0.771508851573759,0.554926343688363,26,52,11,13,15,39
0.796450919235165,0.833690550235876,0.652602943629621,41,63,25,26,16,37
0.781124391323594,0.820999453704817,0.638444820981288,45,66,23,22,22,44
0.697919843835784,0.750638161291903,0.559328862726888,39,59,16,13,23,46
0.735370222929936,0.776792918574875,0.603818125194644,44,65,17,18,27,47
0.770890843337399,0.80354431212886,0.584381161007667,37,55,17,13,20,42
0.687548981191222,0.76200484398107,0.618222757267701,24,54,12,16,12,38
0.717167730979886,0.735447731099407,0.60761550416804,33,51,14,11,19,40
0.752825506714488,0.802668729823504,0.567625889454923,38,59,23,17,15,42
0.732401728463897,0.765901423669945,0.571146186314726,34,54,16,12,18,42
0.743242352320675,0.779256731599506,0.555944,36,50,15,12,21,38
0.644732142857143,0.701454302553584,0.613347898460258,40,54,17,14,23,40
0.747219631197532,0.801395512123805,0.555168,33,50,17,11,16,39
0.693370976849237,0.740812701347868,0.605430391429998,35,53,17,17,18,36
0.715459877760252,0.764768868583687,0.588492471329059,32,49,13,11,19,38
0.702291375846924,0.738927257415329,0.610194517557938,23,37,8,6,15,31
0.798107343064883,0.828575136054462,0.599256237178973,43,71,22,20,21,51
0.661572313506015,0.729751779490773,0.568783949403096,33,53,10,11,23,42
0.741049006242376,0.810353701876001,0.643860946745562,33,52,16,13,17,39
0.766295707472178,0.809953938658778,0.571068203052009,42,65,19,17,23,48
0.736508299651745,0.797471769064427,0.544001460387003,31,55,14,15,17,40
0.707095607872139,0.767608113906456,0.682099050788955,19,52,8,16,11,36
0.721498015873016,0.776920881388373,0.60393788197097,40,68,18,17,22,51
0.704286233977445,0.748910553355839,0.678524112347642,37,42,17,15,20,27
0.768977423638778,0.813403385148368,0.579156806649478,45,69,23,22,22,47
0.70139880952381,0.770159816883908,0.609065281148867,40,64,20,16,20,48
0.814325022461815,0.846883110897355,0.62894194129939,28,59,20,19,8,40
0.73793095437227,0.784581199452951,0.592052320149486,34,65,17,17,17,48
0.758879242304657,0.791812580308488,0.576274362818591,33,58,16,15,17,43
0.747490617089988,0.806964249013065,0.679962060702875,27,48,13,14,14,34
0.73028773793714,0.772992870124364,0.605267131242741,45,70,22,23,23,47
0.787698412698413,0.812402171091284,0.565003619279149,40,59,19,13,21,46
0.757724656927844,0.799985198836716,0.586102781942362,45,58,25,18,20,40
0.731721317356676,0.777322074288934,0.612258239798951,33,47,12,12,21,35
0.747972437996191,0.807379012158802,0.617578370609899,37,63,21,20,16,43
0.727823421469681,0.784394563481191,0.601877580495769,38,51,18,15,20,36
0.74014880952381,0.800118122225421,0.586730440995515,40,61,21,14,19,47
0.702964159284817,0.752561500146456,0.612180506010196,49,69,22,23,27,46
0.796127731216814,0.831299238049503,0.605670887415817,43,61,22,18,21,43
0.749357628836132,0.795103068692109,0.691910569105691,44,70,24,29,20,41
0.766388888888889,0.816059143826959,0.590791854332679,40,63,22,17,18,46
0.724983714533874,0.778188025924189,0.570729672330097,44,64,17,13,27,51
0.686936622990428,0.731493426259026,0.578328,34,50,11,12,23,38
0.785094670114271,0.821531495477979,0.587093964893232,38,72,23,24,15,48
0.748400419421797,0.796885995519588,0.618097694174757,37,64,18,20,19,44
0.715512034197565,0.765795158866134,0.566014784946236,34,60,15,17,19,43
0.738256461490074,0.793649397882651,0.674631205924251,43,69,20,27,23,42
0.742022484669543,0.79366911263374,0.582918739635158,42,67,22,19,20,48
0.741923786919831,0.780941689903328,0.618543515779093,36,52,19,22,17,30
0.729249011857708,0.771009241426794,0.6140689595774,35,56,13,12,22,44
0.744689128546613,0.791498370152027,0.624375723798494,44,44,24,20,20,24
0.773949374643913,0.822178815262693,0.576798693857046,29,51,16,13,13,38
0.762296587926509,0.825331026449416,0.548600464576074,30,70,18,18,12,52
0.762095825041193,0.823403914097114,0.661933000416147,37,54,18,17,19,37
0.778514736082588,0.83093525630741,0.632639260448249,43,54,24,22,19,32
0.691641111420872,0.739706914120922,0.618602846544023,34,42,15,11,19,31
0.751289294044638,0.776298959169808,0.639981237990044,37,53,19,19,18,34
0.761007868742675,0.787112310306063,0.612861088924388,33,48,18,12,15,36
0.733463130914827,0.783616926486927,0.570976849237719,32,35,18,10,14,25
0.708347371967655,0.765449053567853,0.550013408420488,28,57,14,12,14,45
0.781686507936508,0.831699280214608,0.632383670905093,40,59,20,24,20,35
0.755044726440607,0.789175923153472,0.607287725863505,46,59,20,11,26,48
0.766614173228347,0.798923591474825,0.651836436655714,30,55,20,25,10,30
0.698963254593176,0.748881557589621,0.596413216836558,30,46,13,11,17,35
0.697685917721519,0.728185982847348,0.651331995627987,36,49,12,15,24,34
0.718706047819972,0.772771925770255,0.614628789618741,36,56,20,18,16,38
0.716524319629415,0.748882044710382,0.620195904080394,44,57,19,13,25,44
0.723715489198432,0.7736219753869,0.621752303803828,38,51,19,17,19,34
0.766322547223918,0.81208601580627,0.681438804110869,43,65,25,25,18,40
0.743550017580872,0.774467174726657,0.59369152815526,36,59,15,17,21,42
0.73626494374121,0.786954144203817,0.578995623767258,36,52,18,15,18,37
0.75886648628204,0.79126687863259,0.674714642411272,27,54,11,17,16,37
0.711427814368991,0.74547959889226,0.560208174178762,42,68,16,20,26,48
0.761525718778077,0.805798751752214,0.645346632281553,28,64,9,16,19,48
0.749868400944117,0.785808639952724,0.667769258853597,47,55,23,17,24,38
0.744583666134185,0.789545967020119,0.608439738399253,48,65,27,23,21,42
0.702707856598017,0.743492826033001,0.588196577446248,46,53,21,16,25,37
0.742484434532107,0.784954016029977,0.574402619581939,34,57,16,13,18,44
0.653276805140405,0.693216565431597,0.577002778693543,39,51,12,18,27,33
0.655057670497101,0.70025551881455,0.654863864010832,37,49,11,12,26,37
0.752927237245609,0.802011798481123,0.608320346189345,34,53,17,17,17,36
0.719727127967574,0.750647154872183,0.572790250809062,44,64,21,20,23,44
0.765064605723946,0.815665635066264,0.58149115755627,26,56,15,14,11,42
0.717526040221273,0.760709396567981,0.630053207300399,43,54,20,15,23,39
0.72179115005833,0.763487457680517,0.587997311827957,29,60,13,14,16,46
0.805973101265823,0.831757811162183,0.590454772613694,36,58,23,17,13,41
0.792158755394049,0.828031466915663,0.623321292951746,42,61,26,22,16,39
0.740124760262694,0.776760081185829,0.573404077540107,41,68,16,18,25,50
0.754966550763537,0.81428212661134,0.641943587986753,39,49,16,9,23,40
0.769765009008311,0.804931660539182,0.611854455124134,41,57,23,16,18,41
0.728399347904842,0.808205233636709,0.56443824532211,26,49,15,11,11,38
0.65398205343298,0.675063724911817,0.596454326923077,31,52,11,10,20,42
0.805328083989502,0.845832090034406,0.670032885915513,30,57,14,16,16,41
0.685368319268636,0.753014445550006,0.605683269476373,36,58,14,19,22,39
0.72632328726573,0.769575537059217,0.588696598639456,43,75,18,20,25,55
0.826047282120395,0.870008084934778,0.632432795698925,28,60,18,14,10,46
0.756621131865068,0.785120945510854,0.609152532114811,34,53,17,16,17,37
0.722943948619568,0.777781607590422,0.58794771034282,38,61,19,17,19,44
0.674159000092928,0.735232127555361,0.57749718592473,34,49,14,14,20,35
0.800107880990234,0.825703850116115,0.633606807707257,42,58,24,22,18,36
0.701375960283324,0.746783983874724,0.574207121025682,37,61,13,12,24,49
0.773112430852343,0.818983891867468,0.695255612864078,43,64,26,31,17,33
0.757794349967475,0.788311651934086,0.615764068255917,34,57,16,18,18,39
0.737154150197628,0.79346353576437,0.658737589917365,35,54,18,19,17,35
0.732833229333406,0.797820733925815,0.547794882463074,29,46,16,12,13,34
0.763350474683544,0.789590814631847,0.631136598530087,36,56,20,19,16,37
0.756737022635038,0.814765281437268,0.59559097150043,47,63,26,22,21,41
0.71932144723093,0.763608107088843,0.635019601301193,24,38,11,7,13,31
0.755122665179816,0.80192803753427,0.698043843711263,34,47,19,19,15,28
0.706439740539661,0.754443109901041,0.582490014255268,39,57,19,18,20,39
0.781328408140507,0.839014174426454,0.559260752688172,34,60,18,20,16,40
0.739686021293375,0.765118126557571,0.609759761810459,32,59,13,19,19,40
0.713759938184998,0.770377947631352,0.567479717079259,39,46,21,13,18,33
0.777945357464808,0.81899653218916,0.604944124190938,46,64,24,17,22,47
0.707762357801635,0.752957290777678,0.535201464647229,27,53,11,9,16,44
0.757255044726441,0.788252864194342,0.661631017661086,46,67,23,23,23,44
0.7003503211277,0.742334268976034,0.606967487234702,38,49,13,16,25,33
0.763581349206349,0.801033419015687,0.573902259062152,40,51,17,11,23,40
0.739776051453922,0.775148847606417,0.567889666277972,41,58,17,15,24,43
0.793669765382913,0.828017582650596,0.646784281894576,45,68,24,23,21,45
0.647770664869722,0.683404324101327,0.613522073142026,28,37,9,6,19,31
0.700727091080646,0.745754323598986,0.59845516030927,43,53,13,8,30,45
0.736628435157847,0.777132334726642,0.583802628050415,42,57,19,10,23,47
0.710515889565435,0.740730804077439,0.596542833278861,38,67,14,18,24,49
0.703505304763886,0.740906117994247,0.584162801605086,46,62,18,13,28,49
0.721591595217969,0.772382740006112,0.54739207036425,26,59,10,14,16,45
0.711279761904762,0.755418598467754,0.585238243537839,40,65,20,14,20,51
0.75570583262891,0.786342852919678,0.568947509562321,26,57,12,13,14,44
0.767419100638044,0.809685768907011,0.627031178226918,31,56,19,17,12,39
0.661658603720077,0.712850863014534,0.637123655913978,38,60,17,21,21,39
0.747835355133615,0.788423598083808,0.573529783576052,36,64,17,19,19,45
0.673401047159164,0.704596851928219,0.627374649641856,43,65,12,16,31,49
0.763459376719045,0.797930680989912,0.640412461605968,33,53,18,22,15,31
0.761134465991205,0.827998494875656,0.630384570966624,41,63,24,21,17,42
0.774054537747845,0.824816016416183,0.630920650785718,51,58,28,20,23,38
0.681514913657771,0.705235695998241,0.584248866550067,26,47,12,9,14,38
0.739456401712548,0.76905967528425,0.597848252010636,41,49,19,15,22,34
0.785996612083569,0.829194217445649,0.556233072581743,35,53,19,11,16,42
0.70597698538875,0.758683737906095,0.575595713525027,42,48,21,13,21,35
0.795471485036702,0.840511457955428,0.641378336603056,35,54,21,19,14,35
0.727614896988906,0.787128895726239,0.598167524266838,38,71,17,21,21,50
0.726851554642528,0.782622920582502,0.56605657842176,37,67,17,19,20,48
0.692256506309148,0.726946559258604,0.602248995983936,32,55,10,10,22,45
0.679649850545965,0.742651724613164,0.638283175560056,39,51,15,18,24,33
0.797105680206856,0.833549198005361,0.604767168121268,38,56,20,17,18,39
0.748002044419664,0.80591249440725,0.586227097519145,34,47,16,13,18,34
0.741121031746032,0.80283745591619,0.516979294575941,40,57,20,13,20,44
0.689984838274933,0.722471801749866,0.65881190178943,28,54,11,14,17,40
0.772009054149086,0.82320879609491,0.589822019935072,36,49,20,12,16,37
0.732437893735885,0.771805853680197,0.586029705487163,47,67,20,16,27,51
0.800315706393055,0.842344513681177,0.634209565534867,33,55,20,20,13,35
0.699616036137775,0.765381591971754,0.560712524654832,35,52,15,9,20,43
0.770969362129583,0.820540471814255,0.621143623951222,33,62,16,17,17,45
0.734783102430161,0.755222157100989,0.664847921987462,42,59,19,21,23,38
0.74577903318996,0.780743647097932,0.550232863054672,37,59,17,17,20,42
0.782290015847861,0.80804097878914,0.620180629087512,38,65,20,20,18,45
0.776378346817916,0.824172852422191,0.590527792111565,38,61,23,18,15,43
0.796022674472633,0.821011220677236,0.623452880718008,34,44,21,13,13,31
0.774053298857286,0.81456051145711,0.635430107526882,38,60,19,14,19,46
0.766071868836292,0.797035427674602,0.644240516863113,52,53,26,15,26,38
0.685831350779804,0.716050261999671,0.610664152024446,39,68,14,18,25,50
0.737294301427318,0.775332262975543,0.646169970570271,37,58,17,19,20,39
0.745644841269841,0.783973797788805,0.677139152410061,40,61,20,22,20,39
0.665314471950628,0.69500325421512,0.597986110060372,46,53,13,15,33,38
0.782063492063492,0.811235364241287,0.575898717025871,40,57,22,12,18,45
0.730996189945172,0.792792773145223,0.583895555810749,34,56,19,17,15,39
0.667109010248164,0.741687927443646,0.563443000098799,41,57,16,14,25,43
0.765905471916618,0.817211064963769,0.645092089593631,44,49,24,19,20,30
0.758693918590944,0.793311366739328,0.585940807713845,46,59,22,16,24,43
0.721751950990112,0.766449076438404,0.626092157270647,31,46,10,14,21,32
0.680327498588368,0.74102172356703,0.567646732189461,35,58,12,14,23,44
0.73068923056443,0.789075670003045,0.592494571118349,48,72,26,22,22,50
0.699760060188292,0.749493259696217,0.619233398727781,39,54,15,16,24,38
0.777605707593688,0.809749357346164,0.640697902853494,52,66,26,22,26,44
0.666234359451215,0.721499455307453,0.557496107131735,49,65,20,17,29,48
0.743701579942659,0.792279579472892,0.555466381309078,39,54,22,13,17,41
0.712952743203546,0.76566453715444,0.644021121962298,47,42,21,16,26,26
0.755598922033268,0.807191193759185,0.629922623859568,34,63,15,18,19,45
0.745179282868526,0.787690845663364,0.678276743336984,45,55,22,18,23,37
0.740492841783064,0.80210223311999,0.592839647714837,41,62,18,17,23,45
0.763057742782152,0.791020442084163,0.594289324457594,30,52,13,13,17,39
0.658161919831224,0.713686696770498,0.545397122644314,36,54,14,15,22,39
0.737748439405898,0.787968161644365,0.477140273311897,33,56,13,10,20,46
0.760707479972618,0.794721844861706,0.57800490177208,43,63,16,15,27,48
0.724977062307115,0.768067425729598,0.575199060353187,38,59,17,13,21,46
0.686304,0.71960380495433,0.64972706155633,50,70,19,23,31,47
0.754047977804884,0.79815292718869,0.637152859542536,33,51,17,18,16,33
0.722697082385155,0.770594563063316,0.602466572884087,43,59,20,12,23,47
0.788556430446194,0.839574250617651,0.589336,30,50,16,10,14,40
0.748570583596215,0.788863177799673,0.60421986554797,32,62,16,14,16,48
0.767787691603752,0.830196229832627,0.584777049825241,31,53,17,13,14,40
0.731038958523024,0.781196654614175,0.67994583924697,41,49,19,21,22,28
0.735435052080443,0.782458724704747,0.621586134453782,43,68,19,21,24,47
0.759220779220779,0.821842257974271,0.610661167183381,35,59,18,16,17,43
0.70343137254902,0.739794584617351,0.541375910194175,42,64,21,19,21,45
0.762974873593057,0.811601150769951,0.605195621767974,41,63,20,18,21,45
0.73818748910285,0.768776161366129,0.617163626814362,41,68,14,17,27,51
0.761187338393528,0.802775540760285,0.608356818693023,38,61,21,20,17,41
0.752548981223185,0.788020191929555,0.623311723392761,49,66,26,21,23,45
0.787575410859164,0.816410665864798,0.57929331444965,46,67,24,17,22,50
0.703380376344086,0.741809499055178,0.586329256912725,60,66,18,14,42,52
0.771020150877407,0.807089449134107,0.620509665383241,39,61,19,15,20,46
0.677913052050473,0.717575551427004,0.607731396417088,32,56,11,13,21,43
0.755669831223629,0.812168734762064,0.651244895450634,36,59,19,22,17,37
0.695247662098491,0.727926974815174,0.618441971383148,33,42,14,14,19,28
0.747351511824152,0.801775686822166,0.633787808217245,39,57,21,19,18,38
0.698326693227092,0.731972884181508,0.619819370912488,45,65,15,20,30,45
0.693073604818362,0.740286890515893,0.596314172882843,29,53,12,11,17,42
0.726599467665615,0.768901050281031,0.640230751928446,32,61,14,19,18,42
0.745443453061847,0.799413628277163,0.650136953054573,31,46,17,15,14,31
0.735250041627352,0.791320068661265,0.56975987653387,43,53,23,15,20,38
0.728413956101435,0.779992972513113,0.568220445675438,41,78,22,20,19,58
0.778982007003985,0.782911468814633,0.568459191456903,26,46,7,8,19,38
0.750854950371174,0.815840620992097,0.532208,38,50,21,15,17,35
0.740707849993525,0.779455704909362,0.635661508624811,43,59,18,19,25,40
0.713562731377458,0.744442718758803,0.60634347803429,37,62,16,15,21,47
0.754150197628458,0.789940642198265,0.674483367577389,35,47,14,12,21,35
0.790417537100844,0.828260401409084,0.618590663757465,29,56,16,16,13,40
0.74781246808076,0.778868861199995,0.50077704390298,23,43,11,7,12,36
0.693646259070815,0.752834802177028,0.543863763598675,38,53,17,13,21,40
0.766608974893652,0.812325216958212,0.577957582652697,38,47,19,12,19,35
0.834901496143481,0.853370404248632,0.690775188187609,34,44,20,16,14,28
0.710638057594579,0.77037013631824,0.60100148013751,35,68,17,20,18,48
0.762482419127989,0.795884722727564,0.662193036873402,36,53,16,15,20,38
0.774263128176172,0.837782806092671,0.61397112044007,35,44,21,13,14,31
0.724486103068906,0.775968094919902,0.60944943765041,44,66,22,22,22,44
0.796359126984127,0.830947802002366,0.690296,40,50,19,19,21,31
0.677122539085119,0.717099439166689,0.567592553386685,44,57,16,12,28,45
0.70332092476489,0.762112603818584,0.561112,24,50,10,8,14,42
0.771830379565186,0.823404434381706,0.607304939202689,33,61,17,15,16,46
0.746387417526252,0.796749223716537,0.614113983182809,34,65,20,21,14,44
0.66855418821711,0.723238364959243,0.540446753640777,54,64,25,19,29,45
0.650854869901547,0.688565569929651,0.589258853596203,36,55,11,12,25,43
0.765243000788644,0.805581952976191,0.563227052230019,32,51,17,18,15,33
0.794912462636491,0.83405912197083,0.585790573485024,39,59,26,25,13,34
0.707168600562588,0.747370655153421,0.667588133880269,36,54,10,10,26,44
0.770134655550084,0.791115361980037,0.62353235554529,47,63,18,14,29,49
0.796026627834408,0.837260094795653,0.646893147502903,46,70,24,27,22,43
0.769104020885494,0.81768366235596,0.582473760405356,37,72,21,22,16,50
0.775670306158836,0.810418832989219,0.595889392700513,47,77,25,18,22,59
0.723320158102767,0.772190311555907,0.537736400146039,35,55,16,14,19,41
0.738744075829384,0.791875374111741,0.607282782053949,34,46,19,12,15,34
0.692577380622005,0.709493530988614,0.549242758255809,43,74,18,23,25,51
0.770033957583521,0.825198771245768,0.67167012462774,39,57,21,20,18,37
0.763665713722398,0.806190868505623,0.650732350586351,32,51,18,18,14,33
0.676028760351801,0.736224838607152,0.585998210332972,37,51,15,12,22,39
0.780815720903301,0.814414621763376,0.654721088435374,44,75,21,22,23,53
0.743739685728636,0.785302261608733,0.555910938558549,33,62,14,17,19,45
0.78021978021978,0.842090732534011,0.582765538647892,26,42,16,12,10,30
0.706627680311891,0.761356914084992,0.608190744143317,27,56,10,13,17,43
0.746796135646688,0.80169123563391,0.586149230592558,32,56,14,9,18,47
0.789496428480643,0.812142393338861,0.616130141970653,31,61,14,15,17,46
0.745742846626242,0.786785697214175,0.511423389243876,41,48,18,11,23,37
0.750789889415482,0.776037777995103,0.55661365877712,34,52,17,14,17,38
0.632856979722345,0.669582917272497,0.55653719315805,49,63,14,14,35,49
0.742572017950203,0.784826748938921,0.601959787437508,44,67,22,24,22,43
0.674312922217098,0.700873438345467,0.500593256903353,29,52,5,7,24,45
0.654874782860452,0.73112773732013,0.616194549124218,44,57,16,18,28,39
0.710921167045938,0.755611828793129,0.571355430825243,43,64,20,15,23,49
0.704810582262145,0.751562406822705,0.597150042986745,47,63,24,17,23,46
0.741928905854908,0.784611349638468,0.587652849562796,49,71,26,21,23,50
0.752933808016878,0.818415613530138,0.537792,36,50,17,12,19,38
0.746447350905218,0.78636123766491,0.62436097538907,48,72,21,24,27,48
0.825483599663583,0.865074375801512,0.625017335829693,29,46,19,14,10,32
0.801050457102672,0.842527668880933,0.611851040525739,36,55,20,21,16,34
0.774988765487578,0.826220925403922,0.62124034946578,37,57,23,19,14,38
0.734737605485232,0.805034181785314,0.639854486661277,36,63,22,22,14,41
0.736804065499718,0.773178737707442,0.575212691356065,35,61,15,17,20,44
0.652445806994221,0.722098426040942,0.552822273073989,29,46,12,12,17,34
0.718983625070581,0.757478957432018,0.554848956711305,35,65,15,18,20,47
0.774906832298137,0.835865612794252,0.539396968182575,35,58,20,10,15,48
0.716228520506015,0.759559231879406,0.631448121389257,41,59,18,13,23,46
0.726364829396326,0.768224823471731,0.597563794378698,30,52,16,13,14,39
0.827987850087298,0.854784761827678,0.669362949647985,33,37,20,13,13,24
0.751971608832808,0.792218831272196,0.533306842461827,32,62,17,17,15,45
0.793314131098891,0.827219492224861,0.635896312522819,27,55,14,13,13,42
0.756750615866638,0.786249711079859,0.512602707101179,33,61,10,12,23,49
0.742345042282316,0.798696269830299,0.607073894409645,34,51,15,13,19,38
0.734980079681275,0.773987464111229,0.608072348139033,45,61,19,18,26,43
0.736441574649339,0.802148596751451,0.668686290825879,29,46,18,18,11,28
0.686285276890309,0.741225572958871,0.6169542198692,48,65,24,23,24,42
0.772828910220215,0.7940732625037,0.58750485868177,35,58,14,11,21,47
0.696421529968454,0.759505617706424,0.560920698924731,32,60,12,12,20,48
0.777490079365079,0.814296919202663,0.594960954766465,40,66,27,20,13,46
0.681163184641446,0.757499595406302,0.594312,35,50,15,17,20,33
0.815106215578285,0.852329608827015,0.607194557035321,29,44,17,11,12,33
0.75637449224294,0.775638492096191,0.596125817502336,49,65,19,18,30,47
0.68538016621743,0.753404054780521,0.65854470777599,28,43,9,7,19,36
0.752470588235294,0.802756479680286,0.628887532145566,25,43,13,12,12,31
0.767055043819517,0.796559740575194,0.63390624379788,39,61,18,19,21,42
0.671945193171608,0.713513859567871,0.582467707872894,28,66,10,12,18,54
0.745896589116719,0.790615133572445,0.530186760355029,32,52,16,12,16,40
0.76910220214568,0.809115363660269,0.654513021267144,35,58,19,12,16,46
0.742026055705301,0.781474070438792,0.580672279530744,28,64,13,15,15,49
0.717183770883055,0.769384043156042,0.647399016424752,43,68,19,18,24,50
0.70855869911934,0.757699793540814,0.58215906534884,46,61,16,10,30,51
0.759448818897638,0.804500548864255,0.603590089572806,30,56,15,16,15,40
0.687396950875212,0.75908851580504,0.599988949462207,35,66,13,14,22,52
0.788963607594937,0.816369311493097,0.535944652517686,36,54,17,16,19,38
0.749772882125823,0.785026706285264,0.63090732491543,42,73,19,20,23,53
0.775836183167904,0.79925333397994,0.609248182860013,38,51,17,18,21,33
0.829776222397476,0.851253571665619,0.589412290433925,32,52,21,17,11,35
0.759176863181313,0.786931581338769,0.508592,29,50,13,10,16,40
0.704865790655885,0.733682353806052,0.570652243651435,28,63,8,15,20,48
0.698723830177663,0.751675988629564,0.634805964619802,38,61,19,18,19,43
0.758391660094637,0.811666057067495,0.630943811661092,32,57,17,17,15,40
0.702986111111111,0.758655450162916,0.597738287560582,40,62,16,18,24,44
0.783425632911392,0.812956059844371,0.546279283417547,36,56,19,14,17,42
0.767454625940682,0.802996644983315,0.651653385687339,45,63,23,20,22,43
0.736111111111111,0.775577288483166,0.651503084546926,40,64,20,26,20,38
0.699055861526357,0.768700315367372,0.605553500986193,29,52,11,13,18,39
0.746329337422173,0.789527148667833,0.592364078385148,34,66,12,14,22,52
0.719654714475432,0.792845828388906,0.600360527904207,45,49,24,14,21,35
0.751024173200575,0.799188313722241,0.600181451612903,29,60,14,17,15,43
0.712589285714286,0.777207068340454,0.607153554313099,40,48,19,11,21,37
0.673742857723825,0.720577896995493,0.566855026294498,39,64,11,13,28,51
0.709596028107111,0.754656839730342,0.639746671597633,29,52,14,16,15,36
0.738489921050489,0.766490419262924,0.558030738316143,29,51,12,10,17,41
0.731665776964336,0.764215101547492,0.596872309494573,31,57,13,13,18,44
0.748968055470831,0.787307717268221,0.657474999607529,39,51,15,13,24,38
0.777216,0.80953356455511,0.570975098619329,50,52,25,11,25,41
0.705958058899235,0.774270678248262,0.652270271597662,42,66,17,20,25,46
0.757340061723246,0.799946955647355,0.63316691321499,38,52,20,18,18,34
0.722557662118102,0.752367263806334,0.593630816170862,26,46,9,9,17,37
0.787073663853727,0.822592661526965,0.603518316490583,36,56,23,22,13,34
0.746271257318093,0.791862550607206,0.546702358677392,34,59,18,9,16,50
0.806766888161336,0.838400010479154,0.669678772390241,41,71,21,24,20,47
0.76069346657582,0.805765716392933,0.526073130003438,42,66,25,17,17,49
0.740214568040655,0.79592882765223,0.620526425301706,35,54,18,17,17,37
0.708473846595393,0.762225121420122,0.57756,33,50,13,14,20,36
0.740832018927445,0.784403373423997,0.615946050951879,32,43,16,16,16,27
0.761937799485671,0.814143507098028,0.651611694152924,43,58,22,18,21,40
0.759273648961166,0.809212006892744,0.632654124758977,43,62,23,20,20,42
0.797518415650284,0.836137149405699,0.633977492910395,26,63,16,23,10,40
0.754356007805966,0.80323724172886,0.590913144283931,34,54,16,10,18,44
0.741637049295966,0.767970964212346,0.630223711106064,29,42,12,14,17,28
0.729676232051529,0.781011233051314,0.641306844281121,37,56,20,21,17,35
0.756341734718793,0.774496009140383,0.582330067412678,29,47,13,10,16,37
0.778184498843387,0.813366188515583,0.661413910269745,31,46,14,12,17,34
0.806349316977976,0.832061818228671,0.621068901967778,34,54,16,13,18,41
0.722584965678888,0.766880772928035,0.527896505376344,33,60,16,14,17,46
0.755989879608089,0.810448817557626,0.597807949029126,47,64,25,20,22,44
0.713780272067346,0.778403727137216,0.600528,39,50,20,13,19,37
0.75848271446863,0.789102342301251,0.574032660703141,22,46,8,9,14,37
0.741130952380952,0.785299260713546,0.672753510573347,40,43,21,16,19,27
0.760489266796766,0.810508245446995,0.618784451079467,34,56,19,17,15,39
0.730758054204847,0.75769513417341,0.602433275465413,41,57,15,10,26,47
0.780203274985884,0.817228206032327,0.628415207756703,35,47,19,10,16,37
0.750250956347161,0.786699596314582,0.571129200647592,29,53,15,14,14,39
0.765449045476499,0.812655248860688,0.589278909260279,31,57,12,10,19,47
0.694334563994374,0.752533927122743,0.62158045105178,36,64,16,21,20,43
0.715796078431372,0.752098051478931,0.576653600841312,25,59,13,15,12,44
0.784427391775794,0.821091827342543,0.662558853927423,38,56,23,16,15,40
0.75089003164557,0.790573837270855,0.599462365591398,36,60,16,14,20,46
0.818162810147756,0.855014371889349,0.618889107442768,34,53,21,14,13,39
0.74085827216262,0.783362722544351,0.61020581170819,35,51,18,15,17,36
0.733501388721169,0.780664023847196,0.618048,26,50,12,12,14,38
0.756501960784314,0.782202365578695,0.646235852500913,25,55,12,20,13,35
0.756438994374121,0.818451622977977,0.568270316865822,36,54,21,14,15,40
0.73744209612044,0.783665132594432,0.616851296573935,44,58,21,17,23,41
0.72654370489174,0.767734807116444,0.628489077669903,53,64,23,19,30,45
0.726662902315076,0.783081971238629,0.54754060170394,35,48,17,14,18,34
0.712441314553991,0.756763957631019,0.594381603123564,22,56,9,11,13,45
0.788097377529286,0.825119507436981,0.654758064516129,48,60,21,15,27,45
0.780101637492942,0.808459421884124,0.648926900305577,35,68,17,21,18,47
0.690049226441631,0.763358903832724,0.584760121276975,36,54,15,17,21,37
0.729376928851447,0.77427117127365,0.60034516765286,38,52,20,17,18,35
0.768339047116737,0.801268098867619,0.615768,36,50,19,14,17,36
0.75265873015873,0.792208233958924,0.584841864336246,40,54,22,18,18,36
0.67762115272333,0.72406966389191,0.599263724705254,38,51,14,11,24,40
0.788580392156863,0.830375130686689,0.614026320173247,25,58,13,22,12,36
0.742146037943024,0.777287073674344,0.557047648707568,39,65,22,19,17,46
0.706399437412096,0.747913806153356,0.583072017359319,36,61,14,13,22,48
0.694960656286623,0.765538789368331,0.589857915700612,33,54,17,14,16,40
0.761933151639034,0.801347131956657,0.643222850983562,42,63,22,21,20,42
0.750542192429022,0.78403402874516,0.608424,32,50,13,15,19,35
0.795719932241671,0.846988953225102,0.573337097684924,35,35,20,11,15,24
0.688359510712218,0.740832752808666,0.597030029857602,44,56,17,17,27,39
0.715415019762846,0.763091585868799,0.629243207894893,35,54,16,16,19,38
0.670306431606987,0.726797008129559,0.565476190476191,39,54,11,9,28,45
0.757474509803922,0.792277490540727,0.647999330319772,25,33,10,6,15,27
0.784769558250221,0.845092409792065,0.571818489759758,33,62,20,21,13,41
0.738984,0.791215023909332,0.633048894425413,50,65,25,21,25,44
0.768282988871224,0.816586623581975,0.57041231126597,42,70,25,25,17,45
0.785260319702125,0.835948946692618,0.59669833842628,37,68,23,19,14,49
0.849145098039216,0.876849103764015,0.624765966299147,25,46,16,13,9,33
0.792363215416567,0.857297099071564,0.519726247987118,23,58,13,14,10,44
0.71012987012987,0.760376216696091,0.682183278568821,35,55,16,18,19,37
0.692773533628641,0.719550815768328,0.556565860215054,37,60,13,7,24,53
0.761511476628566,0.82995473315496,0.520918791986208,34,54,19,15,15,39
0.806091698356892,0.861708111146979,0.610583597090344,33,58,20,16,13,42
0.704353991158562,0.75728319480203,0.542264,38,50,13,9,25,41
0.777713998708474,0.815569453787205,0.626585365853659,33,70,15,17,18,53
0.771101072840203,0.814685156763326,0.483275777663107,35,61,18,15,17,46
0.754463650590411,0.79796383737124,0.669462794707375,22,41,11,9,11,32
0.751160899616956,0.801040132271161,0.580290002465483,37,52,20,15,17,37
0.781666184134337,0.817814968797882,0.617719775368205,44,69,29,25,15,44
0.757504234895539,0.796933172921222,0.638520034611289,35,48,18,11,17,37
0.768733108512114,0.80694103835541,0.591338449211046,33,52,17,14,16,38
0.701366459627329,0.7571141236598,0.558037289523084,35,57,15,17,20,40
0.714365770042194,0.764679935467136,0.60666315735851,36,47,12,13,24,34
0.7368754633948,0.779641831366981,0.606671104991602,33,53,16,13,17,40
0.696438492063492,0.730137903022541,0.563215215362703,40,66,15,19,25,47
0.843718878930147,0.881126190559059,0.602180299196821,22,47,15,13,7,34
0.763364444173326,0.809327094186305,0.58336803820312,39,58,21,17,18,41
0.786011904761905,0.830876043715876,0.650497311827957,40,60,20,20,20,40
0.725782348804501,0.779865895071347,0.652660725363514,36,53,18,16,18,37
0.750285747496077,0.806523028390822,0.597986110060371,41,53,23,14,18,39
0.73741984945637,0.778632974509314,0.547523451696871,34,66,16,14,18,52
0.761915910883281,0.798543482062971,0.609008,32,50,19,18,13,32
0.762459337726249,0.802875732954657,0.545130461165049,38,64,19,17,19,47
0.726988662763684,0.780014071258107,0.581555312157722,34,55,16,10,18,45
0.767196290436006,0.825161896139259,0.607915976953972,36,63,19,21,17,42
0.738462790634581,0.769577568192151,0.597839968904437,29,58,13,15,16,43
0.757147082018927,0.787112990346186,0.569378959776043,32,66,15,22,17,44
0.710916442048517,0.761126659539902,0.5773871437487,28,46,9,10,19,36
0.750275590551181,0.778007670741952,0.616054299774794,30,38,12,8,18,30
0.7515333147477,0.79468252842786,0.645638427184201,34,59,18,16,16,43
0.715210017656352,0.76662151254368,0.613676597418711,34,53,15,12,19,41
0.7026021860276,0.761751225717881,0.637325268817204,33,60,16,19,17,41
0.742175177444795,0.773106503606259,0.629005409904286,32,54,11,14,21,40
0.733682959379431,0.756554640459067,0.562464190221543,38,68,17,12,21,56
0.796426924224748,0.839631617863992,0.667547083141938,29,56,15,15,14,41
0.682917479788124,0.704793952817936,0.596453633495031,34,51,9,6,25,45
0.797867388205173,0.813811915160333,0.605309346204476,27,53,14,16,13,37
0.788543175983121,0.823080651711818,0.620475418692599,31,66,16,16,15,50
0.719543771800304,0.780910870776621,0.596687176743357,37,54,20,19,17,35
0.730089695654701,0.769812623774265,0.644546659270217,41,52,21,22,20,30
0.779303036277603,0.8076616539972,0.681438172043011,32,60,19,24,13,36
0.75312470959948,0.778449272399596,0.614343931515368,34,61,17,14,17,47
0.764356955380577,0.792445684636429,0.629495695329167,30,53,15,17,15,36
0.737102676329196,0.78689295850362,0.580712014535544,33,42,18,13,15,29
0.782446409208441,0.803599330278971,0.625595501203281,38,66,18,21,20,45
0.64166898987083,0.662936269922454,0.630328161227037,34,54,12,16,22,38
0.733278446513741,0.785058541575979,0.536432077693539,42,61,21,16,21,45
0.708461109562308,0.747185190874838,0.573093873274162,34,52,12,11,22,41
0.716772151898734,0.763286327734153,0.603554203031695,36,56,13,12,23,44
0.752619047619048,0.788035855616976,0.609911483348549,40,61,22,20,18,41
0.716537202285421,0.763601185251877,0.570397955458196,37,55,15,9,22,46
0.780573985103841,0.827959577821316,0.627149593195266,31,52,20,18,11,34
0.760572191175244,0.808383056438589,0.609479912799751,38,65,17,19,21,46
0.740545634920635,0.781398350357494,0.631573624595469,40,64,22,22,18,42
0.667508984725966,0.726581099657616,0.600589057507987,28,48,13,13,15,35
0.737990261177512,0.794098158798211,0.574093237704918,45,80,26,28,19,52
0.76989501312336,0.805553117343934,0.551290736898562,30,57,15,12,15,45
0.662611542659049,0.711674259622636,0.605330356340866,37,63,16,15,21,48
0.69742782152231,0.746704718109466,0.619530918852729,30,51,13,18,17,33
0.776387115872047,0.817111206075622,0.55289294375794,43,63,22,20,21,43
0.660991888005643,0.694145717389827,0.609568787322003,29,56,12,15,17,41
0.687534380904547,0.724498502261581,0.57995099852071,33,52,10,9,23,43
0.740099206349206,0.778366089217571,0.663927220207539,40,51,17,18,23,33
0.816895677189795,0.850003369518729,0.648586247502613,42,61,23,24,19,37
0.789305477131564,0.822673499029068,0.623887540453074,35,64,20,17,15,47
0.767540191432023,0.796337969790882,0.584483272892824,34,51,15,11,19,40
0.722975227291684,0.770327330793715,0.598413917189058,38,71,16,17,22,54
0.757978543195934,0.807014340374292,0.616498655913979,35,60,19,16,16,44
0.774231678486998,0.83281816157865,0.650094314201024,31,63,18,22,13,41
0.739380833481957,0.792322226268182,0.621532258064516,54,60,28,20,26,40
0.718698508484732,0.775521999728298,0.599035778617596,37,69,20,18,17,51
0.72474947257384,0.772081921670334,0.557268069610873,36,57,18,15,18,42
0.776788853727145,0.821690312551022,0.625577956989247,36,60,22,23,14,37
0.803503027968586,0.854395133126644,0.628559526898756,37,59,23,20,14,39
0.82709260713974,0.861868769249591,0.643370607028754,27,48,17,12,10,36
0.752430555555556,0.800084674204394,0.622759132836521,40,62,24,21,16,41
0.739049025272303,0.781434533398063,0.642857142857143,37,61,20,23,17,38
0.743108157848854,0.789872818780767,0.564607893727094,41,61,20,18,21,43
0.741871072753426,0.784569340836713,0.613786053304126,42,55,22,11,20,44
0.677821522309711,0.728944097709463,0.656537698412698,30,40,12,7,18,33
0.755823663853727,0.816965813371823,0.606791169392466,36,66,20,21,16,45
0.739949978649424,0.785297187586811,0.568752646171076,39,59,17,19,22,40
0.692663150630915,0.736760581935195,0.593014232720115,32,42,12,10,20,32
0.74899689605572,0.805849082013422,0.540864098448368,42,54,24,15,18,39
0.733626308855142,0.774174710321089,0.600707566606624,46,69,20,24,26,45
0.719229160858656,0.797578614498344,0.604469086021505,34,60,17,15,17,45
0.710391257094554,0.739871071174318,0.569830866179181,26,54,10,8,16,46
0.852326498422713,0.873565094332575,0.612281809830041,32,56,21,15,11,41
0.768245252802562,0.795178548280974,0.573574029126213,31,64,15,16,16,48
0.780851582992741,0.829342211300939,0.647824,39,50,25,20,14,30
0.707798996375802,0.761667501634329,0.551702798478295,34,62,14,11,20,51
0.750020852448077,0.789716494630648,0.606600949251552,38,55,19,17,19,38
0.76416493267322,0.800373465154112,0.517173908832019,33,41,18,10,15,31
0.760593812755789,0.80685230733932,0.581787634408602,31,60,14,13,17,47
0.712948008939787,0.761855670495136,0.596591856899052,49,63,19,17,30,46
0.732761713424697,0.78512318391961,0.600633038585209,33,56,18,19,15,37
0.743782648194413,0.788333337817194,0.631833342018865,42,62,18,17,24,45
0.746044303797468,0.808252424989792,0.596904268357265,36,53,19,11,17,42
0.818713271925009,0.858600456872441,0.671927947208846,39,54,25,24,14,30
0.78753126334411,0.825827175700653,0.630891429597978,39,63,24,22,15,41
0.768723628691983,0.81310307216501,0.621810879883169,36,55,18,16,18,39
0.749710242176539,0.793955756149809,0.627173274696459,39,59,21,16,18,43
0.808312491103926,0.849434141844316,0.630008012820513,39,52,22,16,17,36
0.73018075521267,0.773073759923236,0.638163183279743,43,56,20,17,23,39
0.711456204103263,0.741559998975646,0.676640846243545,42,58,17,19,25,39
0.686181434599156,0.719291249415772,0.568729838709677,36,60,12,11,24,49
0.826617063492064,0.847758387960807,0.539018817204301,40,60,26,19,14,41
0.712776717401589,0.746235662423306,0.607308212349254,49,59,18,13,31,46
0.705515714918105,0.74885568194423,0.636262846465276,45,65,18,20,27,45
0.721524562394128,0.763346875507999,0.593753434119845,35,51,16,9,19,42
0.65766709384858,0.690179397055143,0.546268203883495,32,64,11,11,21,53
0.714247951361353,0.768341861622818,0.642863111153552,39,68,15,26,24,42
0.771622175062363,0.805514173778593,0.546084229746358,21,61,11,18,10,43
0.749934691745037,0.79075157463026,0.616159182183278,24,55,12,14,12,41
0.722382834556747,0.762282207565702,0.64218978372278,35,43,15,12,20,31
0.716479689715573,0.766096600436435,0.569685456244161,38,65,18,16,20,49
0.694552479727497,0.753102094520727,0.558420698924731,31,60,11,15,20,45
0.651884920634921,0.699032795756013,0.63131034786826,40,74,14,22,26,52
0.745323860798135,0.780641869401833,0.579064177331021,43,59,19,14,24,45
0.68714557788192,0.730488061233164,0.557949116965837,37,44,17,12,20,32
0.707509229957806,0.776224206925399,0.592186929536327,36,55,17,13,19,42
0.738249576510446,0.780328211212845,0.61419167156066,35,59,14,9,21,50
0.78269663858537,0.833777397867155,0.591158032751062,38,59,24,16,14,43
0.827233511489731,0.840054949619779,0.604838578117098,29,49,18,15,11,34
0.742697566925595,0.793203111237422,0.585640339256204,37,59,21,18,16,41
0.726462045105548,0.77238237277716,0.516054575998033,43,59,17,9,26,50
0.766664857972273,0.811601415788175,0.610353130016051,29,54,15,14,14,40
0.715337375772487,0.756283759348899,0.61877037727061,41,57,17,13,24,44
0.764589722144782,0.798199510379057,0.672530181007551,34,51,15,16,19,35
0.719159946134875,0.766363441174321,0.567341329335332,53,58,25,14,28,44
0.698636879159445,0.734971073131835,0.594285788733128,37,62,14,14,23,48
0.776951321068968,0.810377688048303,0.626469905352436,42,59,25,22,17,37
0.808989501312336,0.83821832879428,0.656075268817204,30,60,16,18,14,42
0.775008469791078,0.804598133329486,0.625784386442035,35,69,15,19,20,50
0.766765368254233,0.794152629223141,0.68654322413417,38,63,22,21,16,42
0.691607556456283,0.738689082576506,0.592803556543484,44,61,16,17,28,44
0.737486972215867,0.784051047190136,0.637103490044666,31,42,18,16,13,26
0.791289682539682,0.826956300236096,0.590864290077184,40,58,22,20,18,38
0.687935907602839,0.73176528569136,0.587849462365592,39,60,19,18,20,42
0.725425150613895,0.753446369195612,0.57350854010669,31,49,13,13,18,36
0.679404037033948,0.731542138660287,0.639976,38,50,16,16,22,34
0.674251968503937,0.73352261416344,0.587761956918583,30,55,10,8,20,47
0.84094855469681,0.858218944551561,0.601989549839228,23,56,12,19,11,37
0.722490347490347,0.765398990547527,0.534925155166119,42,55,18,11,24,44
0.719484713316606,0.761122501332042,0.605905380643012,34,58,15,17,19,41
0.799107848673066,0.830513055461544,0.56821481590238,35,49,18,11,17,38
0.750853174603174,0.799709441661574,0.574280264153682,40,79,18,16,22,63
0.729269809380306,0.798486739046845,0.563395695450518,33,62,17,16,16,46
0.729406870319743,0.773472064357166,0.618411709747742,47,65,23,20,24,45
0.688108536089534,0.74037866389018,0.611041666666667,37,60,13,19,24,41
0.719526320977918,0.765267275623558,0.550347222222222,32,72,13,17,19,55
0.749537404176579,0.804557929425609,0.620927419354839,39,60,21,21,18,39
0.719225528049057,0.756103228684362,0.60323440581854,42,52,16,12,26,40
0.790524934383202,0.826468215664093,0.613084467284308,30,44,15,11,15,33
0.712932469600463,0.75314052771301,0.639012096774193,44,60,17,20,27,40
0.786737494466578,0.826147308239943,0.592384791371609,45,67,27,16,18,51
0.780306434700734,0.802892246330665,0.609690801561782,37,56,19,15,18,41
0.625285149632976,0.666470953633951,0.501086636216296,35,66,13,11,22,55
0.784582176065692,0.840852373740981,0.570324837411489,26,47,17,16,9,31
0.795611374824191,0.843934605611684,0.612526195759369,36,52,24,19,12,33
0.732040725984949,0.789167794923588,0.654157329720152,45,62,23,17,22,45
0.833670197936995,0.87076180112611,0.627076540909797,34,57,19,18,15,39
0.69271932137834,0.741429338640414,0.575686641697878,36,54,14,9,22,45
0.651952446438911,0.704475882959755,0.578912696761667,44,46,16,13,28,33
0.733474434898657,0.773720644275342,0.595664,38,50,16,13,22,37
0.754022725539541,0.79024644131094,0.648520700212992,31,48,16,22,15,26
0.682406789557094,0.748172207343749,0.567761956918583,38,55,20,17,18,38
0.715180863773863,0.772248130450105,0.673601549378887,31,53,18,20,13,33
0.723658206781777,0.782493228593042,0.661704970957541,46,61,22,23,24,38
0.737134039536242,0.785121397890292,0.653312823256644,38,54,18,16,20,38
0.707940612227876,0.779845740909458,0.561210558252427,38,64,18,15,20,49
0.781086759027936,0.830182835075301,0.608423817651402,42,67,23,21,19,46
0.72334300281294,0.776653654989472,0.55248905006358,36,51,17,13,19,38
0.668742376580857,0.693339387297165,0.545221220490906,37,62,9,11,28,51
0.75372756224667,0.799988663256418,0.572884988002207,44,63,22,20,22,43
0.757167084843416,0.796750799943037,0.592554205565054,34,53,16,12,18,41
0.67287722078572,0.714631912106302,0.551642586859305,38,76,13,16,25,60
0.71065030733539,0.736530969494259,0.568573323917742,33,37,10,9,23,28
0.784425820058833,0.829501894263427,0.639973842221033,43,54,22,18,21,36
0.601864550679206,0.639008631591712,0.587948409763314,24,52,6,8,18,44
0.718877807275597,0.784671086001812,0.609825515724392,33,54,17,12,16,42
0.751170634920635,0.783888710409663,0.581534983929644,40,69,20,19,20,50
0.760500898472596,0.808848976245907,0.583019034971226,28,45,13,9,15,36
0.756210317460318,0.800107893600188,0.611734662099035,40,65,21,21,19,44
0.721223621653182,0.771171280387522,0.605870755750274,38,55,19,13,19,42
0.706517857142857,0.753329060380155,0.60016155088853,40,62,14,15,26,47
0.730538057742782,0.788612104727354,0.608153590040533,30,44,15,19,15,25
0.731680186657261,0.763082129588317,0.6322806384131,29,77,15,28,14,49
0.785810038677918,0.837276705104073,0.637946428571428,36,40,21,15,15,25
0.697620940267999,0.748907506114994,0.562113814683973,42,61,16,10,26,51
0.734622501474207,0.783110706777264,0.595163929719798,39,56,18,15,21,41
0.770383975101332,0.800844445424663,0.612768817204301,44,60,18,18,26,42
0.729681226989325,0.775778078147634,0.599358455309873,43,65,23,26,20,39
0.738604002402216,0.798947983980449,0.600127097486798,41,53,21,15,20,38
0.686246816888147,0.734274463234272,0.588642176870748,37,75,16,23,21,52
0.713334742180896,0.784443346260079,0.568220314653193,26,56,13,16,13,40
0.679302818257688,0.736101631378483,0.572388896931094,37,44,14,8,23,36
0.787455076370171,0.837757309316574,0.604832,28,50,18,16,10,34
0.771537698412698,0.823910458203314,0.649530859476365,40,59,24,22,16,37
0.811011764705882,0.848958121669367,0.649488,25,50,14,15,11,35
0.689217578923461,0.7282397082536,0.665387697238659,42,52,17,19,25,33
0.700788222537326,0.734171899118689,0.605544354838709,38,60,17,13,21,47
0.814293703449503,0.835766107341696,0.644826833994174,31,63,20,18,11,45
0.716070566104883,0.777402059216485,0.563732741617357,31,52,15,10,16,42
0.708653197067458,0.745950898093449,0.5521094248809,51,66,20,17,31,49
0.759223382749326,0.813563674334402,0.604923514548123,28,53,13,10,15,43
0.654649342198906,0.694141197752408,0.570787916536905,39,65,15,16,24,49
0.677773895101171,0.724639452544255,0.607412506997927,48,53,20,17,28,36
0.618773812842673,0.66136281260468,0.588533446253737,34,63,10,16,24,47
0.791012232194557,0.810482780175159,0.674881088481461,44,57,24,21,20,36
0.794513888888889,0.844671833341127,0.623615762661842,40,63,23,21,17,42
0.745319092827004,0.782263036907724,0.555566720257235,36,56,19,15,17,41
0.780396044637637,0.810395006235193,0.651647796337016,31,59,12,17,19,42
0.726583850931677,0.793714836331968,0.526749827744603,35,56,15,14,20,42
0.744203019434482,0.781273486140843,0.569060188676749,38,61,19,13,19,48
0.725871938232162,0.78375532498001,0.562144597887896,48,69,23,21,25,48
0.744325745473909,0.781193021896393,0.594319526627219,48,65,23,17,25,48
0.740841513728838,0.814408742770768,0.542023363652577,22,54,8,9,14,45
0.689794164111142,0.733036168764253,0.641144227475163,34,49,13,9,21,40
0.723039215686274,0.775885401799534,0.631075268817204,34,60,18,18,16,42
0.722584827707454,0.786188491257384,0.649975246234822,36,62,18,20,18,42
0.765511811023622,0.814933233520279,0.597282313870255,30,61,18,13,12,48
0.728065247292664,0.783134479326559,0.597078977932637,41,70,19,21,22,49
0.740210625361899,0.775859549085337,0.603293010752688,44,60,22,23,22,37
0.722381669895482,0.771797261876743,0.616037782019282,33,49,16,14,17,35
0.751693920811568,0.798135849177583,0.659412005476281,42,57,25,20,17,37
0.751709289808269,0.798854740206153,0.551784731337596,27,57,16,13,11,44
0.636558556782334,0.691145720487807,0.619887763258781,32,49,13,9,19,40
0.751468253968254,0.792208279668114,0.56973196952642,40,49,18,14,22,35
0.698451376271417,0.732545382106585,0.582726537216828,47,64,18,15,29,49
0.711668913569151,0.760565908979785,0.569942555503804,37,57,18,10,19,47
0.764583482815527,0.786185303665521,0.56260816027689,33,48,12,15,21,33
0.714815655992127,0.802841523334888,0.620092882943675,42,61,23,22,19,39
0.757294037113097,0.80093528925727,0.608944361506661,43,56,21,17,22,39
0.712024200330991,0.795179557325235,0.535710977917146,29,61,14,13,15,48
0.774151672503321,0.822551714719953,0.638094789557136,26,51,13,14,13,37
0.787398955047319,0.823353038444811,0.60617757642998,32,52,18,16,14,36
0.636984064785789,0.694128707459146,0.634095773140717,24,54,6,12,18,42
0.725018767203269,0.780752899581982,0.632914214374888,38,54,18,15,20,39
0.705770639463903,0.747224617518514,0.546132810177754,29,54,13,15,16,39
0.770791217430368,0.825865211572486,0.648571547559553,28,58,15,18,13,40
0.746001984126984,0.777643170616831,0.652498409435717,40,49,17,16,23,33
0.69560917721519,0.734957709239054,0.535193899320634,36,53,16,12,20,41
0.737896898428873,0.791349724855532,0.587275923573418,41,63,21,18,20,45
0.73630902064968,0.789277964876548,0.639355904888075,26,59,11,19,15,40
0.741306627292376,0.797698013766774,0.513826420123272,37,58,21,14,16,44
0.789953989679453,0.840207372533456,0.622542087215947,31,41,20,14,11,27
0.789400201049927,0.829088226392207,0.637038523274478,21,54,12,14,9,40
0.742247483653924,0.777352739386365,0.589007587859425,29,48,12,12,17,36
0.762652200894481,0.812631006929777,0.677963700752545,37,45,21,15,16,30
0.752846359162566,0.782040118142974,0.629124994326005,38,53,20,18,18,35
0.667748460330878,0.702597973076061,0.619895295879923,26,53,11,12,15,41
0.854007843137255,0.906951793472752,0.523319065453897,25,54,17,14,8,40
0.718678299722256,0.761408863794287,0.621190540349797,26,63,10,17,16,46
0.763411874334398,0.795255717111163,0.584830937167199,48,48,24,14,24,34
0.718888147468513,0.756077215858193,0.523304203079484,38,54,19,16,19,38
0.745661338297918,0.797061334259724,0.576495751033532,37,56,19,19,18,37
0.7537340901606,0.806503574310761,0.646386933151639,41,42,20,12,21,30
0.692246059649375,0.743740424440029,0.550734922266269,33,49,18,14,15,35
0.721426890072971,0.775562157534196,0.646106527184323,37,66,19,16,18,50
0.708870150550087,0.769985961725051,0.611624985725705,44,49,21,13,23,36
0.75422619047619,0.798216302643176,0.609487880304372,40,63,21,21,19,42
0.784505928853755,0.809895533829096,0.634292004715346,35,46,18,10,17,36
0.685167854123898,0.749324113634029,0.572710600940721,26,47,12,13,14,34
0.74617214664796,0.784369846261855,0.614734925195058,39,51,16,17,23,34
0.653316191983122,0.708859156312549,0.624830498027613,36,52,15,16,21,36
0.731986464968153,0.760969111441525,0.544552113411312,44,49,21,13,23,36
0.80983832807571,0.859794985140772,0.648008,32,50,18,14,14,36
0.733199279184248,0.781300719036935,0.56027405792588,36,65,16,14,20,51
0.741563224988639,0.788530905951693,0.645332532051282,33,52,17,18,16,34
0.761595396409036,0.804641538712571,0.567466032532851,39,73,17,14,22,59
0.699548277809148,0.744276192775615,0.577157998742477,35,63,16,14,19,49
0.743799603174603,0.775279217660329,0.608619301460381,40,58,16,17,24,41
0.782168,0.822124739395402,0.593003528773073,50,72,29,19,21,53
0.71714707581691,0.75548799174822,0.591619892799353,37,64,15,15,22,49
0.732354601919819,0.759020202665585,0.595407082876962,35,55,18,18,17,37
0.737042883451723,0.785946131501672,0.63707316321499,33,52,17,13,16,39
0.742889315205605,0.781525369585485,0.619566401568798,38,67,17,17,21,50
0.720061022120519,0.779889347407816,0.527375201288245,46,58,22,17,24,41
0.749112776025237,0.800213628377458,0.643401983218917,32,46,17,14,15,32
0.694070991606203,0.788731715858916,0.565949352714059,22,42,13,10,9,32
0.730634920634921,0.787219240427767,0.545787823624596,40,64,20,13,20,51
0.674926708180865,0.724017387042557,0.621293519906714,37,58,16,16,21,42
0.663931520560514,0.725197590196437,0.60147639273959,38,59,17,15,21,44
0.766210116429997,0.801130145216008,0.628732482092806,41,65,22,22,19,43
0.724801587301587,0.779556236830818,0.591770052645693,40,57,17,11,23,46
0.777399278829485,0.810002562751133,0.62758875739645,46,52,27,21,19,31
0.735918691801045,0.770542172521193,0.610125492809151,42,58,18,15,24,43
0.715118479824362,0.782476424116641,0.538211025921869,42,55,23,14,19,41
0.784094070317348,0.820955189175967,0.621468883811714,37,53,22,22,15,31
0.744501312335958,0.796992522658646,0.634359430353841,30,57,15,17,15,40
0.725552050473186,0.781217175445527,0.586463140957785,32,57,13,11,19,46
0.729000183004941,0.764355798465941,0.608968116187492,39,57,17,16,22,41
0.684230448936331,0.731821149154591,0.619763313609467,42,65,18,17,24,48
0.799291338582677,0.833086729795024,0.643139832055495,30,55,16,15,14,40
0.728705168776371,0.773303611255262,0.619040413974671,36,53,16,16,20,37
0.668471491395307,0.693473978996592,0.630795713254484,31,58,9,12,22,46
0.732664041994751,0.779916986302455,0.617888621794872,30,52,15,15,15,37
0.765133577288273,0.807982184593588,0.592614886154212,33,54,20,20,13,34
0.765797515772871,0.793414705348809,0.601417058333686,32,57,15,17,17,40
0.822981998482914,0.858169072675848,0.625215053763441,43,60,28,21,15,39
0.763794466403162,0.789573092935325,0.6577513890402,35,67,15,19,20,48
0.730562495268378,0.776525334472024,0.618655949802877,42,58,21,22,21,36
0.760230190349712,0.7936714219936,0.646658361881034,45,65,25,20,20,45
0.680469762830779,0.743070648627436,0.579989633899676,31,64,15,14,16,50
0.725305110602594,0.792245350452324,0.650905569593439,46,53,29,22,17,31
0.724327843945848,0.784910597583828,0.572639649507119,29,55,12,15,17,40
0.703195302371692,0.745267884167678,0.505356554756969,31,41,11,5,20,36
0.7310891181117,0.795154928137067,0.573972206137811,34,44,16,10,18,34
0.670245429959942,0.718424674099522,0.573709677419355,39,60,18,13,21,47
0.741525854531406,0.777453475882617,0.599511769142222,39,61,17,18,22,43
0.75131548844658,0.789006695331083,0.5981207960613,31,46,17,8,14,38
0.742844352803928,0.790463231191155,0.564671312669024,29,46,16,12,13,34
0.698762931914159,0.730476310609844,0.672687417200453,51,59,19,18,32,41
0.709017857142857,0.779197650133485,0.64625985058523,40,59,18,18,22,41
0.821167961310479,0.854084829279901,0.631580043311677,37,58,26,27,11,31
0.783295544164038,0.815310165619462,0.63456,32,50,19,16,13,34
0.780191981931112,0.830420991203899,0.568759474999659,35,59,16,12,19,47
0.747307928973277,0.797014640275065,0.611185422983176,36,54,16,16,20,38
0.729690477511979,0.768789099656604,0.552033783889857,43,51,18,13,25,38
0.706648875766523,0.774318042931354,0.541207267179807,42,46,20,12,22,34
0.767743583920054,0.812849660661263,0.626832247557003,42,72,24,24,18,48
0.756423056443025,0.787366225999172,0.60570564516129,48,60,25,16,23,44
0.667185180666545,0.709816328076141,0.565636823184037,39,51,16,13,23,38
0.782374661951321,0.824249930594849,0.634177483163313,46,61,27,23,19,38
0.757578371451104,0.784263605428576,0.64753628724217,32,68,15,20,17,48
0.734782120395328,0.809481992348966,0.61810879883169,28,55,14,16,14,39
0.821753273834348,0.863187229532319,0.649200062535828,38,62,23,21,15,41
0.733450028232637,0.790257800526073,0.591621501902131,35,62,19,19,16,43
0.782938051297694,0.821869223480166,0.651235059760956,31,45,13,14,18,31
0.76162535161744,0.793983107308108,0.692961284950106,36,57,15,16,21,41
0.765794155500038,0.830649073965215,0.597776,42,50,26,17,16,33
0.721319888902306,0.754858877339004,0.584792,26,50,10,12,16,38
0.797839077907902,0.845086952206046,0.654179001145913,43,68,22,22,21,46
0.785645502985171,0.828385509020021,0.623689150470706,37,57,22,17,15,40
0.800459209298988,0.826464129054994,0.581046164446486,33,56,18,13,15,43
0.773993708673044,0.809135595696834,0.683119044255012,37,51,18,18,19,33
0.695845590873215,0.736429308852415,0.551969049543827,33,63,15,19,18,44
0.666506173632065,0.694683653870327,0.596555440330222,37,39,14,13,23,26
0.757689243027888,0.793884106460749,0.648028517188162,45,59,21,17,24,42
0.756740437697161,0.806566888484945,0.582211990103071,32,61,13,11,19,50
0.79511426319937,0.853591624495152,0.574482526881721,31,60,16,16,15,44
0.753544916173159,0.792785130124141,0.613588901058781,38,55,16,18,22,37
0.773140321217244,0.822798948186392,0.662899100098619,26,52,15,20,11,32
0.741540115109909,0.773537378439551,0.6606,46,50,21,16,25,34
0.67637702996819,0.713860977918467,0.473360541951247,33,58,14,7,19,51
0.710058720353847,0.750225750585596,0.554744387135922,31,64,14,18,17,46
0.748313492063492,0.789454225038604,0.574324991884377,40,57,14,13,26,44
0.693622530621745,0.729546210547217,0.61601593625498,27,45,11,8,16,37
0.778887110339402,0.818057410211486,0.596572580645161,29,60,16,14,13,46
0.753798438806802,0.802986951264042,0.581510737109515,34,61,16,17,18,44
0.70553203702375,0.751185207566739,0.617804047159296,33,51,13,15,20,36
0.688314273306312,0.728785851527994,0.612425355994488,44,56,17,16,27,40
0.651975650492264,0.697462095367025,0.614917853231106,36,55,11,9,25,46
0.702484472049689,0.758356328729669,0.587735092523944,35,53,14,11,21,42
0.701960267229255,0.737159606374121,0.5517355060519,36,51,17,13,19,38
0.739909310884727,0.777288636512806,0.584110875057418,39,56,18,13,21,43
0.744325239977414,0.778736868828925,0.62561724850712,35,56,15,17,20,39
0.691468650159744,0.738408134867866,0.580401606425703,48,55,20,17,28,38
0.715976331360947,0.765379076760115,0.539600947353101,39,61,17,12,22,49
0.68268723628692,0.728070441941534,0.610270966899949,36,49,13,13,23,36
0.752867879746835,0.800813372390424,0.634896164700892,36,49,19,17,17,32
0.686011904761905,0.739377037144104,0.5505497941529,28,62,11,15,17,47
0.759627850224968,0.804106776840799,0.577707192405988,31,55,13,9,18,46
0.739911660435111,0.780478761372233,0.582387898433279,41,66,16,14,25,52
0.739207385616225,0.791943150337625,0.537431032429643,33,61,14,11,19,50
0.744246347187524,0.780037957596383,0.657310161854974,42,51,21,19,21,32
0.68627695686901,0.729628966094163,0.59238922841864,48,68,22,20,26,48
0.747473876182965,0.795825297886435,0.6053362207785,32,58,16,15,16,43
0.704834896667429,0.775968916399262,0.630795713254484,31,58,16,15,15,43
0.754915716057667,0.799657146208229,0.636327126688573,39,55,20,10,19,45
0.748252900843882,0.78699705961978,0.586497122252271,36,46,19,14,17,32
0.72351266006703,0.763554126390271,0.593060245681006,41,49,18,10,23,39
0.718809145279734,0.764052760699086,0.615463286257752,42,62,16,19,26,43
0.743740308599609,0.791935905899886,0.565921869295363,31,55,15,13,16,42
0.693019378189878,0.738198961196864,0.587682027817119,39,67,13,17,26,50
0.799640610961366,0.821515602298725,0.639213709677419,28,60,16,16,12,44
0.734467928475949,0.773759571566881,0.611721352970956,41,69,22,16,19,53
0.703539249967623,0.767459702577384,0.625553989573959,43,47,18,15,25,32
0.777073349307774,0.817450197026566,0.644057190533981,48,64,24,18,24,46
0.776894409937888,0.814553646468313,0.623136398308023,35,46,14,14,21,32
0.769021121962298,0.807947833891812,0.638223098705502,42,64,24,18,18,46
0.771181938911023,0.818658811342387,0.671724552370286,45,59,26,25,19,34
0.723988916850962,0.775511567203023,0.56953041799787,31,48,13,9,18,39
0.731236589497459,0.784050814896127,0.596389929255098,35,54,17,19,18,35
0.739588702894815,0.771821171320086,0.583315078495802,29,55,12,11,17,44
0.644685039370079,0.670929932354255,0.625368,30,50,12,16,18,34
0.773961661341853,0.813786950629617,0.646666666666667,48,70,24,20,24,50
0.755796401400797,0.811354623208238,0.651523561081201,26,43,14,17,12,26
0.763070077864294,0.798987301257231,0.597638895430069,29,51,12,13,17,38
0.74824478865084,0.7763538960496,0.547656846829641,44,68,21,21,23,47
0.724048882653165,0.782894211443827,0.603913700557611,39,62,19,22,20,40
0.795605158730159,0.81385140753118,0.611391073643228,40,51,21,18,19,33
0.816073108111543,0.859658124059724,0.612016249425815,31,56,20,19,11,37
0.778904795531874,0.804366478173088,0.643096074861329,37,57,17,18,20,39
0.767838531736953,0.82655196394747,0.651463417965282,31,59,18,21,13,38
0.72963217163629,0.791945240966151,0.559822726567021,31,57,14,12,17,45
0.716758893280632,0.774182372169185,0.646095368603077,35,49,20,23,15,26
0.737845421826389,0.797766597771463,0.532282469876173,39,58,21,14,18,44
0.735655688694363,0.785580148835988,0.650176384451544,33,48,15,16,18,32
0.735413712569856,0.768296815914944,0.576979274102451,38,66,14,19,24,47
0.814055118110236,0.856131942357465,0.607923131799536,30,54,19,18,11,36
0.736459737647386,0.78069333350927,0.638283157612454,37,57,17,14,20,43
0.728897637795276,0.793082031886833,0.603496862679771,30,58,14,16,16,42
0.775731462416432,0.783591476688238,0.619733426517572,31,48,13,13,18,35
0.686714194385789,0.738014066464021,0.576431018374338,41,65,18,18,23,47
0.764692115664656,0.809556046697169,0.671997705513596,46,59,26,25,20,34
0.699883526722925,0.755671687280515,0.660752956854906,36,58,17,19,19,39
0.74174805057158,0.772414441308529,0.592247846624062,42,61,18,19,24,42
0.842847065845519,0.88845447331272,0.613597140039448,29,52,21,16,8,36
0.780649746896886,0.820275659986926,0.638878138974888,46,76,28,23,18,53
0.724831095170573,0.783247377304623,0.606352683461117,38,55,19,18,19,37
0.771391214277224,0.800173948736628,0.674900422091433,47,54,24,21,23,33
0.769892715979673,0.818125901286458,0.562076538814883,35,56,18,13,17,43
0.731733135495078,0.78508276931215,0.565476451259584,44,55,18,13,26,42
0.78206311533052,0.823749174417114,0.62742718446602,36,64,21,23,15,41
0.804573412698413,0.835476214540569,0.57959142394822,40,64,25,21,15,43
0.726100786874268,0.783334776838434,0.553914668327624,33,65,15,18,18,47
0.755813492063492,0.782267527049244,0.647277571182772,40,43,21,14,19,29
0.71131753811581,0.750149122028577,0.535501948457128,41,69,20,13,21,56
0.672557876905703,0.716548735808664,0.618889120033285,35,46,15,15,20,31
0.742779544250132,0.767947359518053,0.599279780908142,42,53,15,13,27,40
0.725362832596547,0.75030408272755,0.563774364501931,38,63,16,16,22,47
0.767103632133942,0.79956872600328,0.608813453752725,47,65,21,19,26,46
0.774435695538058,0.806292178211075,0.6060507482108,30,53,15,22,15,31
0.796106287818995,0.805462098703568,0.631718192077852,33,43,18,16,15,27
0.771017866606102,0.813622537916099,0.543442363373145,42,72,19,18,23,54
0.770630052969055,0.811332675693687,0.590620693615067,34,56,15,16,19,40
0.678342347964774,0.721431558693169,0.540256159281895,46,68,16,12,30,56
0.71507136590272,0.78264415079723,0.611272,37,50,17,14,20,36
0.714014152601969,0.765826396082975,0.584663816768871,36,59,13,16,23,43
0.763593207067,0.800372729329543,0.542876241405653,49,68,26,16,23,52
0.705623040752351,0.75918446294848,0.535299994449687,24,43,12,9,12,34
0.739746639825942,0.788848885524552,0.63612,39,50,20,20,19,30
0.77336356466877,0.812573645370762,0.590358639962739,32,57,15,14,17,43
0.709206349206349,0.746674182758465,0.634453606530068,40,58,15,16,25,42
0.760078355666591,0.827443969814926,0.593838491100324,42,64,22,20,20,44
0.727625579038796,0.761282505204315,0.607572574484339,44,68,19,26,25,42
0.746990688167159,0.79153617619165,0.663126751790719,42,65,19,17,23,48
0.693161715366315,0.756289058940501,0.689639473837153,39,41,18,19,21,22
0.746669741447136,0.775920112973284,0.6133448968164,29,59,13,15,16,44
0.780643849704623,0.826144347271063,0.604125795137031,33,54,21,17,12,37
0.769001380126183,0.806966801731379,0.592221331194868,32,53,17,17,15,36
0.741992979154603,0.801012492439241,0.595899593195266,44,52,22,13,22,39
0.720704365079365,0.767271465444021,0.566960119836943,40,66,18,16,22,50
0.732551261829653,0.774338381105126,0.544726145187347,32,62,13,11,19,51
0.770583732694356,0.81423162124639,0.608458485032362,48,64,22,17,26,47
0.748110236220473,0.804238601176612,0.64295991956175,30,46,13,13,17,33
0.744910784700315,0.784387407932297,0.571434830230011,32,55,14,12,18,43
0.694974909395037,0.736951045544658,0.559135442180416,34,62,10,12,24,50
0.685644925976418,0.722303715198402,0.566890529314906,33,43,10,12,23,31
0.740930599369085,0.767323491866286,0.556269547521818,32,59,9,10,23,49
0.74954697518818,0.801659760771993,0.658364981616256,34,53,19,23,15,30
0.728440665365672,0.774087535162232,0.561875,34,60,15,12,19,48
0.758994918125353,0.792859693191865,0.594210346008907,35,49,17,15,18,34
0.718779673892401,0.748061261288794,0.584505293902884,29,55,13,9,16,46
0.78197628458498,0.819943990967403,0.588652792990142,35,55,20,16,15,39
0.740126382306477,0.779248257313448,0.543770161290323,34,60,14,12,20,48
0.742887139107612,0.775567583225451,0.564459410665787,30,51,11,12,19,39
0.771457169071649,0.810109901141158,0.625418265750693,38,59,20,20,18,39
0.740231627988748,0.782171793678522,0.628024,36,50,18,15,18,35
0.673035714285714,0.731536470586727,0.593910050669908,40,59,15,19,25,40
0.781902887139108,0.816729971432274,0.597170203911777,30,54,16,13,14,41
0.699268151762214,0.735068809341448,0.572026286966046,37,55,16,14,21,41
0.789330811931922,0.816611502143813,0.566029738989157,39,69,22,20,17,49
0.737865921484576,0.782590666895824,0.60204506271922,29,54,14,19,15,35
0.7954685302391,0.829145139749064,0.690520216962525,36,52,20,22,16,30
0.809928797468354,0.850806193095855,0.583541524717995,36,42,22,10,14,32
0.745595973461451,0.819653636835569,0.6474,31,50,17,13,14,37
0.778714197091888,0.817978955043272,0.626879289843299,53,69,26,23,27,46
0.733923884514436,0.76541526236902,0.622752203222903,30,47,11,11,19,36
0.69818166652765,0.738280193786198,0.558871660838955,38,69,16,17,22,52
0.707076149425287,0.750828070161353,0.587356159437354,24,51,8,9,16,42
0.767531189146391,0.794179502903995,0.625448160699376,37,66,20,25,17,41
0.751334317510788,0.811625814957789,0.644045857988166,42,52,22,14,20,38
0.759318905616676,0.796489912502502,0.612953107584106,44,51,20,14,24,37
0.749435695538058,0.805664349089115,0.631395289602826,30,47,16,10,14,37
0.754230397327707,0.80085130618643,0.591091900887574,36,52,14,14,22,38
0.761795595708639,0.800295272129494,0.591434554720316,35,67,17,19,18,48
0.747457331602704,0.795863166969815,0.583599594513095,41,63,23,18,18,45
0.761581880366411,0.827027956553099,0.544891130989529,33,46,19,12,14,34
0.754703232644409,0.805605197657298,0.593999166188962,42,62,18,15,24,47
0.71859986273164,0.768347134769737,0.609066915075299,31,57,12,14,19,43
0.736205533596838,0.79828249288236,0.588165322580645,35,60,18,15,17,45
0.8038899071892,0.829484014414276,0.674423935745699,27,47,14,10,13,37
0.762757936507937,0.796251925536698,0.620290270467455,40,62,20,18,20,44
0.746091555435014,0.792877538544958,0.646863818912012,41,55,19,20,22,35
0.772481540084388,0.819675197852961,0.623629061701351,36,55,17,17,19,38
0.786218752904005,0.837662522722215,0.536765855438011,34,62,18,13,16,49
0.654586890928934,0.707584035354546,0.61244623655914,37,60,13,14,24,46
0.646076115485564,0.692412059478553,0.515808159451884,30,65,11,10,19,55
0.71956645595377,0.770010898522209,0.643592830390583,29,54,12,11,17,43
0.734812009158803,0.76963788406528,0.573829864914202,37,55,19,14,18,41
0.754382817918729,0.803601041180913,0.621635094715852,33,59,14,16,19,43
0.701921685002895,0.742708467214273,0.612189114501982,44,82,17,21,27,61
0.731653056241352,0.760050865911298,0.632313920896917,29,65,13,19,16,46
0.775058962264151,0.799792931646152,0.598111043273945,28,43,13,13,15,30
0.739587440851735,0.795764351500178,0.584328,32,50,13,8,19,42
0.721413216836558,0.760950464404741,0.638880914101975,46,56,18,18,28,38
0.76545755446431,0.809499307095863,0.583917782622236,29,65,14,16,15,49
0.753527162447258,0.7876219954545,0.594620248842514,36,59,19,17,17,42
0.761119901547117,0.797773889370716,0.652426282795449,36,59,20,20,16,39
0.782224731789949,0.814810359981262,0.605710266460891,35,59,21,23,14,36
0.715395362415548,0.757352274177578,0.625661375661376,38,54,14,18,24,36
0.785009022505192,0.84175057928559,0.607431131263743,23,59,11,10,12,49
0.732704200637692,0.782588617737218,0.619843050909655,37,57,17,16,20,41
0.732535938903863,0.753795917973099,0.590455247830738,28,47,11,10,17,37
0.723603364320496,0.76676436854467,0.616092287951968,45,67,21,19,24,48
0.745568492221856,0.781376722271214,0.568561438970759,41,59,18,15,23,44
0.754771315640881,0.792415219874612,0.564899193548387,35,60,16,16,19,44
0.770735476524533,0.818057792178972,0.59039848372781,39,52,20,13,19,39
0.731056610407876,0.778719631143789,0.619391859094376,36,46,16,13,20,33
0.70223496835443,0.767908569856175,0.603556042351223,36,55,20,22,16,33
0.703783355802358,0.736276228079074,0.539697580645161,37,60,17,13,20,47
0.717549603174603,0.746731408602591,0.58298628463546,40,58,15,15,25,43
0.782140940963164,0.840122364891982,0.638397212543554,43,70,22,20,21,50
0.688227978283227,0.74630369874231,0.549583150504607,33,53,15,16,18,37
0.784753668584658,0.846076100328269,0.577481593117631,23,51,10,13,13,38
0.742198078272076,0.788525381533573,0.641170475424897,49,56,22,20,27,36
0.742591106355151,0.792515152362773,0.598969870840445,54,67,26,18,28,49
0.735330014142079,0.771093520351653,0.648385793944447,41,62,15,19,26,43
0.763680555555555,0.802019271700491,0.625147849462366,40,60,25,23,15,37
0.752583937857097,0.780105073217323,0.5466204127344,37,59,17,14,20,45
0.757698412698413,0.808641285849996,0.579533517952636,40,68,23,23,17,45
0.74815358554489,0.78751307953307,0.609370368802134,35,57,17,16,18,41
0.749197872714487,0.783380708065829,0.615396505376344,36,60,16,23,20,37
0.671231762847319,0.698868312139232,0.591003109556333,34,58,11,11,23,47
0.789604608536266,0.836750665108505,0.675334998864411,27,42,15,16,12,26
0.649251881363435,0.690478502800037,0.57043446513326,45,55,16,13,29,42
0.702147063994374,0.734364349750133,0.588209118052366,36,56,15,17,21,39
0.751902879728967,0.786919403322467,0.579962008822744,35,51,15,10,20,41
0.767830382416607,0.80767786954312,0.641847389558233,43,55,26,23,17,32
0.756136183689628,0.822621617213093,0.510932877218935,37,52,17,11,20,41
0.705243931892284,0.774954988041488,0.603211291913215,26,52,11,12,15,40
0.80307215582116,0.834418309750443,0.62855672520715,45,62,22,18,23,44
0.726082613140043,0.763581991342785,0.620360854173804,34,49,13,12,21,37
0.726198773348202,0.785944613302213,0.582599488864549,34,55,16,12,18,43
0.808027657032461,0.84872496454544,0.708559253745612,31,59,18,21,13,38
0.745956399437412,0.801537110520091,0.613990507484483,36,55,16,17,20,38
0.67827380952381,0.732953768278665,0.581181682826742,40,67,18,18,22,49
0.758671973636344,0.79653192930342,0.582457873933847,37,46,19,12,18,34
0.723302480208558,0.784160306983182,0.569806499770326,33,56,14,14,19,42
0.690154483969073,0.731944788443921,0.570738337704813,53,77,19,13,34,64
0.758576498422713,0.800051496700199,0.663862050228388,32,47,16,14,16,33
0.677074621317722,0.727126019089954,0.488534396809571,34,59,15,9,19,50
0.732188235294118,0.778869207482235,0.634551384451544,25,48,11,8,14,40
0.728122802390999,0.778355700079314,0.604004898639846,36,62,14,11,22,51
0.741278228141285,0.775539756935771,0.557502903600465,44,70,17,13,27,57
0.78191046612623,0.821489691956673,0.661612426035503,44,52,24,22,20,30
0.72935353261396,0.774284892334251,0.598165610726389,41,66,19,16,22,50
0.707595200242259,0.745523913499132,0.595968,42,50,16,14,26,36
0.716387113951012,0.767468383628978,0.56163130494573,48,66,17,14,31,52
0.695345780085197,0.735733529120072,0.652721774193548,48,60,22,18,26,42
0.781414820675105,0.824294781618001,0.572424305591745,36,62,18,18,18,44
0.737331349206349,0.786718375221886,0.617197134848957,40,65,21,19,19,46
0.753307890505434,0.801242065987547,0.673877468994029,41,56,22,18,19,38
0.78196684079037,0.81870583071837,0.54267627468994,42,56,26,19,16,37
0.739737306030725,0.779108056923053,0.585142698368595,41,61,16,18,25,43
0.770310559006211,0.803198747698834,0.593749527167088,35,53,16,14,19,39
0.816946784552506,0.868943672367478,0.555760507579237,38,56,25,16,13,40
0.754372019077902,0.796636462513175,0.61752769289534,42,68,20,22,22,46
0.779521931094383,0.818825195310431,0.615820524763236,44,57,26,18,18,39
0.775036539564485,0.811551418161859,0.610828281475031,43,73,25,26,18,47
0.754353092588387,0.802753825126925,0.576704714345164,42,54,17,10,25,44
0.727801784220797,0.787282461275106,0.549193298422486,34,49,16,12,18,37
0.73205324783942,0.770381072999233,0.580175246440307,34,55,16,16,18,39
0.775313971742543,0.797420855898262,0.642924023542001,26,54,14,16,12,38
0.726133966244726,0.770124317776509,0.614300758978828,36,67,17,19,19,48
0.74429366341131,0.782637085787796,0.615280890093282,42,62,21,21,21,41
0.731284475965327,0.786560687205709,0.573294193786982,31,52,14,8,17,44
0.81389244873817,0.843802947207843,0.519410248029923,32,67,17,16,15,51
0.732378746056782,0.784771851261855,0.569932795698925,32,60,17,15,15,45
0.750411777690988,0.805714253216094,0.582919858690906,47,61,23,15,24,46
0.738246560099292,0.7881963185909,0.599943084013549,37,58,14,16,23,42
0.79050146001797,0.844310786308638,0.647025861337046,28,47,14,16,14,31
0.798797318611987,0.83128194517569,0.634732868757259,32,70,19,21,13,49
0.672598120111932,0.723207355956411,0.656522068286774,33,42,16,18,17,24
0.664353440606014,0.714048294456598,0.572067286409916,31,45,14,12,17,33
0.81625,0.854291776409786,0.632627482811306,40,68,26,25,14,43
0.743348178599977,0.799211011364291,0.58560619511329,49,59,23,16,26,43
0.771089036821302,0.807450228026514,0.66193398516053,46,46,24,19,22,27
0.706649010315026,0.769275609359465,0.603294237202015,34,57,15,19,19,38
0.741546188413754,0.793180748146249,0.475632290102783,39,63,19,12,20,51
0.752272311352407,0.791047418945864,0.579615300714735,39,63,15,15,24,48
0.725345234542446,0.810094416996293,0.607544,29,50,14,15,15,35
0.741012594878639,0.782575210401787,0.613150296089659,38,49,20,16,18,33
0.69695705206394,0.733689335283416,0.63061705239419,37,73,16,20,21,53
0.697696216826652,0.725619488659082,0.542386103598918,35,46,12,8,23,38
0.686992478700746,0.724199336246972,0.569779561206942,48,62,17,14,31,48
0.753075417966253,0.810639528003668,0.66628603703158,41,66,20,21,21,45
0.766350210970464,0.78438273138867,0.59453735081774,36,66,19,21,17,45
0.713802680835648,0.749555180928714,0.614083423601627,26,51,11,11,15,40
0.75518404247686,0.791334297586038,0.589799095863096,33,59,15,18,18,41
0.681196335892468,0.733360092778817,0.522938677078548,33,56,13,11,20,45
0.736684427895829,0.773878995245323,0.580996925321799,37,62,15,15,22,47
0.712921431388013,0.766092295081275,0.62435404225999,32,56,17,16,15,40
0.707775001892649,0.740811047114234,0.549221034082262,42,82,16,19,26,63
0.694731548650788,0.762426007163495,0.617312887915297,37,55,18,11,19,44
0.710705955361537,0.761902924133392,0.591193866374589,37,55,14,13,23,42
0.759207981715893,0.811090853270352,0.621941751647153,36,78,22,22,14,56
0.76206022338619,0.810271537014306,0.581730558598028,33,55,18,16,15,39
0.78532129642186,0.817614224420091,0.553879829014772,41,71,24,18,17,53
0.768006775832863,0.798645175492102,0.595827864109187,35,57,23,16,12,41
0.766843653583985,0.818939538451904,0.639406817175742,33,45,18,12,15,33
0.728103992715861,0.787240158810145,0.639405642160787,41,51,18,14,23,37
0.714365079365079,0.751898702251967,0.590697639854943,40,54,19,12,21,42
0.739302694136292,0.771136613343811,0.698326457443151,38,66,16,21,22,45
0.752867879746835,0.800749761357771,0.618042714497042,36,52,17,13,19,39
0.792686646839015,0.828441894941762,0.5955998229305,31,45,17,10,14,35
0.760989240136792,0.809221969344582,0.627169906664289,38,54,19,18,19,36
0.744516965541491,0.789820623755797,0.561735190752424,36,57,18,17,18,40
0.748658698539177,0.793452001849191,0.644056038504985,45,66,26,19,19,47
0.686817082325465,0.726148975826389,0.629844683050069,38,56,14,12,24,44
0.73271111653348,0.759106678454413,0.639735455238888,39,46,15,12,24,34
0.740404269816034,0.794890590514992,0.587269815852682,42,51,19,11,23,40
0.766964285714286,0.806248858290657,0.609282544378698,40,52,22,13,18,39
0.785686119873817,0.843305502967604,0.602033559788776,32,53,17,16,15,37
0.732399468663205,0.798717862781325,0.546543700690335,26,52,15,15,11,37
0.670328942387766,0.71406981677173,0.594027441485069,42,61,14,16,28,45
0.727375093836016,0.780455043845327,0.542802894984056,38,61,14,17,24,44
0.621404199475066,0.653984182932025,0.60067343804925,30,43,6,9,24,34
0.719356955380578,0.754493200719173,0.589872838307041,30,73,13,22,17,51
0.708235062893082,0.740197358315523,0.567721774193548,28,60,11,12,17,48
0.714368740192565,0.774221449601631,0.551414250399486,41,59,16,15,25,44
0.686559212693001,0.73517022351608,0.551175369253172,41,46,16,10,25,36
0.793319939728779,0.848402779712579,0.644217050115927,33,54,19,15,14,39
0.765512698812453,0.801590251308244,0.588481131946626,41,59,23,22,18,37
0.647364250563016,0.678298194710838,0.640075878594249,38,48,10,14,28,34
0.789771825396825,0.823104611898235,0.65737270253762,40,58,25,24,15,34
0.723823686418058,0.784436499037648,0.572557776230663,31,47,14,10,17,37
0.779096555618295,0.818114730919795,0.589596162866351,35,53,16,15,19,38
0.674056617497309,0.702338669717433,0.575805904832347,27,52,8,13,19,39
0.705680079040663,0.729489607762351,0.617034339670576,41,57,11,9,30,48
0.790653177393509,0.828061213377512,0.579526713168207,33,53,18,15,15,38
0.74810002895194,0.799446291122118,0.596609410369079,44,67,20,20,24,47
0.780757360914171,0.803733433619617,0.581126935186545,38,49,19,13,19,36
0.785436507936508,0.821220790100765,0.599441605420303,40,56,20,19,20,37
0.761023622047244,0.820435961913518,0.589076305220884,30,55,17,17,13,38
0.730070322943102,0.767927398529859,0.564738464101282,41,58,17,13,24,45
0.757644818214889,0.794559596676277,0.654080854309687,37,46,17,11,20,35
0.728061993255364,0.783255502738733,0.619953464003945,33,52,14,14,19,38
0.746309334544629,0.788773195841924,0.621839399833287,42,61,21,17,21,44
0.727293525509037,0.789390822315126,0.581563511326861,31,64,13,15,18,49
0.692832538420774,0.739366555196781,0.541619455285576,42,78,20,22,22,56
0.793824599930865,0.850726454827401,0.549660555249749,39,57,24,16,15,41
0.655609227129337,0.688219722265168,0.575918052382321,32,53,11,11,21,42
0.775630737625987,0.808207078415959,0.593041717937522,37,61,16,15,21,46
0.751346174979199,0.773590506821951,0.623648434672457,51,72,17,11,34,61
0.782258257396379,0.828664603155518,0.634556256188441,33,62,17,18,16,44
0.699572090811839,0.738058308922058,0.551544359255203,47,55,18,11,29,44
0.76219246031746,0.795405951029835,0.651510340173858,40,61,22,24,18,37
0.746470209705504,0.797843972437194,0.62588850174216,42,70,22,25,20,45
0.736539644866385,0.786884237310639,0.628960602428475,36,62,20,15,16,47
0.763924487381704,0.817449753512505,0.679864455145354,32,54,18,22,14,32
0.788791166463376,0.848187639498059,0.677166290265066,37,47,25,20,12,27
0.703082891924542,0.742606462867004,0.526520444312713,34,57,13,11,21,46
0.785301087259548,0.83312810372287,0.628673308723322,34,61,20,14,14,47
0.708346456692913,0.741006069589116,0.621069404543242,30,51,12,11,18,40
0.712613582603305,0.761074815933956,0.615467528967933,49,63,22,20,27,43
0.78865594233474,0.836269619483657,0.622022906553398,36,64,21,18,15,46
0.784353088359373,0.816828007137692,0.602766798418972,27,46,14,10,13,36
0.72341312870131,0.784196509885471,0.619502688172043,38,60,18,20,20,40
0.72332601171459,0.757954708033761,0.632100616358487,48,58,19,14,29,44
0.800202156334232,0.840223354786429,0.581828491042719,28,56,16,15,12,41
0.750346716593856,0.790802582532694,0.533573491032262,46,58,21,14,25,44
0.73120151805822,0.792980142128418,0.591967650421307,38,57,20,18,18,39
0.694684472374967,0.746689229631735,0.627043010752688,27,60,12,20,15,40
0.755064935064935,0.796074149637517,0.596494085152952,35,62,20,20,15,42
0.746199887069452,0.772072514205231,0.633562232895381,35,61,15,17,20,44
0.759898362507058,0.792299145724032,0.540256159281895,35,68,16,14,19,54
0.694979791009464,0.774218128546638,0.568535176856016,32,58,13,11,19,47
0.797823836750789,0.840176874019975,0.641207174190682,32,58,21,19,11,39
0.706642227459195,0.753779711755567,0.577806346694796,27,36,10,7,17,29
0.767519841269841,0.814852271362544,0.612475864216755,40,65,25,22,15,43
0.742718965996876,0.786325025629985,0.573413249712222,37,61,18,14,19,47
0.75501179245283,0.815621873918463,0.613683103345421,28,51,16,18,12,33
0.616648594545,0.684468642833264,0.548400125071656,38,62,14,16,24,46
0.717285526632255,0.779448358088813,0.639953343447691,43,49,21,15,22,34
0.708304943599061,0.767832899824885,0.630360046457608,42,70,14,17,28,53
0.633788819875776,0.6763096756682,0.619306464169136,35,59,11,17,24,42
0.706570986733227,0.758619900743755,0.620207675468335,29,41,12,17,17,24
0.705988881401617,0.741319548175138,0.596290767110703,28,56,12,13,16,43
0.733164887576652,0.78414608778741,0.610063642016962,42,61,17,16,25,45
0.690038238396624,0.750649001005039,0.643032561290596,36,57,18,18,18,39
0.754422169811321,0.797678039016708,0.575303022887812,28,49,12,13,16,36
0.720634215833195,0.763520550028015,0.607069766128918,43,57,18,17,25,40
0.782177954847277,0.83062364525854,0.574237560192616,45,54,24,14,21,40
0.685371223474126,0.726353355558331,0.596591252980838,43,67,13,15,30,52
0.721398118846695,0.788583258102417,0.637507635071353,36,58,14,14,22,44
0.744516487984421,0.780862545213767,0.597970257234727,37,56,16,14,21,42
0.745770750988142,0.783534025137152,0.645173656992773,35,49,17,13,18,36
0.735573122529644,0.790576697645901,0.530528,35,50,18,10,17,40
0.696984485247768,0.753253695146924,0.570655957616614,39,47,18,14,21,33
0.788125490196078,0.832808520024664,0.608424722304555,25,57,11,11,14,46
0.638962457020723,0.655717929649081,0.677662682602922,34,45,10,6,24,39
0.720815752461322,0.783401218225314,0.609042700871786,36,58,17,13,19,45
0.6859526837156,0.733793722424058,0.589859301483894,51,72,20,19,31,53
0.729650287737937,0.788503697510522,0.602137049941928,45,70,24,19,21,51
0.721962843139154,0.772418021331685,0.642651479866198,41,57,22,18,19,39
0.771208276022395,0.815136837105944,0.565510752688172,41,60,24,16,17,44
0.758204365079365,0.800777829816187,0.640138881650946,40,62,20,19,20,43
0.644157197691858,0.704642906160575,0.686949587407253,31,46,12,11,19,35
0.789480657127716,0.833873267527287,0.63959686823255,42,58,24,19,18,39
0.658807889524947,0.70347087439665,0.57584239911637,29,53,11,17,18,36
0.693035033918781,0.72572192707139,0.584650159111706,34,59,15,15,19,44
0.747426218256692,0.807407745599975,0.606473756067961,31,64,18,19,13,45
0.70389507154213,0.738411522717726,0.565207265952492,42,57,12,12,30,45
0.767769124605678,0.792745119553156,0.614759824029487,32,54,14,10,18,44
0.792124082179331,0.835672505154228,0.602779071572737,33,57,20,18,13,39
0.694431961652864,0.739564017230366,0.6038288940359,37,44,14,12,23,32
0.687724163816832,0.722865426314438,0.579024,38,50,14,14,24,36
0.7802008987576,0.828634323957526,0.570679105987055,39,64,22,20,17,44
0.743625070581592,0.793038463250012,0.656589996349032,35,55,15,18,20,37
0.77935450124954,0.822412248528919,0.636835381258613,41,56,21,20,20,36
0.857762017336485,0.860321995932571,0.643519498666215,31,57,21,20,10,37
0.680477902023429,0.713205780324025,0.583029807477886,48,77,17,23,31,54
0.740258072799641,0.770835292601601,0.619456334343975,37,54,14,14,23,40
0.73154214292352,0.769243533072026,0.656351847999445,34,46,13,6,21,40
0.78273469076489,0.813680096410515,0.599197456876336,31,62,17,18,14,44
0.704784056534228,0.780393576788851,0.520528997473571,31,57,13,11,18,46
0.6909368282366,0.723778405136671,0.540651345420949,46,63,18,14,28,49
0.770156178995958,0.817944298069755,0.679510293392505,33,52,16,21,17,31
0.801609090215816,0.828550405024989,0.594130146082337,31,45,16,11,15,34
0.734866508062384,0.768626057643733,0.645598606058465,39,69,17,22,22,47
0.721293439525484,0.777290575271859,0.596843231674692,33,54,15,14,18,40
0.781098275573414,0.819997085613487,0.58288260176132,33,46,19,12,14,34
0.712121505647145,0.750706909742293,0.570157381833342,41,62,17,16,24,46
0.754901960784314,0.803457780238543,0.638064388646596,34,57,17,14,17,43
0.741028439365731,0.772953770466657,0.662581536208733,37,48,19,15,18,33
0.774486571879937,0.82781541107349,0.639019518608414,34,64,19,20,15,44
0.788030660377358,0.814076861953014,0.607417473606578,28,59,12,11,16,48
0.811469816272966,0.836689635046456,0.542867617313916,30,64,17,15,13,49
0.741974324922532,0.801919210617689,0.618094051697291,45,65,26,21,19,44
0.768986325993452,0.811237848850745,0.59109334221778,37,58,18,20,19,38
0.706070172921002,0.754496835978264,0.556380417335474,33,54,14,8,19,46
0.733316064616399,0.766373854970865,0.665212884304207,51,64,20,20,31,44
0.693980053096075,0.726319224506024,0.547018504788852,33,53,12,6,21,47
0.783028991137999,0.81577679913827,0.658005592475578,43,67,22,22,21,45
0.766120835686053,0.804052084127288,0.635462124942691,35,47,21,16,14,31
0.686643696247863,0.728178883028902,0.5942160648043,29,42,12,5,17,37
0.701004307313643,0.745269334085808,0.617224735591835,36,53,15,17,21,36
0.76712201468265,0.806558637685471,0.584294886889904,34,51,16,19,18,32
0.753743104806935,0.826109948758892,0.600236106299162,31,63,15,14,16,49
0.782446208210764,0.81794982224642,0.62511339763178,43,68,23,21,20,47
0.71796260537842,0.781127880635188,0.630028608766291,51,69,25,25,26,44
0.80045247718549,0.846706776841123,0.619768552761341,31,52,20,19,11,33
0.697588514078617,0.7597408770217,0.593077956989247,34,60,14,18,20,42
0.703953505058477,0.731787041613094,0.578544766956436,33,66,15,18,18,48
0.711208833536624,0.769786776459527,0.618452215562524,37,61,19,14,18,47
0.68961983378257,0.740385302208497,0.607204770820331,28,46,11,11,17,35
0.720156862745098,0.762481861065866,0.638981773654217,25,51,12,15,13,36
0.757294861072391,0.807882474247309,0.675903614457831,34,55,17,19,17,36
0.762196078431373,0.815035177676753,0.618624321011938,25,53,13,12,12,41
0.703500846979108,0.741152573593858,0.559011164274322,35,57,16,18,19,39
0.7096016592448,0.749427301609241,0.648163155051324,39,66,16,24,23,42
0.729057029926595,0.784059087008253,0.611716357385821,35,67,18,16,17,51
0.701027028599692,0.737929709837697,0.61196375739645,27,52,11,14,16,38
0.728676854754441,0.755654313973316,0.580585858891528,24,53,11,14,13,39
0.778840598318033,0.839059795431198,0.610121440055122,37,56,19,15,18,41
0.771673221100757,0.807766054050324,0.625629791894852,41,55,22,18,19,37
0.733806252808628,0.782349603065355,0.581102150537634,37,60,17,14,20,46
0.739390279968454,0.780983991679114,0.65968068572505,32,51,16,17,16,34
0.713495200451722,0.760478285470909,0.554035482258871,35,58,15,14,20,44
0.764133858267717,0.820782986158249,0.584845793787349,30,43,12,11,18,32
0.799046862589357,0.845653810894834,0.684018817204301,41,60,26,27,15,33
0.778574188169747,0.827222598544642,0.586681675068109,39,49,21,16,18,33
0.715577268643306,0.78045065861095,0.590332805071315,28,38,10,7,18,31
0.801138680892021,0.831968254386855,0.601508785332315,49,68,27,21,22,47
0.776062204258675,0.803282056282564,0.61375,32,60,16,13,16,47
0.768219957007143,0.81029043214923,0.642856182795699,46,60,24,19,22,41
0.719200934189674,0.762735505874068,0.57654313298038,38,65,19,19,19,46
0.743142937034495,0.773566840624055,0.587085662939297,31,48,15,16,16,32
0.781502725035162,0.826493967304977,0.632413138977636,36,48,20,15,16,33
0.769967253149803,0.816821820191999,0.62993895027247,43,59,23,16,20,43
0.737052400414811,0.762684290570122,0.59493437495732,39,59,14,13,25,46
0.756523233931673,0.808652553382643,0.537225264695144,44,55,19,11,25,44
0.692687937343519,0.758348650090536,0.632804795364892,37,52,17,16,20,36
0.752479370126429,0.795283309103172,0.53099084749191,42,64,22,18,20,46
0.694712301587301,0.747143723192025,0.568299183741463,40,58,17,14,23,44
0.744769690576652,0.798708247272747,0.645798930149186,36,57,16,21,20,36
0.722621515333501,0.768140941822578,0.579759237062901,41,62,16,12,25,50
0.739323546584369,0.78830965724156,0.646852047140663,38,43,17,15,21,28
0.78515625,0.827317015294744,0.504959519981626,32,56,17,17,15,39
0.675907612517581,0.743401052504976,0.56658762832873,36,62,15,14,21,48
0.726787324041329,0.775215634904044,0.636737660724619,46,57,24,20,22,37
0.671325459317585,0.703952309232656,0.57941323326928,30,53,12,15,18,38
0.713500784929356,0.791837642599625,0.557283680175246,26,55,13,14,13,41
0.737835254885215,0.793658258321275,0.549552135966927,39,56,19,11,20,45
0.762740845775294,0.819468491147475,0.54942876344086,38,60,21,16,17,44
0.729684908789386,0.780576041776634,0.578832201810437,27,48,14,11,13,37
0.810480479665753,0.837337494904638,0.648004032258065,29,60,17,22,12,38
0.779328968220869,0.817186753853825,0.628038945596251,38,69,22,21,16,48
0.736160714285714,0.781872218033794,0.584119623655914,40,60,19,15,21,45
0.759668508287293,0.785157461880841,0.633704640777029,33,47,17,11,16,36
0.719101384629681,0.764837043340897,0.620362939183164,34,54,16,16,18,38
0.723515472539727,0.767197282669572,0.653026652062797,34,55,14,19,20,36
0.732233270298298,0.781539843883129,0.580956559894691,39,53,17,13,22,40
0.731369080298501,0.766607294634419,0.611954788156161,39,46,19,15,20,31
0.701262825572218,0.73036122006723,0.619474962218336,33,47,14,17,19,30
0.77018864417805,0.836956973043744,0.573898110181417,34,53,16,11,18,42
0.75441673657185,0.798498149460756,0.680881960470337,31,51,12,14,19,37
0.741013130515893,0.782115767750222,0.568404527199708,33,55,17,12,16,43
0.62154714850367,0.665384915103514,0.610882058970515,35,58,10,12,25,46
0.705543995599244,0.774699770973035,0.621689508469521,33,51,11,11,22,40
0.712955625990491,0.763271672551031,0.609320557491289,38,70,17,19,21,51
0.707329192546584,0.773441342636897,0.618298649142023,35,55,16,19,19,36
0.775074718706048,0.837516573758837,0.596893661001378,36,56,17,17,19,39
0.73321777834842,0.791660133828901,0.635620535653314,37,59,22,26,15,33
0.739080940433045,0.784025887634904,0.545933402092235,34,66,17,14,17,52
0.719714964370546,0.773428396840348,0.627497703261369,37,56,15,11,22,45
0.788537790520344,0.834673430353981,0.584458934947989,39,57,22,17,17,40
0.719982106183534,0.758555741379804,0.602858408463182,39,62,14,13,25,49
0.680394701810436,0.725459537713019,0.582708645677161,48,58,20,11,28,47
0.789941688138089,0.84443919370248,0.673090318086836,41,59,27,24,14,35
0.726047765077595,0.780763102674282,0.617415115005477,34,55,18,19,16,36
0.735180010309558,0.787393786342261,0.611372370550162,29,64,17,19,12,45
0.725119047619048,0.777842971662553,0.531087015387514,40,69,21,16,19,53
0.682043547604188,0.731494783684465,0.554579328449845,46,57,17,11,29,46
0.771728250896655,0.818542094372103,0.631047827674334,38,55,18,13,20,42
0.751837597947438,0.800060588141256,0.532620408163265,46,75,24,22,22,53
0.705587750223177,0.744925222796332,0.634284534056782,53,73,27,22,26,51
0.734276729559748,0.768249319565803,0.575079872204473,28,48,13,12,15,36
0.678361259121354,0.753422450607605,0.550324936108069,37,55,18,17,19,38
0.795695317106895,0.81717416242046,0.583601691516062,39,71,19,22,20,49
0.794201005520505,0.824156006521945,0.600757527123323,32,37,17,11,15,26
0.695911914172784,0.753156695395535,0.603064343269956,35,61,17,20,18,41
0.741719413304863,0.776780141649216,0.645284452808338,31,44,15,12,16,32
0.747101509717241,0.799604810425276,0.582423857120993,38,69,18,23,20,46
0.742565721924098,0.790047042388325,0.608860476341845,41,69,19,17,22,52
0.781065088757396,0.835369452821776,0.575268431327515,39,56,22,16,17,40
0.741299982205953,0.756954943995381,0.576723643754234,31,62,11,8,20,54
0.772124447410126,0.802210718287026,0.67985050914648,38,53,18,20,20,33
